Event,Driver,Trip,Starttime,Endtime,LaneChangeStarttime,LaneChangeEndtime,DerivedEndtime
1,1,1,37290,39160,38790,38810,38860
2,1,1,96840,98850,98340,98360,98550
3,1,1,137950,139790,139450,139470,139490
4,1,16,100640,102640,102140,102160,102340
5,1,17,81860,83860,83360,83380,83560
6,1,42,89170,91170,90670,90690,90870
7,1,42,97130,99130,98630,98650,98830
8,1,42,102290,104220,103790,103820,103920
9,1,42,103060,104960,104560,104580,104660
10,1,42,152460,154460,153960,153980,154160
11,1,42,152970,154970,154470,154490,154670
12,1,43,52380,54380,53880,53900,54080
13,1,43,59640,61640,61140,61160,61340
14,1,43,102080,104010,103580,103610,103710
15,1,43,103250,105250,104750,104770,104950
16,1,43,103940,105920,105440,105460,105620
17,1,43,107070,109070,108570,108590,108770
18,1,43,109030,110910,110530,110550,110610
19,1,43,163560,165420,165060,165080,165120
20,1,43,172000,174000,173500,173520,173700
21,1,47,74590,76700,76090,76110,76400
22,1,47,86240,88160,87740,87760,87860
23,1,47,105960,107940,107460,107480,107640
24,1,47,111310,113290,112810,112830,112990
25,1,47,116570,118570,118070,118090,118270
26,1,47,133790,135660,135290,135310,135360
27,1,47,144210,146130,145710,145730,145830
28,1,47,163960,165960,165460,165480,165660
29,1,47,171830,173830,173330,173350,173530
30,1,47,178500,180510,180000,180020,180210
31,1,48,112240,114250,113740,113760,113950
32,1,48,113900,115900,115400,115420,115600
33,1,48,114430,116430,115930,115950,116130
34,1,48,114460,118710,115960,118400,118410
35,1,48,116910,118920,118410,118430,118620
36,1,48,120290,122190,121790,121810,121890
37,1,48,120320,124650,121820,124340,124350
38,1,48,122850,124860,124350,124370,124560
39,1,48,125370,127350,126870,126890,127050
40,1,48,126700,128700,128200,128220,128400
41,1,48,150970,152980,152470,152490,152680
42,1,48,158670,160680,160170,160190,160380
43,1,48,165460,167380,166960,166980,167080
44,1,48,166400,168280,167900,167920,167980
45,1,48,173100,174950,174600,174620,174650
46,1,48,177020,178960,178520,178540,178660
47,1,48,187250,189200,188750,188770,188900
48,1,48,192570,194550,194070,194090,194250
49,1,48,203590,205600,205090,205110,205300
50,1,48,205080,207060,206580,206600,206760
51,1,48,206700,208650,208200,208220,208350
52,1,48,207940,209870,209440,209460,209570
53,1,48,218870,220730,220370,220390,220430
54,1,48,219880,221840,221380,221400,221540
55,1,48,222420,224420,223920,223940,224120
56,1,48,223680,225690,225180,225200,225390
57,1,48,231610,233630,233110,233130,233330
58,1,48,233510,235510,235010,235030,235210
59,1,48,238150,240150,239650,239670,239850
60,1,48,258950,260950,260450,260470,260650
61,1,48,263000,264920,264500,264520,264620
62,1,48,269460,271390,270960,270980,271090
63,1,48,283440,285440,284940,284960,285140
64,1,48,312230,314230,313730,313750,313930
65,1,48,313950,315880,315450,315470,315580
66,1,48,317460,319320,318960,318980,319020
67,1,48,318610,320610,320110,320130,320310
68,1,48,324110,326010,325610,325630,325710
69,1,48,325830,327810,327330,327350,327510
70,1,48,330150,332110,331650,331670,331810
71,1,48,331480,333420,332980,333010,333120
72,1,48,346250,348250,347750,347770,347950
73,1,48,347340,349300,348840,348860,349000
74,1,48,356010,358010,357510,357530,357710
75,1,48,366130,368140,367630,367650,367840
76,1,48,368220,370130,369720,369740,369830
77,1,48,374800,376760,376300,376320,376460
78,1,48,400250,402130,401750,401770,401830
79,1,48,423400,425310,424900,424920,425010
80,1,48,425400,427310,426900,426920,427010
81,1,48,434890,436830,436390,436410,436530
82,1,48,443400,445360,444900,444920,445060
83,1,48,446830,448790,448330,448350,448490
84,1,48,447880,449880,449380,449400,449580
85,1,48,450060,452070,451560,451580,451770
86,1,48,454970,456970,456470,456490,456670
87,1,48,462810,464810,464310,464330,464510
88,1,48,464990,466920,466490,466510,466620
89,1,48,481160,483080,482660,482680,482780
90,1,48,481470,483300,482970,482990,483000
91,1,48,481500,487670,483000,487360,487370
92,1,48,485870,487840,487370,487390,487540
93,1,48,491130,493100,492630,492650,492800
94,1,48,500840,502840,502340,502360,502540
95,1,48,502190,504140,503690,503710,503840
96,1,48,514290,516190,515790,515810,515890
97,1,48,518600,520600,520100,520120,520300
98,1,48,526100,528100,527600,527620,527800
99,1,48,528560,530570,530060,530080,530270
100,1,48,541740,543740,543240,543260,543440
101,1,48,542760,544680,544260,544280,544380
102,1,48,552160,554160,553660,553680,553860
103,1,48,566450,568450,567950,567970,568150
104,1,48,591090,593100,592590,592610,592800
105,1,48,600200,602200,601700,601720,601900
106,1,48,627450,629450,628950,628970,629150
107,1,48,638840,640760,640340,640360,640460
108,1,48,642860,644750,644360,644380,644450
109,1,48,649830,651770,651330,651350,651470
110,1,48,683810,685770,685310,685330,685470
111,1,48,688850,690790,690350,690380,690490
112,1,48,694460,696320,695960,695980,696020
113,1,48,695420,697320,696920,696940,697020
114,1,48,699920,701920,701420,701440,701620
115,1,48,700640,702580,702140,702160,702280
116,1,48,705960,707860,707460,707480,707560
117,1,48,707120,709040,708620,708640,708740
118,1,48,710130,712110,711630,711650,711810
119,1,48,713650,715630,715150,715170,715330
120,1,48,721790,723740,723290,723310,723440
121,1,48,722900,724830,724400,724420,724530
122,1,48,727280,729200,728780,728800,728900
123,1,48,731170,733180,732670,732690,732880
124,1,48,732800,734690,734300,734320,734390
125,1,48,744900,746900,746400,746420,746600
126,1,48,747170,749140,748670,748690,748840
127,1,48,755010,757010,756510,756530,756710
128,1,48,758080,759960,759580,759600,759660
129,1,49,16750,18800,18250,18270,18500
130,1,49,29160,31080,30660,30680,30780
131,1,49,89120,91250,90620,90640,90950
132,1,49,89150,98160,90650,97850,97860
133,1,49,96360,98330,97860,97880,98030
134,1,49,100960,102880,102460,102480,102580
135,1,49,115010,117050,116510,116530,116750
136,1,49,131710,133710,133210,133230,133410
137,1,49,158080,160080,159580,159600,159780
138,1,49,166760,168760,168260,168280,168460
139,1,49,170770,172780,172270,172290,172480
140,1,49,170800,174810,172300,174500,174510
141,1,49,173010,174900,174510,174530,174600
142,1,49,174130,175990,175630,175650,175690
143,1,49,190330,192340,191830,191850,192040
144,1,49,231930,233990,233430,233450,233690
145,1,49,238760,240930,240260,240280,240630
146,1,49,264620,266620,266120,266140,266320
147,1,49,266690,268700,268190,268210,268400
148,1,49,267940,269950,269440,269460,269650
149,1,49,269420,271570,270920,270940,271270
150,1,49,283730,285740,285230,285250,285440
151,1,49,319610,321620,321110,321130,321320
152,1,49,327930,330170,329430,329450,329870
153,1,49,330550,332550,332050,332070,332250
154,1,49,338530,340550,340030,340050,340250
155,1,49,350950,352870,352450,352470,352570
156,1,49,440290,442290,441790,441810,441990
157,1,49,447360,449500,448860,448880,449200
158,1,49,447390,455480,448890,455170,455180
159,1,49,453680,455680,455180,455200,455380
160,1,49,460910,462910,462410,462430,462610
161,1,49,462090,464100,463590,463610,463800
162,1,49,476650,478510,478150,478170,478210
163,1,49,482260,484350,483760,483780,484050
164,1,49,485880,489280,487380,487400,488980
165,1,49,492880,494800,494380,494400,494500
166,1,49,501210,503150,502710,502730,502850
167,1,49,509620,511670,511120,511140,511370
168,1,49,524270,526280,525770,525800,525980
169,1,53,155730,157730,157230,157250,157430
170,1,53,209210,211210,210710,210730,210910
171,1,53,209820,211750,211320,211340,211450
172,1,53,282680,284560,284180,284200,284260
173,1,53,283180,285050,284680,284700,284750
174,1,53,290840,292730,292340,292360,292430
175,1,53,291860,293860,293360,293380,293560
176,1,53,291890,301350,293390,301040,301050
177,1,53,299550,301410,301050,301070,301110
178,1,53,379310,381140,380810,380830,380840
179,1,53,380750,382700,382250,382270,382400
180,1,53,430030,432160,431530,431550,431860
181,1,53,439860,441870,441360,441380,441570
182,1,53,473740,475570,475240,475260,475270
183,1,53,475410,477460,476910,476930,477160
184,1,53,510070,512070,511570,511590,511770
185,1,53,511680,513780,513180,513200,513480
186,1,53,527330,529310,528830,528850,529010
187,1,53,569780,571780,571280,571300,571480
188,1,53,577260,579270,578760,578780,578970
189,1,53,644850,646850,646350,646370,646550
190,1,54,28710,30700,30210,30230,30400
191,1,54,42630,44520,44130,44150,44220
192,1,54,74940,76950,76440,76460,76650
193,1,54,76800,78690,78300,78320,78390
194,1,54,92230,94230,93730,93750,93930
195,1,54,96430,98270,97930,97950,97970
196,1,54,122360,124310,123860,123880,124010
197,1,54,124220,126190,125720,125740,125890
198,1,54,172070,174140,173570,173590,173840
199,1,54,174340,176310,175840,175860,176010
200,1,54,181580,183690,183080,183100,183390
201,1,54,185390,187340,186890,186910,187040
202,1,54,187700,189710,189200,189220,189410
203,1,54,204060,206030,205560,205590,205730
204,1,54,207660,209660,209160,209180,209360
205,1,54,211190,213090,212690,212710,212790
206,1,54,229140,231000,230640,230660,230700
207,1,54,230770,232770,232270,232290,232470
208,1,54,236290,238290,237790,237810,237990
209,1,54,249990,251950,251490,251510,251650
210,1,54,287990,289990,289490,289510,289690
211,1,54,290470,292490,291970,291990,292190
212,1,54,322480,324350,323980,324000,324050
213,1,54,325990,328150,327490,327510,327850
214,1,54,330280,332280,331780,331800,331980
215,1,54,331870,333800,333370,333390,333500
216,1,54,370030,372030,371530,371550,371730
217,1,54,370060,373160,371560,372850,372860
218,1,54,371360,373340,372860,372880,373040
219,1,54,372390,374350,373890,373910,374050
220,1,54,383080,385070,384580,384600,384770
221,1,54,384660,386590,386160,386190,386290
222,1,54,393680,395540,395180,395200,395240
223,1,54,396680,398690,398180,398200,398390
224,1,54,402090,404090,403590,403610,403790
225,1,54,405250,407170,406750,406770,406870
226,1,54,468690,470640,470190,470210,470340
227,1,54,470020,472030,471520,471550,471730
228,1,54,521250,523250,522750,522770,522950
229,1,54,522680,524610,524180,524200,524310
230,1,54,532690,534690,534190,534210,534390
231,1,54,535490,537420,536990,537010,537120
232,1,54,553750,555760,555250,555270,555460
233,1,54,558640,560600,560140,560160,560300
234,1,54,576070,578070,577570,577590,577770
235,1,54,578540,580540,580040,580060,580240
236,1,54,597740,599740,599240,599260,599440
237,1,54,600170,602180,601670,601690,601880
238,1,54,603190,605200,604690,604720,604900
239,1,54,605550,607540,607050,607070,607240
240,1,54,625320,627400,626820,626840,627100
241,1,54,628410,630410,629910,629930,630110
242,1,54,679980,681860,681480,681500,681560
243,1,54,684240,686160,685740,685760,685860
244,1,54,702130,704190,703630,703650,703890
245,1,54,703250,705080,704750,704770,704780
246,1,54,718430,720540,719930,719950,720240
247,1,54,719630,721630,721130,721150,721330
248,1,54,728790,730750,730290,730310,730450
249,1,55,50790,52790,52290,52310,52490
250,1,55,55290,57290,56790,56810,56990
251,1,55,121230,123230,122730,122750,122930
252,1,55,125820,127820,127320,127340,127520
253,1,102,77450,79730,78950,78970,79430
254,1,102,92170,94170,93670,93690,93870
255,1,102,115410,117410,116910,116930,117110
256,1,102,117660,119660,119160,119180,119360
257,1,102,155630,157620,157130,157150,157320
258,1,103,64580,66690,66080,66100,66390
259,1,103,94770,96780,96270,96300,96480
260,1,103,114100,116100,115600,115630,115800
261,1,126,142750,144760,144250,144270,144460
262,1,126,149980,151980,151480,151500,151680
263,1,127,114150,116070,115650,115670,115770
264,1,155,84410,86410,85910,85930,86110
265,1,155,143580,145480,145080,145100,145180
266,1,155,163320,165320,164820,164840,165020
267,1,155,172100,174100,173600,173620,173800
268,1,157,113270,115270,114770,114790,114970
269,1,157,134140,136270,135640,135660,135970
270,1,181,88740,90740,90240,90260,90440
271,1,181,100380,102360,101880,101900,102060
272,1,181,111360,113320,112860,112880,113020
273,1,181,175970,177970,177470,177490,177670
274,1,182,114380,116340,115880,115900,116040
275,1,183,51010,53020,52510,52530,52720
276,2,1,40200,42390,41700,41720,42090
277,2,1,44360,46610,45860,45880,46310
278,2,6,40940,42950,42440,42460,42650
279,2,37,67960,70140,69460,69480,69840
280,2,37,81810,83810,83310,83330,83510
281,2,37,85460,87310,86960,86980,87010
282,2,37,98320,100200,99820,99840,99900
283,2,37,99340,101360,100840,100860,101060
284,2,37,140850,142850,142350,142370,142550
285,2,39,71990,73840,73490,73510,73540
286,2,39,124280,126380,125780,125800,126080
287,2,39,129400,131380,130900,130920,131080
288,2,39,134000,136050,135500,135520,135750
289,2,39,134030,136310,135530,136000,136010
290,2,39,134510,136340,136010,136030,136040
291,2,39,148180,150080,149680,149700,149780
292,2,39,148960,150870,150460,150480,150570
293,2,39,150720,152640,152220,152240,152340
294,2,39,168450,170580,169950,169970,170280
295,2,39,173190,175190,174690,174710,174890
296,2,39,178390,180400,179890,179910,180100
297,2,39,180850,182850,182350,182370,182550
298,2,72,15220,17190,16720,16740,16890
299,2,72,19290,21300,20790,20810,21000
300,2,72,20530,22530,22030,22050,22230
301,2,78,67240,69300,68740,68760,69000
302,2,78,99620,101620,101120,101140,101320
303,2,78,104960,106800,106460,106480,106500
304,2,80,57490,59490,58990,59010,59190
305,2,80,60740,62610,62240,62260,62310
306,2,80,85270,87150,86770,86800,86850
307,2,80,93890,95750,95390,95410,95450
308,2,80,126850,128860,128350,128370,128560
309,2,80,129860,131830,131360,131380,131530
310,2,80,135560,137460,137060,137090,137160
311,2,80,153650,155480,155150,155170,155180
312,2,80,168210,170210,169710,169730,169910
313,2,87,30070,31900,31570,31590,31600
314,2,87,30100,45720,31600,45410,45420
315,2,87,43920,45890,45420,45440,45590
316,2,87,48010,50010,49510,49530,49710
317,2,87,48980,50980,50480,50500,50680
318,2,87,59980,62100,61480,61500,61800
319,2,90,29390,31480,30890,30910,31180
320,2,90,30220,32310,31720,31740,32010
321,2,90,37140,38970,38640,38660,38670
322,2,90,78910,80920,80410,80440,80620
323,2,91,58580,60810,60080,60100,60510
324,2,91,59510,61360,61010,61030,61060
325,2,91,69840,71840,71340,71360,71540
326,2,91,102190,104140,103690,103710,103840
327,2,91,110210,112250,111710,111730,111950
328,2,91,114260,116260,115760,115780,115960
329,2,91,117420,119420,118920,118940,119120
330,2,91,170580,172580,172080,172100,172280
331,2,91,175310,177380,176810,176830,177080
332,2,91,175340,179590,176840,179280,179290
333,2,91,177790,179790,179290,179310,179490
334,2,91,179070,181080,180570,180590,180780
335,2,91,193320,195340,194820,194840,195040
336,2,126,12960,14790,14460,14480,14490
337,2,131,42110,43960,43610,43630,43660
338,2,131,71310,73240,72810,72830,72940
339,2,131,73480,75590,74980,75000,75290
340,2,131,95550,97390,97050,97070,97090
341,2,131,105440,107370,106940,106960,107070
342,2,131,123320,125170,124820,124840,124870
343,2,131,125710,127590,127210,127230,127290
344,2,131,225860,227980,227360,227380,227680
345,2,132,74230,76260,75730,75750,75960
346,2,132,76210,78210,77710,77730,77910
347,2,132,99340,101350,100840,100860,101050
348,2,132,100830,102830,102330,102350,102530
349,2,137,47190,49200,48690,48710,48900
350,2,137,69120,71140,70620,70640,70840
351,2,137,73420,75420,74920,74940,75120
352,2,137,78690,80570,80190,80210,80270
353,2,137,130470,132470,131970,131990,132170
354,2,137,131440,133480,132940,132960,133180
355,2,137,147260,149130,148760,148780,148830
356,2,137,149330,151330,150830,150850,151030
357,2,137,169310,171290,170810,170830,170990
358,2,137,184960,186790,186460,186480,186490
359,2,138,39040,41050,40540,40560,40750
360,2,138,81990,84030,83490,83510,83730
361,2,138,84510,86570,86010,86030,86270
362,2,138,102430,104440,103930,103950,104140
363,2,138,106750,108760,108250,108270,108460
364,2,139,57810,59910,59310,59330,59610
365,2,139,58900,60910,60400,60420,60610
366,2,139,65670,67510,67170,67190,67210
367,2,139,67300,69300,68800,68820,69000
368,2,139,95520,97560,97020,97040,97260
369,2,139,100740,102590,102240,102260,102290
370,2,139,102930,104880,104430,104450,104580
371,2,139,104620,106500,106120,106140,106200
372,2,139,133150,135050,134650,134670,134750
373,2,140,271550,273560,273050,273070,273260
374,2,140,278250,280230,279750,279770,279930
375,2,140,284340,286380,285840,285860,286080
376,2,140,325880,327930,327380,327400,327630
377,2,140,390990,392850,392490,392510,392550
378,2,148,62360,64260,63860,63880,63960
379,2,148,93160,95130,94660,94680,94830
380,2,148,96020,97920,97520,97540,97620
381,2,150,30060,32110,31560,31580,31810
382,2,150,30950,32950,32450,32470,32650
383,2,174,60910,62910,62410,62430,62610
384,2,174,70020,72040,71520,71540,71740
385,2,175,18590,20430,20090,20120,20130
386,2,175,30780,32790,32280,32300,32490
387,2,188,17420,19400,18920,18940,19100
388,2,188,17450,30630,18950,30320,30330
389,2,188,28830,30830,30330,30350,30530
390,2,188,30230,32230,31730,31750,31930
391,2,188,47620,49620,49120,49140,49320
392,2,188,49720,51760,51220,51240,51460
393,2,188,105460,107460,106960,106980,107160
394,2,190,84610,86470,86110,86130,86170
395,2,190,85790,87810,87290,87310,87510
396,2,190,91960,93950,93460,93480,93650
397,2,190,94140,96120,95640,95660,95820
398,2,190,111900,113900,113400,113420,113600
399,2,190,117140,119140,118640,118660,118840
400,2,190,124640,126530,126140,126160,126230
401,2,190,127760,129770,129260,129280,129470
402,2,190,129080,130960,130580,130600,130660
403,2,190,132790,134800,134290,134310,134500
404,2,190,133820,135830,135320,135340,135530
405,2,190,157280,159140,158780,158800,158840
406,2,190,158600,160590,160100,160120,160290
407,2,190,175340,177350,176840,176860,177050
408,2,190,178010,180110,179510,179530,179810
409,2,204,42630,44670,44130,44150,44370
410,2,204,46880,48740,48380,48400,48440
411,2,204,54200,56140,55700,55720,55840
412,2,205,39690,41710,41190,41210,41410
413,2,205,45160,47000,46660,46680,46700
414,2,205,53900,55900,55400,55420,55600
415,2,236,125730,127730,127230,127250,127430
416,2,236,179540,181400,181040,181060,181100
417,2,236,180730,182730,182230,182250,182430
418,2,236,189750,191750,191250,191270,191450
419,2,237,144540,146370,146040,146060,146070
420,2,237,146070,148010,147570,147590,147710
421,2,237,151470,153330,152970,152990,153030
422,2,238,32830,34830,34330,34350,34530
423,2,238,35930,37880,37430,37450,37580
424,2,238,36620,38640,38120,38140,38340
425,2,238,45000,46910,46500,46520,46610
426,2,249,45670,47600,47170,47190,47300
427,2,249,56600,58710,58100,58120,58410
428,2,249,56630,64700,58130,64390,64400
429,2,249,62900,64830,64400,64420,64530
430,2,249,79430,81550,80930,80950,81250
431,2,249,80760,82590,82260,82280,82290
432,2,249,97040,99020,98540,98560,98720
433,2,249,134520,136480,136020,136040,136180
434,2,249,135310,137280,136810,136830,136980
435,2,249,137150,139150,138650,138670,138850
436,2,253,116060,118060,117560,117580,117760
437,2,253,120330,122180,121830,121850,121880
438,2,253,151700,153800,153200,153220,153500
439,2,253,155680,157680,157180,157200,157380
440,2,253,155710,203490,157210,203180,203190
441,2,253,201690,203540,203190,203210,203240
442,2,253,202700,204550,204200,204220,204250
443,2,254,26090,28030,27590,27610,27730
444,2,254,27830,29710,29330,29350,29410
445,2,254,52640,54750,54140,54160,54450
446,2,254,52670,55690,54170,55380,55390
447,2,254,53890,55890,55390,55410,55590
448,2,254,61960,63980,63460,63480,63680
449,2,254,68600,70610,70100,70130,70310
450,2,254,112340,114350,113840,113860,114050
451,2,254,113430,115550,114930,114950,115250
452,2,254,141280,143280,142780,142800,142980
453,2,255,226060,227890,227560,227580,227590
454,2,255,226090,229080,227590,228770,228780
455,2,255,227280,229290,228780,228810,228990
456,2,286,38720,40560,40220,40240,40260
457,2,286,102730,104750,104230,104250,104450
458,2,286,105070,107070,106570,106590,106770
459,2,286,121370,123280,122870,122890,122980
460,2,286,121400,123670,122900,123360,123370
461,2,286,121870,123870,123370,123390,123570
462,2,286,124270,126320,125770,125790,126020
463,3,1,44340,46220,45840,45860,45920
464,3,1,45810,47820,47310,47330,47520
465,3,180,335130,337130,336630,336650,336830
466,3,180,349610,351600,351110,351130,351300
467,4,2,60600,62600,62100,62120,62300
468,4,2,67460,69480,68960,68980,69180
469,4,6,81240,83240,82740,82760,82940
470,4,6,228340,230320,229840,229860,230020
471,4,6,354670,356670,356170,356190,356370
472,4,6,364660,366560,366160,366180,366260
473,4,6,384450,386490,385950,385970,386190
474,4,6,395160,397160,396660,396680,396860
475,4,19,240850,242860,242350,242370,242560
476,4,19,242980,244980,244480,244500,244680
477,4,19,250660,252660,252160,252180,252360
478,4,19,258090,260090,259590,259610,259790
479,4,19,275680,277540,277180,277200,277240
480,4,19,280140,282030,281640,281660,281730
481,4,19,280850,282850,282350,282370,282550
482,4,19,288870,290730,290370,290390,290430
483,4,19,292560,294600,294060,294080,294300
484,4,19,295670,297610,297170,297190,297310
485,4,19,295700,300890,297200,300580,300590
486,4,19,299090,300920,300590,300610,300620
487,4,19,301380,303350,302880,302900,303050
488,4,19,302230,304110,303730,303750,303810
489,4,19,310650,312510,312150,312170,312210
490,4,19,312680,314810,314180,314200,314510
491,4,19,329330,331330,330830,330850,331030
492,4,19,332870,334870,334370,334390,334570
493,4,19,339480,341380,340980,341000,341080
494,4,19,362650,364520,364150,364170,364220
495,4,19,372940,374850,374440,374460,374550
496,4,19,375360,377350,376860,376880,377050
497,4,19,377620,379630,379120,379140,379330
498,4,19,379950,382210,381450,381470,381910
499,4,19,392360,394350,393860,393880,394050
500,4,19,394090,396120,395590,395610,395820
501,4,19,399110,401210,400610,400630,400910
502,4,22,161470,163410,162970,162990,163110
503,4,22,177920,179750,179420,179440,179450
504,4,22,180690,182570,182190,182210,182270
505,4,22,182320,184200,183820,183840,183900
506,4,22,267160,269160,268660,268680,268860
507,4,22,283350,285330,284850,284870,285030
508,4,22,298070,300070,299570,299590,299770
509,4,22,301640,303640,303140,303160,303340
510,4,22,308200,310040,309700,309720,309740
511,4,22,311310,313190,312810,312830,312890
512,4,22,322210,324210,323710,323730,323910
513,4,22,322830,324870,324330,324350,324570
514,4,22,326600,328600,328100,328120,328300
515,4,22,329330,331330,330830,330850,331030
516,4,30,76480,78480,77980,78000,78180
517,4,30,81940,83940,83440,83460,83640
518,4,30,100320,102330,101820,101840,102030
519,4,30,107390,109350,108890,108910,109050
520,4,30,174960,176970,176460,176490,176670
521,4,30,218540,220460,220040,220060,220160
522,4,30,224690,226690,226190,226210,226390
523,4,30,227540,229670,229040,229070,229370
524,4,30,235320,237320,236820,236840,237020
525,4,30,237300,239350,238800,238820,239050
526,4,30,242690,244660,244190,244210,244360
527,4,30,252880,254730,254380,254400,254430
528,4,30,272670,274600,274170,274190,274300
529,4,30,299250,301120,300750,300770,300820
530,4,31,96650,98540,98150,98170,98240
531,4,31,102470,104320,103970,103990,104020
532,4,31,103270,105120,104770,104790,104820
533,4,31,115650,117480,117150,117170,117180
534,4,31,117970,120000,119470,119490,119700
535,4,31,121370,123290,122870,122890,122990
536,4,31,165050,167020,166550,166570,166720
537,4,31,170790,172640,172290,172310,172340
538,4,31,224320,226170,225820,225840,225870
539,4,31,246810,248660,248310,248330,248360
540,4,31,249410,251250,250910,250930,250950
541,4,31,258320,260160,259820,259840,259860
542,4,31,260980,262910,262480,262500,262610
543,4,31,275480,277480,276980,277000,277180
544,4,31,301390,303270,302890,302910,302970
545,4,33,35150,37000,36650,36670,36700
546,4,33,40300,42200,41800,41820,41900
547,4,33,98040,99870,99540,99560,99570
548,4,33,99380,101390,100880,100900,101090
549,4,33,100090,102090,101590,101610,101790
550,4,33,122440,124440,123940,123960,124140
551,4,33,132530,134560,134030,134050,134260
552,4,33,138450,140460,139950,139970,140160
553,4,33,146720,148660,148220,148240,148360
554,4,33,148730,150740,150230,150250,150440
555,4,33,149360,151330,150860,150880,151030
556,4,33,153610,155640,155110,155130,155340
557,4,33,182910,184840,184410,184430,184540
558,4,33,183740,185760,185240,185260,185460
559,4,33,215780,218190,217280,217300,217890
560,4,33,216810,218850,218310,218330,218550
561,4,33,219470,221520,220970,220990,221220
562,4,33,230810,232810,232310,232330,232510
563,4,33,231430,233430,232930,232950,233130
564,4,33,238050,240220,239550,239570,239920
565,4,33,239310,241310,240810,240830,241010
566,4,33,240250,242260,241750,241770,241960
567,4,33,273630,275800,275130,275150,275500
568,4,38,84060,86060,85560,85580,85760
569,4,38,87310,89460,88810,88830,89160
570,4,38,122220,124150,123720,123740,123850
571,4,38,122720,124720,124220,124240,124420
572,4,38,214760,216820,216260,216280,216520
573,4,38,228150,230160,229650,229670,229860
574,4,38,248940,250810,250440,250460,250510
575,4,38,253160,255060,254660,254680,254760
576,4,41,96300,98300,97800,97820,98000
577,4,41,97170,99170,98670,98690,98870
578,4,41,98930,100920,100430,100450,100620
579,4,41,104820,106930,106320,106340,106630
580,4,41,111350,113350,112850,112870,113050
581,4,41,135300,137310,136800,136820,137010
582,4,41,142640,144640,144140,144160,144340
583,4,41,159410,161410,160910,160930,161110
584,4,41,169200,171320,170700,170720,171020
585,4,41,236880,238730,238380,238400,238430
586,4,41,241710,243710,243210,243230,243410
587,4,41,248500,250500,250000,250020,250200
588,4,41,251350,253410,252850,252870,253110
589,4,41,252750,254760,254250,254270,254460
590,4,41,255540,257540,257040,257060,257240
591,4,41,263430,265600,264930,264950,265300
592,4,41,312200,314420,313700,313730,314120
593,4,41,314360,316240,315860,315880,315940
594,4,44,32380,34210,33880,33900,33910
595,4,44,49960,51790,51460,51480,51490
596,4,44,75740,77590,77240,77260,77290
597,4,44,79220,81220,80720,80740,80920
598,4,44,80810,82840,82310,82330,82540
599,4,44,87500,89600,89000,89020,89300
600,4,44,89740,91740,91240,91260,91440
601,4,44,92560,94560,94060,94080,94260
602,4,44,97810,99660,99310,99330,99360
603,4,44,143510,145510,145010,145030,145210
604,4,44,143540,145810,145040,145500,145510
605,4,44,144010,146000,145510,145530,145700
606,4,44,148300,150190,149800,149820,149890
607,4,44,149450,151290,150950,150970,150990
608,4,44,151630,153520,153130,153150,153220
609,4,44,205660,207660,207160,207180,207360
610,4,44,215910,217840,217410,217430,217540
611,4,44,221130,222960,222630,222650,222660
612,4,44,224140,226100,225640,225660,225800
613,4,44,227040,228890,228540,228560,228590
614,4,44,231630,233750,233130,233150,233450
615,4,44,231660,233930,233160,233620,233630
616,4,44,232130,234130,233630,233650,233830
617,4,46,27530,29520,29030,29050,29220
618,4,46,28530,30430,30030,30050,30130
619,4,46,112490,114510,113990,114010,114210
620,4,46,114160,116150,115660,115680,115850
621,4,46,123470,125470,124970,124990,125170
622,4,46,126140,128170,127640,127660,127870
623,4,46,126940,128840,128440,128460,128540
624,4,46,134880,136830,136380,136400,136530
625,4,46,137330,139330,138830,138850,139030
626,4,46,162370,164370,163870,163890,164070
627,4,46,167210,169290,168710,168730,168990
628,4,46,167240,170730,168740,170420,170430
629,4,46,168930,170800,170430,170450,170500
630,4,46,207550,209430,209050,209070,209130
631,4,46,208300,210310,209800,209820,210010
632,4,46,216900,218810,218400,218420,218510
633,4,46,222770,224710,224270,224290,224410
634,4,46,227980,229960,229480,229500,229660
635,4,49,73310,75310,74810,74830,75010
636,4,49,75360,77320,76860,76880,77020
637,4,49,75600,77710,77100,77120,77410
638,4,49,111280,113370,112780,112800,113070
639,4,49,114240,116160,115740,115760,115860
640,4,49,257210,259260,258710,258730,258960
641,4,49,260110,262110,261610,261630,261810
642,4,49,260810,262810,262310,262330,262510
643,4,49,272950,274810,274450,274470,274510
644,4,49,297930,299860,299430,299450,299560
645,4,49,303130,305030,304630,304650,304730
646,4,49,318060,320060,319560,319580,319760
647,4,49,322160,324160,323660,323680,323860
648,4,49,324990,326990,326490,326510,326690
649,4,49,333240,335240,334740,334760,334940
650,4,49,397010,398970,398510,398530,398670
651,4,74,18250,20150,19750,19770,19850
652,4,74,19060,21060,20560,20580,20760
653,4,74,46810,48830,48310,48330,48530
654,4,74,49340,51350,50840,50860,51050
655,4,74,66130,68040,67630,67650,67740
656,4,74,96040,98050,97540,97560,97750
657,4,74,96880,98880,98380,98400,98580
658,4,74,100550,102540,102050,102070,102240
659,4,74,101970,103980,103470,103490,103680
660,4,77,185360,187210,186860,186880,186910
661,4,80,151550,153570,153050,153070,153270
662,4,80,155350,157360,156850,156870,157060
663,4,80,166240,168240,167740,167760,167940
664,4,80,219670,221510,221170,221190,221210
665,4,80,224230,226240,225730,225750,225940
666,4,80,248200,250200,249700,249720,249900
667,4,80,351370,353400,352870,352900,353100
668,4,80,353280,355280,354780,354800,354980
669,4,80,375130,377130,376630,376650,376830
670,4,81,40980,42980,42480,42500,42680
671,4,81,80210,82210,81710,81730,81910
672,4,81,101960,103810,103460,103480,103510
673,4,81,110480,112480,111980,112000,112180
674,4,81,116030,117950,117530,117550,117650
675,4,81,119970,121800,121470,121490,121500
676,4,81,141990,143950,143490,143510,143650
677,4,81,170140,172150,171640,171660,171850
678,4,81,172340,174350,173840,173860,174050
679,4,81,187680,189680,189180,189200,189380
680,4,81,189540,191370,191040,191060,191070
681,4,81,218940,220940,220440,220460,220640
682,4,81,219710,221630,221210,221230,221330
683,4,81,221220,223100,222720,222740,222800
684,4,81,223820,225860,225320,225340,225560
685,4,81,227000,229130,228500,228530,228830
686,4,81,228260,230250,229760,229780,229950
687,4,83,116880,118830,118380,118400,118530
688,4,83,122640,124750,124140,124160,124450
689,4,83,123240,125300,124740,124760,125000
690,4,83,135830,137840,137330,137350,137540
691,4,83,179020,181050,180520,180540,180750
692,4,83,181130,183060,182630,182650,182760
693,4,83,182470,184470,183970,183990,184170
694,4,83,187440,189440,188940,188960,189140
695,4,83,195520,197530,197020,197040,197230
696,4,83,226820,228750,228320,228340,228450
697,4,83,283140,285020,284640,284660,284720
698,4,83,284370,286600,285870,285890,286300
699,4,83,297580,299550,299080,299100,299250
700,4,83,350230,352110,351730,351750,351810
701,4,85,44640,46640,46140,46160,46340
702,4,85,65570,67420,67070,67090,67120
703,4,85,186390,188370,187890,187910,188070
704,4,85,189540,191550,191040,191060,191250
705,4,85,214670,216550,216170,216190,216250
706,4,85,220390,222400,221890,221910,222100
707,4,85,224080,226020,225580,225600,225720
708,4,85,225370,227250,226870,226900,226950
709,4,85,228790,230650,230290,230310,230350
710,4,85,255000,257010,256500,256520,256710
711,4,85,266010,268040,267510,267530,267740
712,4,97,47000,49000,48500,48520,48700
713,4,97,49480,51370,50980,51000,51070
714,4,97,53450,55450,54950,54970,55150
715,4,97,123010,124960,124510,124530,124660
716,4,97,124300,126330,125800,125820,126030
717,4,97,124970,126970,126470,126490,126670
718,4,97,141390,143400,142890,142910,143100
719,4,97,150410,152430,151910,151930,152130
720,4,97,152940,154940,154440,154460,154640
721,4,97,157960,160040,159460,159480,159740
722,4,97,206420,208500,207920,207940,208200
723,4,97,208730,210710,210230,210250,210410
724,4,97,212370,214350,213870,213890,214050
725,4,97,215890,217760,217390,217410,217460
726,4,97,243020,245020,244520,244540,244720
727,4,97,244100,246100,245600,245620,245800
728,4,97,272510,274360,274010,274030,274060
729,4,99,36010,38010,37510,37530,37710
730,4,99,71340,73250,72840,72860,72950
731,4,99,218030,220090,219530,219550,219790
732,4,99,219130,221080,220630,220650,220780
733,4,99,235830,237830,237330,237350,237530
734,4,99,249280,251180,250780,250800,250880
735,4,99,252910,254910,254410,254430,254610
736,4,99,262150,264150,263650,263670,263850
737,4,99,264690,266600,266190,266220,266300
738,4,99,274570,276570,276070,276090,276270
739,4,99,276570,278570,278070,278090,278270
740,4,99,300990,303030,302490,302510,302730
741,4,121,25630,27620,27130,27150,27320
742,4,121,84280,86280,85780,85800,85980
743,4,121,102520,104390,104020,104040,104090
744,4,121,108410,110410,109910,109930,110110
745,4,121,114570,116450,116070,116090,116150
746,4,121,120090,122060,121590,121610,121760
747,4,122,89100,91100,90600,90620,90800
748,4,122,89670,91610,91170,91190,91310
749,4,124,37840,39680,39340,39360,39380
750,4,124,77630,79640,79130,79150,79340
751,4,124,101380,103380,102880,102900,103080
752,4,124,113350,115340,114850,114870,115040
753,4,124,116060,118060,117560,117580,117760
754,4,124,138750,140790,140250,140270,140490
755,4,124,143520,145650,145020,145040,145350
756,4,124,205850,207860,207350,207370,207560
757,4,124,232420,234430,233920,233940,234130
758,4,124,233930,235810,235430,235450,235510
759,4,124,258660,260670,260160,260180,260370
760,4,124,260690,262600,262190,262210,262300
761,4,125,46640,48750,48140,48170,48450
762,4,125,48780,50760,50280,50300,50460
763,4,125,100530,102530,102030,102050,102230
764,4,125,115870,117750,117370,117390,117450
765,4,125,152450,154330,153950,153970,154030
766,4,125,196220,198130,197720,197740,197830
767,4,125,227950,229780,229450,229470,229480
768,4,125,248380,250490,249880,249900,250190
769,4,125,249400,251410,250900,250920,251110
770,4,126,69220,71230,70720,70740,70930
771,4,126,69830,71820,71330,71350,71520
772,4,126,140680,142650,142180,142200,142350
773,4,126,142770,144730,144270,144300,144430
774,4,126,143680,145670,145180,145200,145370
775,4,126,144190,146130,145690,145710,145830
776,4,126,160140,161970,161640,161660,161670
777,4,126,172960,174790,174460,174480,174490
778,4,126,175080,177040,176580,176600,176740
779,4,126,175990,177920,177490,177510,177620
780,4,126,176560,178570,178060,178080,178270
781,4,126,269900,271900,271400,271420,271600
782,4,126,275650,277540,277150,277170,277240
783,4,129,28430,30370,29930,29950,30070
784,4,129,50160,52100,51660,51680,51800
785,4,129,50960,52960,52460,52480,52660
786,4,129,54150,56120,55650,55670,55820
787,4,129,88480,90480,89980,90000,90180
788,4,129,100570,102630,102070,102090,102330
789,4,129,105930,107930,107430,107450,107630
790,4,129,107160,109190,108660,108680,108890
791,4,129,113060,115110,114560,114590,114810
792,4,129,122090,124090,123590,123610,123790
793,4,129,157810,159810,159310,159330,159510
794,4,129,160530,162520,162030,162050,162220
795,4,129,161030,163130,162530,162550,162830
796,4,129,172440,174300,173940,173970,174000
797,4,129,212590,214460,214090,214110,214160
798,4,129,231440,233410,232940,232960,233110
799,4,129,236730,238730,238230,238250,238430
800,4,129,239860,241810,241360,241380,241510
801,4,129,240540,242400,242040,242060,242100
802,4,129,241540,243470,243040,243060,243170
803,4,129,242030,243930,243530,243560,243630
804,4,129,243790,245790,245290,245310,245490
805,4,140,19010,21120,20510,20530,20820
806,4,140,25700,27700,27200,27220,27400
807,4,140,29330,31290,30830,30850,30990
808,4,140,165620,167630,167120,167140,167330
809,4,140,177220,179220,178720,178740,178920
810,4,140,223350,225460,224850,224870,225160
811,4,140,234170,236060,235670,235690,235760
812,4,140,243510,245510,245010,245030,245210
813,4,140,245290,247290,246790,246810,246990
814,4,140,248550,250530,250050,250070,250230
815,4,140,255100,257090,256600,256620,256790
816,4,140,257610,259610,259110,259130,259310
817,4,140,272200,274160,273700,273720,273860
818,4,140,287290,289300,288790,288810,289000
819,4,140,322040,324050,323540,323570,323750
820,4,140,326080,328090,327580,327600,327790
821,4,140,326110,333930,327610,333620,333630
822,4,140,332130,334160,333630,333650,333860
823,4,140,334550,336550,336050,336070,336250
824,4,140,335860,337880,337360,337380,337580
825,4,140,337320,339320,338820,338840,339020
826,4,143,72910,74910,74410,74430,74610
827,4,143,121320,123290,122820,122840,122990
828,4,143,138810,140830,140310,140340,140530
829,4,143,144040,146040,145540,145560,145740
830,4,143,165340,167170,166840,166860,166870
831,4,143,187070,189070,188570,188590,188770
832,4,143,200130,201960,201630,201650,201660
833,4,143,206350,208200,207850,207870,207900
834,4,143,244630,246520,246130,246150,246220
835,4,143,250470,252480,251970,251990,252180
836,4,143,251610,253450,253110,253130,253150
837,4,143,258940,260770,260440,260460,260470
838,4,143,261880,263810,263380,263400,263510
839,4,143,262550,264380,264050,264070,264080
840,4,148,14320,16430,15820,15840,16130
841,4,148,112780,114630,114280,114300,114330
842,4,148,157550,159600,159050,159070,159300
843,4,148,217780,219780,219280,219300,219480
844,4,148,219910,221820,221410,221430,221520
845,4,151,89220,91330,90720,90740,91030
846,4,151,91480,93490,92980,93000,93190
847,4,151,129900,131910,131400,131420,131610
848,4,151,137220,139280,138720,138740,138980
849,4,151,148710,150830,150210,150230,150530
850,4,151,227280,229250,228780,228800,228950
851,4,151,235040,237040,236540,236560,236740
852,4,151,235830,237830,237330,237350,237530
853,4,151,235860,238140,237360,237830,237840
854,4,151,236340,238220,237840,237860,237920
855,4,151,264890,266790,266390,266410,266490
856,4,151,292120,294120,293620,293640,293820
857,4,151,294160,296160,295660,295680,295860
858,4,158,76510,78510,78010,78030,78210
859,4,158,91940,93950,93440,93460,93650
860,4,158,91970,94250,93470,93940,93950
861,4,158,92450,94320,93950,93970,94020
862,4,158,95000,97470,96500,96520,97170
863,4,158,101360,103370,102860,102880,103070
864,4,160,8440,10350,9940,9960,10050
865,4,160,14760,16770,16260,16280,16470
866,4,160,31020,32880,32520,32540,32580
867,4,163,24190,26160,25690,25710,25860
868,4,163,34750,36750,36250,36270,36450
869,4,163,68660,70860,70160,70180,70560
870,4,163,71650,73660,73150,73170,73360
871,4,163,144000,145990,145500,145520,145690
872,4,163,151520,153450,153020,153040,153150
873,4,163,154390,156290,155890,155910,155990
874,4,163,177580,179580,179080,179100,179280
875,4,167,81060,83060,82560,82580,82760
876,4,167,94660,96490,96160,96180,96190
877,4,167,103700,105920,105200,105220,105620
878,4,167,116670,118680,118170,118190,118380
879,4,169,66190,68290,67690,67710,67990
880,4,169,78330,80340,79830,79850,80040
881,4,169,105060,107180,106560,106580,106880
882,4,169,112470,114390,113970,113990,114090
883,4,169,135290,137140,136790,136810,136840
884,4,177,162120,164120,163620,163640,163820
885,4,177,163060,164930,164560,164580,164630
886,4,177,172400,174370,173900,173920,174070
887,4,177,173630,175640,175130,175150,175340
888,4,177,186390,188260,187890,187910,187960
889,4,177,188110,190100,189610,189630,189800
890,4,178,33320,35180,34820,34840,34880
891,4,178,43860,45860,45360,45380,45560
892,4,178,60740,62770,62240,62260,62470
893,4,178,71140,73140,72640,72660,72840
894,4,178,75410,77270,76910,76930,76970
895,4,178,76820,78820,78320,78340,78520
896,4,186,36270,38280,37770,37800,37980
897,4,186,42090,44090,43590,43610,43790
898,4,186,46170,48210,47670,47690,47910
899,4,186,70850,72830,72350,72370,72530
900,4,186,78120,80230,79620,79640,79930
901,4,186,92560,94390,94060,94080,94090
902,4,186,100750,102890,102250,102270,102590
903,4,186,104350,106350,105850,105870,106050
904,4,186,134240,136250,135740,135760,135950
905,4,186,136230,138360,137730,137750,138060
906,4,186,160940,162860,162440,162460,162560
907,4,186,173030,175030,174530,174550,174730
908,4,186,182480,184680,183980,184000,184380
909,4,186,188230,190230,189730,189750,189930
910,4,187,38480,40350,39980,40000,40050
911,4,187,44740,46740,46240,46260,46440
912,4,187,44770,47040,46270,46730,46740
913,4,187,45240,47190,46740,46760,46890
914,4,187,102730,104730,104230,104250,104430
915,4,187,107390,109400,108890,108910,109100
916,4,187,128620,130560,130120,130140,130260
917,4,187,172990,174990,174490,174510,174690
918,4,187,175340,177340,176840,176860,177040
919,4,187,175370,177640,176870,177330,177340
920,4,187,175840,177840,177340,177360,177540
921,4,187,190610,192660,192110,192130,192360
922,4,187,226200,228210,227700,227720,227910
923,4,187,249760,251860,251260,251280,251560
924,4,187,256470,258480,257970,257990,258180
925,4,187,258900,260870,260400,260420,260570
926,4,189,107600,109600,109100,109120,109300
927,4,189,114030,115930,115530,115550,115630
928,4,189,128040,130040,129540,129560,129740
929,4,189,129380,131380,130880,130900,131080
930,4,189,138010,139860,139510,139530,139560
931,4,189,145240,147250,146740,146760,146950
932,4,189,147470,149480,148970,148990,149180
933,4,189,167260,169220,168760,168780,168920
934,4,189,233830,235850,235330,235350,235550
935,4,189,274050,276170,275550,275570,275870
936,4,194,100610,102630,102110,102130,102330
937,4,194,110500,112500,112000,112020,112200
938,4,194,126420,128420,127920,127940,128120
939,4,194,163750,165590,165250,165270,165290
940,4,194,243830,245830,245330,245350,245530
941,4,194,256600,258740,258100,258120,258440
942,4,194,263030,265060,264530,264550,264760
943,4,194,274750,276750,276250,276270,276450
944,4,194,277030,279040,278530,278550,278740
945,4,194,730070,732010,731570,731590,731710
946,4,194,761440,763400,762940,762960,763100
947,4,194,763530,765540,765030,765050,765240
948,4,194,802350,804180,803850,803870,803880
949,4,199,87830,89830,89330,89350,89530
950,4,199,88400,90520,89900,89920,90220
951,4,199,102420,104420,103920,103940,104120
952,4,199,146680,148680,148180,148200,148380
953,4,199,154420,156440,155920,155940,156140
954,4,199,173380,175560,174880,174900,175260
955,4,199,184440,186520,185940,185960,186220
956,4,199,206560,208690,208060,208080,208390
957,4,199,208460,210460,209960,209980,210160
958,4,199,236700,238700,238200,238220,238400
959,4,199,268480,270340,269980,270000,270040
960,4,199,271080,272920,272580,272600,272620
961,4,201,70780,72610,72280,72300,72310
962,4,201,83000,84850,84500,84520,84550
963,4,201,103760,105690,105260,105280,105390
964,4,201,149170,151070,150670,150690,150770
965,4,201,184240,186120,185740,185760,185820
966,4,201,231430,233270,232930,232950,232970
967,4,201,232550,234550,234050,234070,234250
968,4,201,236220,238090,237720,237740,237790
969,4,205,58300,60130,59800,59820,59830
970,4,205,137070,139070,138570,138590,138770
971,4,205,163580,165590,165080,165100,165290
972,4,205,179460,181420,180960,180980,181120
973,4,205,271480,273480,272980,273000,273180
974,4,205,335300,337140,336800,336820,336840
975,4,207,50280,52410,51780,51800,52110
976,4,207,113650,115660,115150,115170,115360
977,4,207,152690,154690,154190,154210,154390
978,4,207,154260,156220,155760,155780,155920
979,4,207,157780,159620,159280,159300,159320
980,4,207,173350,175350,174850,174870,175050
981,4,207,192850,194870,194350,194370,194570
982,4,207,194380,196210,195880,195900,195910
983,4,207,206140,207980,207640,207660,207680
984,4,207,207450,209450,208950,208970,209150
985,4,207,213280,215290,214780,214800,214990
986,4,207,237140,238980,238640,238660,238680
987,4,207,237640,239640,239140,239160,239340
988,4,207,241550,243550,243050,243070,243250
989,4,207,280500,282500,282000,282020,282200
990,4,207,283870,285870,285370,285390,285570
991,4,207,342570,344440,344070,344090,344140
992,4,208,40370,42200,41870,41890,41900
993,4,208,128310,130310,129810,129830,130010
994,4,208,224290,226290,225790,225810,225990
995,4,208,261220,263060,262720,262740,262760
996,4,208,275580,277580,277080,277100,277280
997,4,235,186030,187860,187530,187550,187560
998,4,239,71880,73880,73380,73400,73580
999,4,239,74570,76580,76070,76090,76280
1000,4,239,75490,77480,76990,77010,77180
1001,4,239,117340,119340,118840,118860,119040
1002,4,239,122690,124560,124190,124210,124260
1003,4,239,143500,145470,145000,145020,145170
1004,4,239,147700,149710,149200,149220,149410
1005,4,239,172000,173830,173500,173520,173530
1006,4,239,175380,177390,176880,176900,177090
1007,4,239,242010,244020,243510,243530,243720
1008,4,239,243640,245730,245140,245160,245430
1009,4,239,250420,252420,251920,251940,252120
1010,4,239,286360,288520,287860,287880,288220
1011,4,239,312130,314100,313630,313650,313800
1012,4,242,65590,67680,67090,67110,67380
1013,4,242,94090,96110,95590,95610,95810
1014,4,242,172690,174690,174190,174210,174390
1015,4,242,199590,201520,201090,201110,201220
1016,4,242,208690,210520,210190,210210,210220
1017,4,242,210480,212340,211980,212000,212040
1018,4,242,250220,252080,251720,251740,251780
1019,4,242,250720,252740,252220,252240,252440
1020,4,242,253940,255940,255440,255460,255640
1021,4,251,71470,73470,72970,72990,73170
1022,4,251,79550,81550,81050,81070,81250
1023,4,251,84090,86070,85590,85610,85770
1024,4,251,110970,112820,112470,112490,112520
1025,4,251,117810,119640,119310,119330,119340
1026,4,251,143850,145860,145350,145370,145560
1027,4,251,146960,148990,148460,148480,148690
1028,4,251,172590,174590,174090,174110,174290
1029,4,251,182990,184830,184490,184510,184530
1030,4,251,308830,310730,310330,310350,310430
1031,4,251,320600,322600,322100,322120,322300
1032,4,251,323980,325890,325480,325500,325590
1033,4,251,359940,361910,361440,361460,361610
1034,4,251,386910,389000,388410,388430,388700
1035,4,251,387850,389690,389350,389370,389390
1036,4,252,103630,105680,105130,105160,105380
1037,4,252,107200,109200,108700,108720,108900
1038,4,252,110620,112610,112120,112140,112310
1039,4,252,190140,192180,191640,191660,191880
1040,4,252,195060,196890,196560,196580,196590
1041,4,252,278030,280030,279530,279550,279730
1042,4,252,281570,283570,283070,283090,283270
1043,4,279,34940,36850,36440,36460,36550
1044,4,279,52880,54880,54380,54400,54580
1045,4,279,57060,58900,58560,58580,58600
1046,4,279,73230,75230,74730,74750,74930
1047,4,279,115240,117310,116740,116760,117010
1048,4,280,35260,37360,36760,36780,37060
1049,4,280,51080,53080,52580,52600,52780
1050,4,280,70280,72110,71780,71800,71810
1051,4,280,84970,86870,86470,86490,86570
1052,4,280,86120,88130,87620,87640,87830
1053,4,280,87230,89130,88730,88750,88830
1054,4,291,26240,28240,27740,27760,27940
1055,4,291,39040,41030,40540,40560,40730
1056,4,291,46740,48680,48240,48260,48380
1057,4,291,56360,58370,57860,57880,58070
1058,4,291,62310,64310,63810,63830,64010
1059,4,291,73670,75670,75170,75190,75370
1060,4,291,111490,113550,112990,113010,113250
1061,4,291,131620,133730,133120,133140,133430
1062,4,291,161440,163550,162940,162960,163250
1063,4,291,171070,173070,172570,172590,172770
1064,4,291,177600,179430,179100,179120,179130
1065,4,291,248990,250990,250490,250510,250690
1066,4,292,42390,44340,43890,43910,44040
1067,4,292,87610,89490,89110,89130,89190
1068,4,292,105860,107860,107360,107380,107560
1069,4,292,114610,116620,116110,116140,116320
1070,4,292,125000,126950,126500,126520,126650
1071,4,292,146360,148390,147860,147880,148090
1072,4,292,167960,169970,169460,169480,169670
1073,4,292,181620,183720,183120,183140,183420
1074,4,292,219290,221290,220790,220810,220990
1075,4,292,238430,240380,239930,239950,240080
1076,4,292,244460,246450,245960,245980,246150
1077,4,292,252470,254430,253970,253990,254130
1078,4,292,255890,257730,257390,257410,257430
1079,4,294,108170,110240,109670,109690,109940
1080,4,294,168820,170680,170320,170340,170380
1081,4,294,171470,173470,172970,172990,173170
1082,4,294,175710,177710,177210,177230,177410
1083,4,294,180190,182020,181690,181710,181720
1084,4,294,207830,209680,209330,209350,209380
1085,4,294,215010,217100,216510,216530,216800
1086,4,294,229110,231200,230610,230630,230900
1087,4,294,231680,233680,233180,233200,233380
1088,4,294,233550,235450,235050,235080,235150
1089,4,294,234060,235890,235560,235580,235590
1090,4,294,239870,241730,241370,241390,241430
1091,4,294,242760,244590,244260,244280,244290
1092,4,294,243600,245620,245100,245120,245320
1093,4,294,246830,248660,248330,248350,248360
1094,4,294,266400,268400,267900,267920,268100
1095,4,294,266900,268780,268400,268420,268480
1096,4,294,270730,272740,272230,272250,272440
1097,4,294,295800,297800,297300,297320,297500
1098,4,294,300040,301960,301540,301560,301660
1099,4,294,354730,356890,356230,356250,356590
1100,4,296,24920,26920,26420,26440,26620
1101,4,296,28690,30620,30190,30210,30320
1102,4,296,32220,34150,33720,33740,33850
1103,4,296,47740,49870,49240,49260,49570
1104,4,296,53330,55170,54830,54850,54870
1105,4,296,73210,75430,74710,74730,75130
1106,4,296,93570,95400,95070,95090,95100
1107,4,296,95050,97060,96550,96570,96760
1108,4,296,143070,145080,144570,144590,144780
1109,4,296,144410,146410,145910,145930,146110
1110,4,296,151690,153690,153190,153210,153390
1111,4,296,164970,167070,166470,166490,166770
1112,4,296,171440,173330,172940,172960,173030
1113,4,296,200620,202610,202120,202140,202310
1114,4,296,203000,205010,204500,204520,204710
1115,4,296,228030,230110,229530,229550,229810
1116,4,296,228530,230390,230030,230050,230090
1117,5,1,62570,64550,64070,64090,64250
1118,5,7,41550,43560,43050,43070,43260
1119,5,14,30290,32290,31790,31810,31990
1120,5,18,83760,85700,85260,85280,85400
1121,5,18,102300,104160,103800,103820,103860
1122,5,18,116930,118940,118430,118450,118640
1123,5,18,176320,178260,177820,177840,177960
1124,5,19,16540,18550,18040,18060,18250
1125,5,19,50480,52530,51980,52000,52230
1126,5,19,81620,83630,83120,83140,83330
1127,5,19,109680,111680,111180,111200,111380
1128,5,19,116830,118840,118330,118350,118540
1129,5,20,33310,35210,34810,34830,34910
1130,5,20,54340,56190,55840,55860,55890
1131,5,20,59160,61020,60660,60680,60720
1132,5,20,61570,63410,63070,63090,63110
1133,5,20,72600,74600,74100,74120,74300
1134,5,20,90120,92120,91620,91640,91820
1135,5,20,97660,99590,99160,99180,99290
1136,5,20,107890,109890,109390,109410,109590
1137,5,20,111860,113860,113360,113380,113560
1138,5,21,15080,17080,16580,16600,16780
1139,5,21,25640,27610,27140,27160,27310
1140,5,21,26720,28720,28220,28240,28420
1141,5,21,56480,58490,57980,58000,58190
1142,5,21,67410,69410,68910,68930,69110
1143,5,21,82200,84320,83700,83720,84020
1144,5,21,95130,97050,96630,96650,96750
1145,5,21,127670,129590,129170,129190,129290
1146,5,22,26090,27930,27590,27610,27630
1147,5,22,52140,54140,53640,53660,53840
1148,5,22,61450,63570,62950,62970,63270
1149,5,22,95630,97560,97130,97150,97260
1150,5,22,122090,124040,123590,123610,123740
1151,5,22,123360,125290,124860,124880,124990
1152,5,22,133240,135250,134740,134760,134950
1153,5,22,159940,162340,161440,161460,162040
1154,5,22,172510,174510,174010,174030,174210
1155,5,22,195960,197970,197460,197480,197670
1156,5,22,196490,198500,197990,198010,198200
1157,5,22,201730,203680,203230,203250,203380
1158,5,22,241660,243610,243160,243180,243310
1159,5,25,209160,211160,210660,210680,210860
1160,5,26,83190,85240,84690,84710,84940
1161,5,26,84970,86980,86470,86490,86680
1162,5,26,96900,98840,98400,98420,98540
1163,5,26,111720,113650,113220,113240,113350
1164,5,26,119200,121210,120700,120720,120910
1165,5,26,122190,124160,123690,123710,123860
1166,5,26,128270,130270,129770,129790,129970
1167,5,26,128300,157260,129800,156950,156960
1168,5,26,155460,157460,156960,156980,157160
1169,5,26,192880,194860,194380,194400,194560
1170,5,26,195850,197850,197350,197370,197550
1171,5,28,49200,51110,50700,50720,50810
1172,5,28,54730,56620,56230,56250,56320
1173,5,28,61160,63140,62660,62680,62840
1174,5,28,88350,90360,89850,89870,90060
1175,5,28,109580,111460,111080,111100,111160
1176,5,28,114290,116410,115790,115810,116110
1177,5,34,121370,123250,122870,122890,122950
1178,5,34,124130,126010,125630,125650,125710
1179,5,49,26950,28890,28450,28470,28590
1180,5,49,50730,52710,52230,52250,52410
1181,5,49,66790,68690,68290,68320,68390
1182,5,49,86630,88610,88130,88150,88310
1183,5,49,86660,103400,88160,103090,103100
1184,5,49,101600,103600,103100,103120,103300
1185,5,49,114390,116340,115890,115910,116040
1186,5,55,33430,35420,34930,34950,35120
1187,5,55,39050,41040,40550,40570,40740
1188,5,55,46850,48730,48350,48370,48430
1189,5,55,58460,60310,59960,59980,60010
1190,5,55,60300,62180,61800,61820,61880
1191,5,55,84600,86540,86100,86120,86240
1192,5,55,89780,91720,91280,91300,91420
1193,5,55,121260,123130,122760,122780,122830
1194,5,55,129930,131910,131430,131450,131610
1195,5,57,54070,55920,55570,55590,55620
1196,5,57,67730,69630,69230,69250,69330
1197,5,57,69460,71460,70960,70980,71160
1198,5,57,80550,82570,82050,82070,82270
1199,5,57,88520,90520,90020,90040,90220
1200,5,57,91000,93060,92500,92520,92760
1201,5,57,104640,106550,106140,106160,106250
1202,5,57,118560,120410,120060,120080,120110
1203,5,57,120970,122870,122470,122490,122570
1204,5,57,125380,127300,126880,126900,127000
1205,5,57,129790,131750,131290,131310,131450
1206,5,57,138880,140820,140380,140400,140520
1207,5,73,20140,22020,21640,21660,21720
1208,5,75,48830,50840,50330,50350,50540
1209,5,82,43780,45640,45280,45300,45340
1210,5,82,47140,49080,48640,48660,48780
1211,5,84,11860,13810,13360,13380,13510
1212,5,84,35110,37100,36610,36630,36800
1213,5,84,35860,37860,37360,37380,37560
1214,5,93,63730,65820,65230,65250,65520
1215,5,93,97940,99920,99440,99460,99620
1216,5,102,38730,40740,40230,40250,40440
1217,5,103,18730,20850,20230,20250,20550
1218,5,105,47670,49560,49170,49190,49260
1219,5,105,49420,51430,50920,50940,51130
1220,5,105,58300,60440,59800,59830,60140
1221,5,105,60710,62600,62210,62230,62300
1222,5,105,64450,66290,65950,65970,65990
1223,5,105,87120,89010,88620,88640,88710
1224,5,105,88900,90820,90400,90420,90520
1225,5,105,125600,127570,127100,127120,127270
1226,5,105,130950,132890,132450,132470,132590
1227,5,105,132370,134370,133870,133890,134070
1228,5,105,136020,137980,137520,137540,137680
1229,5,109,32700,34760,34200,34220,34460
1230,5,109,39870,41870,41370,41390,41570
1231,5,111,23780,25780,25280,25300,25480
1232,5,111,28070,30020,29570,29590,29720
1233,5,111,31670,33590,33170,33190,33290
1234,5,112,72780,74640,74280,74300,74340
1235,5,112,73870,75750,75370,75390,75450
1236,5,112,80570,82510,82070,82090,82210
1237,5,112,82020,83900,83520,83540,83600
1238,5,113,47840,49890,49340,49360,49590
1239,5,113,51290,53450,52790,52810,53150
1240,5,122,29260,31260,30760,30780,30960
1241,5,122,177600,179590,179100,179120,179290
1242,5,122,195600,197570,197100,197130,197270
1243,5,122,224120,226020,225620,225640,225720
1244,5,122,241290,243200,242790,242810,242900
1245,5,125,121580,123590,123080,123100,123290
1246,5,125,174340,176310,175840,175860,176010
1247,5,125,211980,213880,213480,213500,213580
1248,5,125,230010,232000,231510,231530,231700
1249,5,125,236790,238800,238290,238310,238500
1250,5,125,251920,253790,253420,253440,253490
1251,5,125,279590,281490,281090,281110,281190
1252,5,125,281140,283140,282640,282660,282840
1253,5,125,367620,369620,369120,369140,369320
1254,5,126,37650,39660,39150,39170,39360
1255,5,126,49370,51370,50870,50890,51070
1256,5,128,201760,203600,203260,203280,203300
1257,5,128,214150,216090,215650,215670,215790
1258,5,128,217080,219080,218580,218600,218780
1259,5,128,220130,222070,221630,221650,221770
1260,5,128,232990,235100,234490,234510,234800
1261,5,128,289570,291550,291070,291090,291250
1262,5,128,300980,302890,302480,302500,302590
1263,5,128,303430,305320,304930,304960,305020
1264,5,129,23300,25300,24800,24820,25000
1265,5,129,24370,26260,25870,25890,25960
1266,5,129,26670,28670,28170,28190,28370
1267,5,129,36880,38880,38380,38400,38580
1268,5,135,45760,47600,47260,47280,47300
1269,5,135,65540,67500,67040,67060,67200
1270,5,135,75820,77670,77320,77340,77370
1271,5,135,77000,79000,78500,78520,78700
1272,5,135,111850,113730,113350,113370,113430
1273,5,135,115410,117420,116910,116930,117120
1274,5,135,143900,146010,145400,145420,145710
1275,5,137,13530,15500,15030,15050,15200
1276,5,137,22800,24810,24300,24320,24510
1277,5,137,33230,35170,34730,34750,34870
1278,5,137,75570,77520,77070,77090,77220
1279,5,143,125530,127530,127030,127050,127230
1280,5,143,168770,170710,170270,170290,170410
1281,5,143,179610,181490,181110,181130,181190
1282,5,143,183180,185180,184680,184700,184880
1283,5,143,192590,194530,194090,194110,194230
1284,5,143,194810,196640,196310,196330,196340
1285,5,143,196070,197900,197570,197590,197600
1286,5,143,199400,201400,200900,200920,201100
1287,5,143,383320,385180,384820,384840,384880
1288,5,145,56400,58300,57900,57930,58000
1289,5,145,56910,58760,58410,58430,58460
1290,5,145,73670,75680,75170,75190,75380
1291,5,146,22460,24460,23960,23980,24160
1292,5,146,56490,58490,57990,58010,58190
1293,5,146,65380,67380,66880,66900,67080
1294,5,146,104400,106400,105900,105920,106100
1295,5,147,61780,63610,63280,63300,63310
1296,5,147,62490,64330,63990,64010,64030
1297,5,147,99980,101820,101480,101500,101520
1298,5,147,112970,115060,114470,114490,114760
1299,5,147,128690,138390,130190,138080,138090
1300,5,147,136590,138580,138090,138110,138280
1301,5,153,18110,20120,19610,19640,19820
1302,5,153,63740,65740,65240,65260,65440
1303,5,153,74550,76460,76050,76070,76160
1304,5,153,77450,79450,78950,78970,79150
1305,5,153,78250,80140,79750,79770,79840
1306,5,153,96450,98450,97950,97970,98150
1307,5,153,119720,121720,121220,121240,121420
1308,5,153,128340,130340,129840,129860,130040
1309,5,153,141270,143270,142770,142790,142970
1310,5,153,156550,158470,158050,158070,158170
1311,5,153,160270,162280,161770,161800,161980
1312,5,153,217350,219340,218850,218870,219040
1313,5,162,32610,34610,34110,34130,34310
1314,5,163,46990,48990,48490,48510,48690
1315,5,163,55610,57450,57110,57130,57150
1316,5,163,62120,64120,63620,63640,63820
1317,5,163,63980,65860,65480,65500,65560
1318,5,163,71870,73790,73370,73390,73490
1319,5,163,74030,75980,75530,75550,75680
1320,5,163,76550,78380,78050,78070,78080
1321,5,163,80590,82460,82090,82110,82160
1322,5,163,90960,92790,92460,92480,92490
1323,5,163,92690,94580,94190,94210,94280
1324,5,163,99720,101700,101220,101240,101400
1325,5,163,100940,103040,102440,102460,102740
1326,5,166,258620,260460,260120,260150,260160
1327,5,166,260250,262190,261750,261770,261890
1328,5,166,268970,270820,270470,270490,270520
1329,5,166,318230,320280,319730,319750,319980
1330,5,166,320750,322720,322250,322270,322420
1331,5,166,339810,341810,341310,341330,341510
1332,5,166,342110,344110,343610,343630,343810
1333,5,169,40870,42880,42370,42390,42580
1334,5,170,45290,47290,46790,46810,46990
1335,5,170,47980,49830,49480,49500,49530
1336,5,172,25790,27730,27290,27310,27430
1337,5,172,29030,30950,30530,30550,30650
1338,5,172,34270,36140,35770,35790,35840
1339,5,172,36930,38770,38430,38450,38470
1340,5,172,42430,44440,43930,43950,44140
1341,5,172,45340,47320,46840,46860,47020
1342,5,172,52590,54490,54090,54110,54190
1343,5,172,55760,57590,57260,57280,57290
1344,5,172,65040,67020,66540,66560,66720
1345,5,172,68870,70880,70370,70390,70580
1346,5,172,79790,81680,81290,81310,81380
1347,5,172,82380,84380,83880,83900,84080
1348,5,172,107060,109060,108560,108580,108760
1349,5,172,122980,125030,124480,124500,124730
1350,5,175,30540,32510,32040,32060,32210
1351,5,175,55040,56960,56540,56560,56660
1352,5,175,75860,77820,77360,77380,77520
1353,5,182,62430,64440,63930,63950,64140
1354,5,182,77940,79810,79440,79460,79510
1355,5,182,87700,89700,89200,89220,89400
1356,5,182,115200,117230,116700,116720,116930
1357,5,182,126050,128060,127550,127570,127760
1358,5,182,127610,129540,129110,129130,129240
1359,5,183,43620,45620,45120,45140,45320
1360,5,183,58130,60110,59630,59650,59810
1361,5,183,95130,97130,96630,96650,96830
1362,5,184,18290,20190,19790,19820,19890
1363,5,184,27060,28980,28560,28580,28680
1364,5,184,35210,37210,36710,36730,36910
1365,5,184,64370,66450,65870,65890,66150
1366,5,184,66680,68660,68180,68200,68360
1367,5,184,72630,74600,74130,74150,74300
1368,5,184,82170,84040,83670,83690,83740
1369,5,184,131770,133630,133270,133290,133330
1370,5,184,135050,136880,136550,136570,136580
1371,5,186,110870,112870,112370,112390,112570
1372,5,186,124490,126330,125990,126010,126030
1373,5,186,136370,138510,137870,137890,138210
1374,5,192,31750,33590,33250,33270,33290
1375,5,193,28780,30780,30280,30300,30480
1376,5,193,65660,67540,67160,67180,67240
1377,5,208,42180,44180,43680,43700,43880
1378,5,208,46180,48180,47680,47700,47880
1379,5,208,66640,68590,68140,68160,68290
1380,5,208,75910,77910,77410,77430,77610
1381,5,208,77060,79150,78560,78580,78850
1382,5,208,95870,97880,97370,97390,97580
1383,5,208,101430,103430,102930,102950,103130
1384,5,208,124180,126250,125680,125700,125950
1385,5,211,66110,68060,67610,67640,67760
1386,5,211,68390,70390,69890,69910,70090
1387,5,211,84870,86760,86370,86390,86460
1388,5,211,117690,119690,119190,119210,119390
1389,5,212,50740,52880,52240,52260,52580
1390,5,212,70700,72800,72200,72220,72500
1391,5,215,42770,44740,44270,44290,44440
1392,5,215,47840,49770,49340,49360,49470
1393,6,1,54720,56720,56220,56240,56420
1394,6,1,235470,237420,236970,236990,237120
1395,6,12,39970,41970,41470,41490,41670
1396,6,12,43740,45750,45240,45260,45450
1397,6,12,81390,83400,82890,82910,83100
1398,6,12,83620,85640,85120,85140,85340
1399,6,12,143600,145440,145100,145120,145140
1400,6,12,146450,148480,147950,147970,148180
1401,6,12,177490,179410,178990,179010,179110
1402,6,12,178580,180580,180080,180100,180280
1403,6,12,181210,183230,182710,182730,182930
1404,6,12,190920,192920,192420,192440,192620
1405,6,12,196800,198870,198300,198320,198570
1406,6,12,197650,199650,199150,199170,199350
1407,6,12,204940,207010,206440,206460,206710
1408,6,12,206470,208430,207970,207990,208130
1409,6,12,227400,229300,228900,228920,229000
1410,6,12,228240,230150,229740,229760,229850
1411,6,12,230310,232310,231810,231830,232010
1412,6,12,231230,233230,232730,232750,232930
1413,6,15,302900,304920,304400,304430,304620
1414,6,15,312860,314870,314360,314380,314570
1415,6,15,396260,398270,397760,397790,397970
1416,6,15,398390,400390,399890,399910,400090
1417,6,15,404790,406730,406290,406310,406430
1418,6,48,136630,138560,138130,138150,138260
1419,6,48,138500,140550,140000,140020,140250
1420,6,48,196780,198700,198280,198300,198400
1421,6,48,202250,204250,203750,203770,203950
1422,6,48,202280,204550,203780,204240,204250
1423,6,48,202750,204760,204250,204270,204460
1424,6,48,203630,205630,205130,205150,205330
1425,6,48,208030,210030,209530,209550,209730
1426,6,48,209770,211770,211270,211290,211470
1427,6,48,245210,247190,246710,246730,246890
1428,6,49,307030,308920,308530,308550,308620
1429,6,49,309390,311440,310890,310910,311140
1430,6,49,312450,314320,313950,313970,314020
1431,6,61,168970,171000,170470,170490,170700
1432,6,61,169000,171270,170500,170960,170970
1433,6,61,169470,171350,170970,170990,171050
1434,6,61,171960,173960,173460,173480,173660
1435,6,62,179290,181380,180790,180810,181080
1436,6,62,200430,202350,201930,201950,202050
1437,6,84,68220,70290,69720,69740,69990
1438,6,84,69570,71570,71070,71090,71270
1439,6,84,125470,127470,126970,126990,127170
1440,6,84,126510,128550,128010,128030,128250
1441,6,84,129230,131250,130730,130750,130950
1442,6,84,140420,142420,141920,141940,142120
1443,6,84,144110,146110,145610,145630,145810
1444,6,84,152170,154210,153670,153690,153910
1445,6,84,153530,155530,155030,155050,155230
1446,6,84,163160,165150,164660,164680,164850
1447,6,84,176790,178790,178290,178310,178490
1448,6,84,182740,184750,184240,184260,184450
1449,6,84,201130,202990,202630,202650,202690
1450,6,85,324090,326020,325590,325610,325720
1451,6,85,324970,326940,326470,326490,326640
1452,6,126,184780,186730,186280,186300,186430
1453,6,126,200350,202380,201850,201870,202080
1454,6,126,201760,203600,203260,203280,203300
1455,6,126,211300,213310,212800,212820,213010
1456,6,126,211840,213860,213340,213360,213560
1457,6,126,216870,218770,218370,218390,218470
1458,6,126,219600,221430,221100,221120,221130
1459,6,130,55690,57770,57190,57210,57470
1460,6,130,60590,62590,62090,62110,62290
1461,6,130,69020,71000,70520,70540,70700
1462,6,130,70290,72130,71790,71810,71830
1463,6,130,138180,140020,139680,139700,139720
1464,6,130,251700,253570,253200,253220,253270
1465,6,130,255270,257200,256770,256790,256900
1466,6,130,259110,260960,260610,260630,260660
1467,6,130,264380,266380,265880,265900,266080
1468,6,130,265550,267410,267050,267080,267110
1469,6,137,37550,39410,39050,39070,39110
1470,6,138,13950,15890,15450,15470,15590
1471,6,140,32570,34540,34070,34090,34240
1472,6,140,33970,35810,35470,35490,35510
1473,6,142,205830,207710,207330,207350,207410
1474,6,142,207560,209460,209060,209080,209160
1475,6,142,232970,234800,234470,234490,234500
1476,6,142,241180,243180,242680,242700,242880
1477,6,142,243730,245740,245230,245250,245440
1478,6,161,197450,199450,198950,198970,199150
1479,6,161,200970,202980,202470,202490,202680
1480,6,161,201990,203990,203490,203510,203690
1481,6,161,206070,208080,207570,207590,207780
1482,6,161,216630,218590,218130,218150,218290
1483,6,164,162520,164440,164020,164040,164140
1484,6,164,235800,237640,237300,237320,237340
1485,6,164,250350,252350,251850,251870,252050
1486,6,164,252170,254290,253670,253690,253990
1487,6,172,28660,30520,30160,30180,30220
1488,6,172,58830,60850,60330,60350,60550
1489,6,172,222380,224300,223880,223900,224000
1490,6,172,236330,238340,237830,237850,238040
1491,6,172,268200,270160,269700,269720,269860
1492,6,172,321710,323710,323210,323230,323410
1493,6,172,333910,335910,335410,335430,335610
1494,6,172,336060,337940,337560,337580,337640
1495,6,172,337190,339250,338690,338710,338950
1496,6,172,337220,339490,338720,339180,339190
1497,6,172,337690,339520,339190,339210,339220
1498,6,172,341930,343940,343430,343450,343640
1499,6,172,344140,345980,345640,345660,345680
1500,7,9,53380,55220,54880,54900,54920
1501,7,9,56300,58300,57800,57820,58000
1502,7,9,63180,65190,64680,64700,64890
1503,7,9,95220,97150,96720,96740,96850
1504,7,10,132070,134070,133570,133590,133770
1505,7,10,135170,137170,136670,136690,136870
1506,7,10,138510,140520,140010,140030,140220
1507,7,10,166360,168310,167860,167880,168010
1508,7,10,174860,176860,176360,176380,176560
1509,7,10,177030,179040,178530,178550,178740
1510,7,10,181510,183560,183010,183030,183260
1511,7,10,187700,189700,189200,189220,189400
1512,7,10,207800,209800,209300,209320,209500
1513,7,10,209500,211510,211000,211020,211210
1514,7,12,31870,33870,33370,33390,33570
1515,7,12,48200,50200,49700,49720,49900
1516,7,12,56240,58070,57740,57760,57770
1517,7,12,60750,62640,62250,62270,62340
1518,7,12,69910,71850,71410,71430,71550
1519,7,12,88610,90490,90110,90130,90190
1520,7,12,90600,92580,92100,92120,92280
1521,7,12,255110,257120,256610,256630,256820
1522,7,15,68000,69920,69500,69520,69620
1523,7,15,84660,86600,86160,86180,86300
1524,7,15,152950,154950,154450,154470,154650
1525,7,15,160300,162300,161800,161820,162000
1526,7,15,210980,212930,212480,212500,212630
1527,7,36,38650,40650,40150,40170,40350
1528,7,36,48220,50190,49720,49740,49890
1529,7,36,53660,55490,55160,55180,55190
1530,7,36,65390,67390,66890,66910,67090
1531,7,36,76020,78030,77520,77540,77730
1532,7,36,112070,114030,113570,113590,113730
1533,7,36,132340,134270,133840,133860,133970
1534,7,36,133770,135760,135270,135290,135460
1535,7,36,138720,140560,140220,140240,140260
1536,7,36,155350,157310,156850,156870,157010
1537,7,36,159120,161100,160620,160640,160800
1538,7,36,160190,162200,161690,161710,161900
1539,7,36,163840,165670,165340,165360,165370
1540,7,36,181930,183930,183430,183450,183630
1541,7,36,188250,190110,189750,189770,189810
1542,7,36,200230,202060,201730,201750,201760
1543,7,36,203780,205790,205280,205300,205490
1544,7,36,211490,213490,212990,213010,213190
1545,7,36,237000,239000,238500,238520,238700
1546,7,36,263420,265420,264920,264940,265120
1547,7,36,266290,268210,267790,267810,267910
1548,7,36,275630,277730,277130,277150,277430
1549,7,36,278450,280410,279950,279970,280110
1550,7,36,280550,282550,282050,282070,282250
1551,7,36,285340,287340,286840,286860,287040
1552,7,36,292410,294260,293910,293930,293960
1553,7,36,293990,295990,295490,295510,295690
1554,7,36,302740,304740,304240,304260,304440
1555,7,36,320860,322860,322360,322380,322560
1556,7,36,325760,327760,327260,327280,327460
1557,7,36,333700,335590,335200,335220,335290
1558,7,36,354400,356330,355900,355920,356030
1559,7,36,354430,361150,355930,360840,360850
1560,7,36,359350,361350,360850,360870,361050
1561,7,36,364170,366130,365670,365690,365830
1562,7,36,365920,367830,367420,367440,367530
1563,7,36,400350,402180,401850,401870,401880
1564,7,36,408700,410630,410200,410220,410330
1565,7,36,416730,418730,418230,418250,418430
1566,7,36,431280,433200,432780,432800,432900
1567,7,36,434240,436180,435740,435760,435880
1568,7,36,452290,454270,453790,453810,453970
1569,7,36,456670,458670,458170,458190,458370
1570,7,36,463740,465700,465240,465260,465400
1571,7,36,465540,467370,467040,467060,467070
1572,7,36,490070,491970,491570,491590,491670
1573,7,36,493730,495630,495230,495250,495330
1574,7,36,513140,515140,514640,514660,514840
1575,7,36,527280,529250,528780,528800,528950
1576,7,36,559760,561680,561260,561280,561380
1577,7,36,566140,568140,567640,567660,567840
1578,7,36,586490,588490,587990,588010,588190
1579,7,36,586520,604620,588020,604310,604320
1580,7,36,602820,604820,604320,604340,604520
1581,7,37,105390,107390,106890,106910,107090
1582,7,37,136490,138420,137990,138020,138120
1583,7,37,157320,159320,158820,158840,159020
1584,7,37,160270,162180,161770,161790,161880
1585,7,37,171650,173750,173150,173170,173450
1586,7,37,184540,186510,186040,186060,186210
1587,7,37,188460,190470,189960,189980,190170
1588,7,37,190350,192330,191850,191880,192030
1589,7,37,205650,207820,207150,207170,207520
1590,7,37,208640,210620,210140,210160,210320
1591,7,37,211730,213740,213230,213250,213440
1592,7,37,243040,244970,244540,244560,244670
1593,7,37,279970,281800,281470,281490,281500
1594,7,37,282720,284680,284220,284240,284380
1595,7,37,305340,307340,306840,306860,307040
1596,7,37,308810,310770,310310,310330,310470
1597,7,37,337690,339690,339190,339210,339390
1598,7,37,339670,341630,341170,341190,341330
1599,7,38,29960,31960,31460,31480,31660
1600,7,38,36210,38210,37710,37730,37910
1601,7,38,42480,44480,43980,44000,44180
1602,7,38,53140,55100,54640,54660,54800
1603,7,38,106120,108150,107620,107640,107850
1604,7,38,110410,112380,111910,111930,112080
1605,7,38,113910,115920,115410,115430,115620
1606,7,38,121970,123970,123470,123490,123670
1607,7,38,126250,128210,127750,127770,127910
1608,7,38,129210,131220,130710,130730,130920
1609,7,38,140470,142340,141970,141990,142040
1610,7,38,159490,161490,160990,161010,161190
1611,7,38,195900,197940,197400,197420,197640
1612,7,38,215000,217000,216500,216520,216700
1613,7,38,237950,239950,239450,239470,239650
1614,7,39,38040,40040,39540,39560,39740
1615,7,40,17350,19180,18850,18870,18880
1616,7,43,38980,40970,40480,40500,40670
1617,7,43,40020,42020,41520,41540,41720
1618,7,43,44700,46760,46200,46220,46460
1619,7,43,84560,86570,86060,86080,86270
1620,7,43,85170,87120,86670,86690,86820
1621,7,67,39030,40910,40530,40550,40610
1622,7,67,74170,76080,75670,75690,75780
1623,7,67,94840,96860,96340,96360,96560
1624,7,69,115310,117320,116810,116830,117020
1625,7,69,136190,138190,137690,137710,137890
1626,7,69,138870,140740,140370,140390,140440
1627,7,69,141040,143000,142540,142560,142700
1628,7,69,151470,153480,152970,152990,153180
1629,7,69,159330,161260,160830,160850,160960
1630,7,69,168250,170190,169750,169770,169890
1631,7,69,172580,174510,174080,174100,174210
1632,7,69,179750,181760,181250,181270,181460
1633,7,69,184530,186470,186030,186050,186170
1634,7,69,187330,189330,188830,188850,189030
1635,7,69,189450,191310,190950,190970,191010
1636,7,69,203320,205340,204820,204840,205040
1637,7,69,209390,211390,210890,210910,211090
1638,7,69,210720,212670,212220,212240,212370
1639,7,69,212150,214240,213650,213670,213940
1640,7,73,13800,15950,15300,15320,15650
1641,7,73,26540,28380,28040,28060,28080
1642,7,73,31480,33480,32980,33000,33180
1643,7,73,32870,34910,34370,34390,34610
1644,7,73,43830,45830,45330,45350,45530
1645,7,73,52730,54730,54230,54250,54430
1646,7,73,54440,56380,55940,55960,56080
1647,7,73,56540,58470,58040,58060,58170
1648,7,73,59360,61290,60860,60880,60990
1649,7,73,63580,65590,65080,65100,65290
1650,7,73,118940,120940,120440,120460,120640
1651,7,73,136650,138650,138150,138170,138350
1652,7,73,153710,155730,155210,155230,155430
1653,7,73,166450,168340,167950,167970,168040
1654,7,73,174940,176940,176440,176460,176640
1655,7,73,176370,178370,177870,177890,178070
1656,7,73,180920,182770,182420,182440,182470
1657,7,73,209700,211700,211200,211220,211400
1658,7,73,213220,215160,214720,214740,214860
1659,7,73,261330,263280,262830,262850,262980
1660,7,73,263590,265460,265090,265110,265160
1661,7,73,265280,267310,266780,266800,267010
1662,7,73,271920,273890,273420,273440,273590
1663,7,73,291780,293880,293280,293300,293580
1664,7,73,305960,307930,307460,307480,307630
1665,7,73,309920,311930,311420,311440,311630
1666,7,73,312890,314850,314390,314410,314550
1667,7,73,326130,328000,327630,327650,327700
1668,7,73,333820,335720,335320,335340,335420
1669,7,73,346180,348130,347680,347700,347830
1670,7,73,351840,353850,353340,353360,353550
1671,7,73,366870,368820,368370,368400,368520
1672,7,73,369480,371450,370980,371000,371150
1673,7,73,371720,373660,373220,373240,373360
1674,7,73,374020,375930,375520,375540,375630
1675,7,73,379460,381410,380960,380990,381110
1676,7,73,379500,389980,381000,389670,389680
1677,7,73,388180,390160,389680,389700,389860
1678,7,73,389510,391510,391010,391030,391210
1679,7,73,391230,393240,392730,392750,392940
1680,7,73,392740,394680,394240,394260,394380
1681,7,73,395580,397540,397080,397100,397240
1682,7,73,398360,400370,399860,399890,400070
1683,7,73,420760,422770,422260,422290,422470
1684,7,73,428120,430120,429620,429640,429820
1685,7,73,458140,460070,459640,459660,459770
1686,7,73,460680,462850,462180,462200,462550
1687,7,73,472380,474310,473880,473900,474010
1688,7,73,476140,478040,477640,477660,477740
1689,7,73,480020,481870,481520,481550,481570
1690,7,73,482510,484450,484010,484030,484150
1691,7,73,482540,521050,484040,520740,520750
1692,7,73,519250,521260,520750,520770,520960
1693,7,73,530260,532260,531760,531780,531960
1694,7,80,72900,74900,74400,74420,74600
1695,7,80,88080,89920,89580,89600,89620
1696,7,80,96510,98430,98010,98030,98130
1697,7,80,114800,116750,116300,116320,116450
1698,7,80,119360,121330,120860,120880,121030
1699,7,80,130090,131940,131590,131610,131640
1700,7,80,142960,144790,144460,144480,144490
1701,7,80,144770,146700,146270,146290,146400
1702,7,80,164200,166030,165700,165720,165730
1703,7,80,166250,168250,167750,167770,167950
1704,7,80,172860,174720,174360,174380,174420
1705,7,80,175490,177420,176990,177010,177120
1706,7,80,183140,184980,184640,184670,184680
1707,7,80,187200,189120,188700,188720,188820
1708,7,80,192090,194040,193590,193610,193740
1709,7,80,216040,217980,217540,217560,217680
1710,7,80,227780,229720,229280,229300,229420
1711,7,80,231470,233410,232970,232990,233110
1712,7,80,237270,239120,238770,238790,238820
1713,7,80,244550,246380,246050,246070,246080
1714,7,80,259210,261230,260710,260730,260930
1715,7,80,266140,268150,267640,267660,267850
1716,7,80,280170,282310,281670,281690,282010
1717,7,80,282690,284620,284190,284210,284320
1718,7,80,295920,297930,297420,297440,297630
1719,7,80,325660,327590,327160,327180,327290
1720,7,80,328140,330060,329640,329660,329760
1721,7,80,338900,340900,340400,340420,340600
1722,7,80,340550,342500,342050,342070,342200
1723,7,81,14830,16830,16330,16350,16530
1724,7,81,20960,22810,22460,22480,22510
1725,7,81,25870,27870,27370,27390,27570
1726,7,81,31970,33870,33470,33490,33570
1727,7,81,83310,85240,84810,84830,84940
1728,7,81,116420,118420,117920,117940,118120
1729,7,81,119710,121710,121210,121230,121410
1730,7,81,124610,126610,126110,126130,126310
1731,7,81,129830,131730,131330,131350,131430
1732,7,81,142530,144540,144030,144050,144240
1733,7,81,150410,152420,151910,151930,152120
1734,7,81,173350,175350,174850,174870,175050
1735,7,81,177280,179220,178780,178800,178920
1736,7,81,184170,186220,185670,185690,185920
1737,7,81,187800,189810,189300,189320,189510
1738,7,81,190540,192510,192040,192060,192210
1739,7,81,195030,197100,196530,196550,196800
1740,7,81,197840,199850,199340,199360,199550
1741,7,81,206530,208510,208030,208050,208210
1742,7,81,227070,229070,228570,228590,228770
1743,7,81,229950,231900,231450,231470,231600
1744,7,93,67100,69100,68600,68620,68800
1745,7,93,74860,76800,76360,76380,76500
1746,7,93,83690,85610,85190,85210,85310
1747,7,93,92980,94980,94480,94500,94680
1748,7,93,99460,101460,100960,100980,101160
1749,7,93,105320,107320,106820,106840,107020
1750,8,76,34810,37040,36310,36330,36740
1751,8,76,44660,46630,46160,46180,46330
1752,8,76,52110,54260,53610,53630,53960
1753,8,76,52980,54970,54480,54500,54670
1754,8,76,113500,115360,115000,115020,115060
1755,8,76,145720,147720,147220,147240,147420
1756,8,76,191740,193740,193240,193260,193440
1757,8,76,217030,219030,218530,218550,218730
1758,8,76,308080,310020,309580,309600,309720
1759,8,76,540910,542940,542410,542430,542640
1760,8,76,543750,545860,545250,545270,545560
1761,8,76,553490,555500,554990,555010,555200
1762,8,77,79630,81720,81130,81160,81420
1763,8,77,80930,82940,82430,82450,82640
1764,8,77,212680,214680,214180,214200,214380
1765,8,77,214160,216020,215660,215680,215720
1766,8,77,247660,249490,249160,249180,249190
1767,8,77,266230,268180,267730,267750,267880
1768,8,77,402730,404740,404230,404250,404440
1769,8,77,404790,406620,406290,406310,406320
1770,8,78,234690,236670,236190,236210,236370
1771,8,78,255370,257370,256870,256890,257070
1772,8,78,258330,260340,259830,259850,260040
1773,8,78,305850,307850,307350,307370,307550
1774,8,78,307770,309880,309270,309290,309580
1775,8,80,144770,146600,146270,146290,146300
1776,8,80,149080,151050,150580,150600,150750
1777,8,80,182000,183830,183500,183520,183530
1778,8,80,182030,185790,183530,185480,185490
1779,8,80,183990,185950,185490,185510,185650
1780,8,80,233140,235150,234640,234660,234850
1781,8,84,240780,242780,242280,242300,242480
1782,8,84,256670,258570,258170,258200,258270
1783,8,86,56300,58190,57800,57820,57890
1784,8,86,58910,60920,60410,60430,60620
1785,8,86,143080,145080,144580,144600,144780
1786,8,86,150650,152630,152150,152170,152330
1787,8,86,161040,163040,162540,162560,162740
1788,8,86,163060,165070,164560,164580,164770
1789,8,87,28710,30670,30210,30230,30370
1790,8,87,74760,76610,76260,76280,76310
1791,8,87,123760,125760,125260,125280,125460
1792,8,87,125230,127170,126730,126750,126870
1793,8,87,199630,201510,201130,201150,201210
1794,8,87,203450,205540,204950,204970,205240
1795,8,87,212930,214820,214430,214450,214520
1796,8,87,221960,223960,223460,223480,223660
1797,8,88,118460,120730,119960,119980,120430
1798,8,89,100690,102670,102190,102210,102370
1799,8,93,70190,72190,71690,71710,71890
1800,8,93,71800,73810,73300,73330,73510
1801,8,95,118880,120890,120380,120400,120590
1802,8,95,123460,125470,124960,124980,125170
1803,8,95,137520,139520,139020,139040,139220
1804,8,95,146640,148740,148140,148160,148440
1805,8,97,144480,146480,145980,146000,146180
1806,8,97,179850,181760,181350,181380,181460
1807,8,97,226490,228490,227990,228010,228190
1808,8,97,231810,233810,233310,233330,233510
1809,8,97,232890,234900,234390,234410,234600
1810,8,97,350450,352460,351950,351970,352160
1811,8,126,269170,271170,270670,270690,270870
1812,8,127,468480,470320,469980,470000,470020
1813,8,127,496120,498120,497620,497640,497820
1814,8,127,546810,548660,548310,548330,548360
1815,8,127,556790,558800,558290,558310,558500
1816,8,127,726090,728040,727590,727620,727740
1817,8,127,771480,773340,772980,773000,773040
1818,8,127,779330,781330,780830,780850,781030
1819,8,127,823820,825790,825320,825340,825490
1820,8,128,33640,35650,35140,35160,35350
1821,8,128,245970,248000,247470,247490,247700
1822,8,128,402760,404650,404260,404280,404350
1823,8,128,403960,405960,405460,405480,405660
1824,8,129,65070,66990,66570,66590,66690
1825,8,129,66310,68220,67810,67830,67920
1826,8,129,66340,83350,67840,83040,83050
1827,8,129,81550,83380,83050,83070,83080
1828,8,129,83190,85220,84690,84710,84920
1829,8,131,74150,76140,75650,75670,75840
1830,8,131,125950,128050,127450,127470,127750
1831,8,137,89390,91220,90890,90910,90920
1832,8,137,244540,246550,246040,246060,246250
1833,8,138,12020,14030,13520,13540,13730
1834,8,142,300110,302110,301610,301630,301810
1835,8,142,305510,307510,307010,307030,307210
1836,8,143,138770,140700,140270,140300,140400
1837,8,144,27000,29000,28500,28520,28700
1838,8,144,29290,31290,30790,30810,30990
1839,8,144,90990,93000,92490,92520,92700
1840,8,144,157890,159890,159390,159410,159590
1841,8,145,47200,49310,48700,48720,49010
1842,8,145,105170,107000,106670,106690,106700
1843,8,145,118210,120140,119710,119730,119840
1844,8,145,245010,246840,246510,246530,246540
1845,8,145,291050,293060,292550,292570,292760
1846,8,148,101920,103930,103420,103440,103630
1847,8,148,108630,110600,110130,110150,110300
1848,8,148,151090,153030,152590,152610,152730
1849,8,148,216280,218230,217780,217800,217930
1850,8,150,368280,370240,369780,369800,369940
1851,8,152,235570,237570,237070,237090,237270
1852,8,152,237470,239380,238970,238990,239080
1853,8,208,24360,26430,25860,25880,26130
1854,8,208,33490,35490,34990,35010,35190
1855,8,209,101320,103320,102820,102840,103020
1856,9,1,51790,53700,53290,53310,53400
1857,9,1,59260,61260,60760,60780,60960
1858,9,1,60540,62550,62040,62060,62250
1859,9,9,24620,26730,26120,26140,26430
1860,9,9,25440,27370,26940,26960,27070
1861,9,11,12100,13930,13600,13620,13630
1862,9,11,15670,17550,17170,17190,17250
1863,9,20,155520,157520,157020,157040,157220
1864,9,20,267680,269790,269180,269200,269490
1865,9,20,463050,465060,464550,464570,464760
1866,9,21,116000,118000,117500,117520,117700
1867,9,21,122460,124620,123960,123980,124320
1868,9,21,268450,270450,269950,269970,270150
1869,9,21,299070,301070,300570,300590,300770
1870,9,34,42320,44320,43820,43840,44020
1871,9,58,87140,89010,88640,88660,88710
1872,9,58,90660,92660,92160,92180,92360
1873,9,58,107880,109810,109380,109400,109510
1874,9,58,126560,128560,128060,128080,128260
1875,9,58,177540,179460,179040,179060,179160
1876,9,58,181410,183410,182910,182930,183110
1877,9,61,21710,23710,23210,23230,23410
1878,9,61,22210,24040,23710,23730,23740
1879,9,61,127740,129730,129240,129270,129430
1880,10,9,72370,74380,73870,73890,74080
1881,10,19,53100,55100,54600,54620,54800
1882,10,26,44780,46770,46280,46300,46470
1883,10,27,49980,51830,51480,51500,51530
1884,10,31,55380,57410,56880,56900,57110
1885,10,31,55410,57680,56910,57370,57380
1886,10,31,55880,57750,57380,57400,57450
1887,10,32,47100,49260,48600,48620,48960
1888,10,33,72110,74160,73610,73630,73860
1889,10,40,53540,55380,55040,55060,55080
1890,10,40,57810,59660,59310,59330,59360
1891,10,40,58340,60290,59840,59860,59990
1892,10,42,49060,51060,50560,50580,50760
1893,10,43,62400,64460,63900,63920,64160
1894,10,62,53840,55950,55340,55360,55650
1895,10,62,62970,64990,64470,64490,64690
1896,10,76,58820,60820,60320,60340,60520
1897,10,92,57100,59140,58600,58620,58840
1898,10,97,58180,60150,59680,59700,59850
1899,10,100,57020,59020,58520,58540,58720
1900,10,101,58930,60780,60430,60450,60480
1901,11,1,57100,59100,58600,58620,58800
1902,11,1,110300,112180,111800,111820,111880
1903,11,1,117010,118990,118510,118530,118690
1904,11,1,117910,119920,119410,119430,119620
1905,11,1,121640,123490,123140,123160,123190
1906,11,1,183300,185430,184800,184820,185130
1907,11,1,188800,190650,190300,190320,190350
1908,11,44,74010,76020,75510,75530,75720
1909,11,44,89230,91230,90730,90750,90930
1910,11,44,93920,95820,95420,95440,95520
1911,11,44,95240,97090,96740,96760,96790
1912,11,46,37240,39250,38740,38760,38950
1913,11,46,65860,67880,67360,67380,67580
1914,11,48,23400,25530,24900,24920,25230
1915,11,48,42580,44580,44080,44100,44280
1916,11,58,150910,152840,152410,152430,152540
1917,11,58,151690,153690,153190,153210,153390
1918,11,59,46710,48620,48210,48230,48320
1919,11,72,45790,47670,47290,47310,47370
1920,11,77,79950,81860,81450,81470,81560
1921,11,77,99670,101730,101170,101190,101430
1922,11,77,103700,105640,105200,105220,105340
1923,11,79,43320,45150,44820,44840,44850
1924,11,79,49290,51280,50790,50810,50980
1925,11,94,25240,27130,26740,26760,26830
1926,11,94,26660,28660,28160,28180,28360
1927,11,94,29070,31010,30570,30590,30710
1928,11,97,109380,111280,110880,110900,110980
1929,11,101,26820,28930,28320,28340,28630
1930,11,107,26540,28390,28040,28060,28090
1931,11,107,26570,41880,28070,41570,41580
1932,11,107,40080,42060,41580,41600,41760
1933,11,107,42080,44080,43580,43600,43780
1934,11,107,50360,52250,51860,51880,51950
1935,11,108,59240,61240,60740,60760,60940
1936,11,110,68290,70580,69790,69810,70280
1937,11,110,69480,71400,70980,71000,71100
1938,11,110,81820,83710,83320,83340,83410
1939,11,111,18230,20230,19730,19750,19930
1940,11,117,24960,26820,26460,26480,26520
1941,11,117,24990,28340,26490,28030,28040
1942,11,117,26540,28740,28040,28060,28440
1943,11,117,26570,33340,28070,33030,33040
1944,11,117,31540,33670,33040,33060,33370
1945,11,117,34180,36190,35680,35710,35890
1946,11,117,50610,52700,52110,52130,52400
1947,11,117,51640,53630,53140,53160,53330
1948,11,119,49700,51690,51200,51220,51390
1949,11,119,53980,56020,55480,55500,55720
1950,11,124,27900,30010,29400,29420,29710
1951,11,124,51390,53290,52890,52910,52990
1952,11,124,53980,55980,55480,55500,55680
1953,11,124,86510,88540,88010,88030,88240
1954,11,124,86540,88810,88040,88500,88510
1955,11,124,87010,88930,88510,88530,88630
1956,11,124,187550,189490,189050,189070,189190
1957,12,1,47280,49110,48780,48800,48810
1958,12,1,73620,75780,75120,75140,75480
1959,12,1,76040,77960,77540,77560,77660
1960,12,1,85030,86930,86530,86550,86630
1961,12,1,87600,89530,89100,89120,89230
1962,12,1,100720,102700,102220,102240,102400
1963,12,1,110200,112140,111700,111720,111840
1964,12,1,125180,127180,126680,126700,126880
1965,12,1,130040,132260,131540,131560,131960
1966,12,1,139870,141870,141370,141390,141570
1967,12,1,190410,192320,191910,191930,192020
1968,12,1,238630,240550,240130,240150,240250
1969,12,37,39650,41690,41150,41170,41390
1970,12,37,62870,64900,64370,64390,64600
1971,12,37,68770,70830,70270,70290,70530
1972,12,37,70470,72610,71970,71990,72310
1973,12,37,77000,78830,78500,78520,78530
1974,12,37,100600,102580,102100,102130,102280
1975,12,37,101860,103690,103360,103380,103390
1976,12,37,150110,152090,151610,151640,151790
1977,12,37,152010,153900,153510,153530,153600
1978,12,58,60510,62580,62010,62030,62280
1979,12,59,45720,47550,47220,47240,47250
1980,12,121,20200,22320,21700,21720,22020
1981,12,121,21230,23230,22730,22750,22930
1982,12,121,52870,55080,54370,54390,54780
1983,12,121,246000,247980,247500,247520,247680
1984,12,155,29900,31730,31400,31420,31430
1985,12,155,84870,86870,86370,86390,86570
1986,12,155,90690,92660,92190,92210,92360
1987,12,155,103130,105100,104630,104650,104800
1988,12,155,106500,108550,108000,108020,108250
1989,12,155,107580,109740,109080,109100,109440
1990,12,155,136220,138430,137720,137740,138130
1991,12,155,137690,139790,139190,139210,139490
1992,12,155,146130,148200,147630,147650,147900
1993,12,155,153540,155480,155040,155060,155180
1994,12,155,156300,158410,157800,157820,158110
1995,13,1,77000,78970,78500,78520,78670
1996,13,1,78900,80840,80400,80420,80540
1997,13,1,97660,99510,99160,99180,99210
1998,13,1,100930,102860,102430,102450,102560
1999,13,1,102950,104950,104450,104470,104650
2000,13,1,111820,113650,113320,113340,113350
2001,13,1,115900,117760,117400,117420,117460
2002,13,1,119410,121390,120910,120930,121090
2003,13,1,150190,152200,151690,151710,151900
2004,13,1,198330,200250,199830,199850,199950
2005,13,1,200080,202080,201580,201600,201780
2006,13,33,242460,244450,243960,243980,244150
2007,13,33,260440,262300,261940,261960,262000
2008,13,33,267520,269510,269020,269040,269210
2009,13,33,279060,280890,280560,280580,280590
2010,13,33,283460,285470,284960,284980,285170
2011,13,33,293450,295450,294950,294970,295150
2012,13,33,307010,309010,308510,308530,308710
2013,13,33,309620,311740,311120,311140,311440
2014,13,33,309650,311920,311150,311610,311620
2015,13,33,310120,311980,311620,311640,311680
2016,13,33,314730,316730,316230,316250,316430
2017,13,33,350420,352370,351920,351940,352070
2018,13,33,352670,354610,354170,354190,354310
2019,13,33,357720,359820,359220,359240,359520
2020,13,33,363020,365110,364520,364540,364810
2021,13,33,374040,375970,375540,375560,375670
2022,13,33,376470,378590,377970,377990,378290
2023,13,33,392930,394840,394430,394450,394540
2024,13,33,396900,398920,398400,398430,398620
2025,13,33,432800,434760,434300,434330,434460
2026,13,33,464590,466500,466090,466110,466200
2027,13,33,476820,478880,478320,478340,478580
2028,13,33,483880,485830,485380,485400,485530
2029,13,33,485930,487930,487430,487450,487630
2030,13,33,486960,488960,488460,488480,488660
2031,13,33,490490,492490,491990,492010,492190
2032,13,33,504960,506800,506460,506480,506500
2033,13,33,506870,509000,508370,508390,508700
2034,13,33,517690,519700,519190,519220,519400
2035,13,33,533090,535090,534590,534610,534790
2036,13,33,538340,540240,539840,539860,539940
2037,13,33,541530,543530,543030,543050,543230
2038,13,33,551870,553740,553370,553390,553440
2039,13,33,560440,562660,561940,561960,562360
2040,13,33,562590,564590,564090,564110,564290
2041,13,33,566180,568140,567680,567700,567840
2042,13,33,597330,599190,598830,598850,598890
2043,13,33,622860,624770,624360,624380,624470
2044,13,33,634110,636120,635610,635640,635820
2045,13,33,635920,637860,637420,637440,637560
2046,13,33,656230,658230,657730,657750,657930
2047,13,33,659880,662060,661380,661400,661760
2048,13,33,704960,706870,706460,706480,706570
2049,13,33,708120,709970,709620,709640,709670
2050,13,33,710350,712320,711850,711870,712020
2051,13,33,714350,716350,715850,715870,716050
2052,13,33,717960,719900,719460,719480,719600
2053,13,33,721150,723120,722650,722670,722820
2054,13,33,722810,724830,724310,724330,724530
2055,13,34,18190,20180,19690,19710,19880
2056,13,34,20310,22340,21810,21830,22040
2057,13,34,23550,25480,25050,25070,25180
2058,13,34,46640,48580,48140,48160,48280
2059,13,34,74720,76690,76220,76240,76390
2060,13,34,86620,88570,88120,88140,88270
2061,13,34,89060,91030,90560,90580,90730
2062,13,36,27310,29330,28810,28830,29030
2063,13,36,29550,31490,31050,31070,31190
2064,13,36,38730,40690,40230,40250,40390
2065,13,36,44400,46230,45900,45920,45930
2066,13,36,48140,50030,49640,49660,49730
2067,13,36,60760,62880,62260,62280,62580
2068,13,36,81570,83540,83070,83090,83240
2069,13,36,85020,87020,86520,86540,86720
2070,13,36,114440,116620,115940,115960,116320
2071,13,36,119060,121070,120560,120580,120770
2072,13,36,173950,175910,175450,175470,175610
2073,13,36,189200,191090,190700,190720,190790
2074,13,36,192770,194610,194270,194290,194310
2075,13,36,219600,221540,221100,221120,221240
2076,13,36,230750,232750,232250,232270,232450
2077,13,36,230780,304620,232280,304310,304320
2078,13,36,302820,304790,304320,304340,304490
2079,13,36,304860,307100,306360,306380,306800
2080,13,36,311640,313640,313140,313160,313340
2081,13,36,316150,317990,317650,317670,317690
2082,13,36,319840,321750,321340,321360,321450
2083,13,36,328010,330150,329510,329530,329850
2084,13,36,380470,382470,381970,381990,382170
2085,13,36,382340,384270,383840,383860,383970
2086,13,36,384890,386850,386390,386410,386550
2087,13,36,394980,397100,396480,396500,396800
2088,13,36,399240,401250,400740,400760,400950
2089,13,36,410770,412900,412270,412290,412600
2090,13,36,423700,425660,425200,425220,425360
2091,13,36,432630,434590,434130,434150,434290
2092,13,36,439250,441230,440750,440770,440930
2093,13,36,444630,446670,446130,446150,446370
2094,13,36,444660,457220,446160,456910,456920
2095,13,36,455420,457550,456920,456940,457250
2096,13,36,459220,461200,460720,460740,460900
2097,13,36,468040,470290,469540,469560,469990
2098,13,36,483610,485570,485110,485130,485270
2099,13,36,492490,494490,493990,494010,494190
2100,13,36,492520,512910,494020,512600,512610
2101,13,36,511110,513090,512610,512630,512790
2102,13,36,515260,517260,516760,516780,516960
2103,13,36,526620,528600,528120,528140,528300
2104,13,36,533980,535830,535480,535500,535530
2105,13,36,535660,537850,537160,537180,537550
2106,13,36,542210,544040,543710,543730,543740
2107,13,36,546140,548160,547640,547660,547860
2108,13,36,586590,588660,588090,588110,588360
2109,13,36,601620,603630,603120,603140,603330
2110,13,36,603130,604960,604630,604650,604660
2111,13,36,647490,649480,648990,649010,649180
2112,13,36,652460,654580,653960,653980,654280
2113,13,36,654390,656430,655890,655910,656130
2114,13,36,670360,672420,671860,671880,672120
2115,13,36,673230,675230,674730,674750,674930
2116,13,36,676780,678760,678280,678300,678460
2117,13,36,681580,683840,683080,683100,683540
2118,13,36,688480,690420,689980,690000,690120
2119,13,36,693840,695670,695340,695360,695370
2120,13,36,728300,730220,729800,729820,729920
2121,13,36,740880,742870,742380,742400,742570
2122,13,36,772920,774830,774420,774440,774530
2123,13,36,780160,782110,781660,781680,781810
2124,13,36,784030,786030,785530,785550,785730
2125,13,36,791500,793350,793000,793020,793050
2126,13,36,816490,818470,817990,818010,818170
2127,13,36,841030,842890,842530,842550,842590
2128,13,36,881190,883110,882690,882710,882810
2129,13,36,882130,884160,883630,883650,883860
2130,13,36,1004030,1005870,1005530,1005550,1005570
2131,13,36,1004060,1015170,1005560,1014860,1014870
2132,13,36,1013370,1015340,1014870,1014890,1015040
2133,13,36,1022060,1024170,1023560,1023590,1023870
2134,13,37,14650,16660,16150,16170,16360
2135,13,37,16960,18790,18460,18480,18490
2136,13,37,33670,35500,35170,35190,35200
2137,13,37,36000,37830,37500,37520,37530
2138,13,37,41950,43950,43450,43470,43650
2139,13,37,62200,64130,63700,63720,63830
2140,13,37,81490,83610,82990,83010,83310
2141,13,37,100230,102230,101730,101750,101930
2142,13,37,117580,119420,119080,119100,119120
2143,13,37,146180,148150,147680,147700,147850
2144,13,37,168150,170160,169650,169670,169860
2145,13,37,171620,173800,173120,173140,173500
2146,13,37,173600,175580,175100,175120,175280
2147,13,37,196220,198110,197720,197740,197810
2148,13,37,223560,225580,225060,225080,225280
2149,13,37,229350,231360,230850,230870,231060
2150,13,37,232850,234790,234350,234370,234490
2151,13,37,252610,254610,254110,254130,254310
2152,13,37,256100,258100,257600,257620,257800
2153,13,37,261260,263260,262760,262780,262960
2154,13,37,267690,269690,269190,269210,269390
2155,13,37,271910,273940,273410,273430,273640
2156,13,37,274510,276450,276010,276030,276150
2157,13,37,284230,286110,285730,285750,285810
2158,13,37,284260,295410,285760,295100,295110
2159,13,37,293610,295640,295110,295130,295340
2160,13,37,297390,299520,298890,298910,299220
2161,13,37,328330,330330,329830,329850,330030
2162,13,37,345540,347540,347040,347060,347240
2163,13,37,348280,350390,349780,349800,350090
2164,13,37,388330,390440,389830,389850,390140
2165,13,37,400500,402330,402000,402020,402030
2166,13,37,434920,436940,436420,436440,436640
2167,13,37,438680,440810,440180,440200,440510
2168,13,37,458000,460000,459500,459520,459700
2169,13,37,462460,464560,463960,463980,464260
2170,13,37,484140,486150,485640,485660,485850
2171,13,37,502910,504920,504410,504430,504620
2172,13,37,515790,517940,517290,517310,517640
2173,13,37,519420,521320,520920,520940,521020
2174,13,37,534420,536610,535920,535940,536310
2175,13,37,545430,547380,546930,546950,547080
2176,13,37,551380,553210,552880,552900,552910
2177,13,37,554490,556510,555990,556010,556210
2178,13,37,564910,566890,566410,566430,566590
2179,13,37,564940,577460,566440,577150,577160
2180,13,37,575660,577490,577160,577180,577190
2181,13,37,588580,590590,590080,590100,590290
2182,13,37,592980,594980,594480,594500,594680
2183,13,37,595420,597270,596920,596940,596970
2184,13,37,602820,604820,604320,604340,604520
2185,13,37,613650,615480,615150,615170,615180
2186,13,37,613680,623050,615180,622740,622750
2187,13,37,621250,623210,622750,622770,622910
2188,13,37,630450,632720,631950,631970,632420
2189,13,37,633160,635040,634660,634680,634740
2190,13,37,644470,646600,645970,645990,646300
2191,13,37,649030,650860,650530,650550,650560
2192,13,37,680140,682030,681640,681660,681730
2193,13,37,682160,684020,683660,683680,683720
2194,13,37,688390,690220,689890,689910,689920
2195,13,37,695680,697610,697180,697200,697310
2196,13,37,705340,707220,706840,706860,706920
2197,13,37,726430,728360,727930,727950,728060
2198,13,37,734500,736450,736000,736020,736150
2199,13,37,746370,748250,747870,747890,747950
2200,13,37,748890,750720,750390,750410,750420
2201,13,37,748920,758550,750420,758240,758250
2202,13,37,756750,758580,758250,758270,758280
2203,13,37,767050,769100,768550,768580,768800
2204,13,37,784620,786630,786120,786140,786330
2205,13,37,792550,794390,794050,794070,794090
2206,13,37,800020,802020,801520,801540,801720
2207,13,37,810630,812630,812130,812150,812330
2208,13,37,812720,814920,814220,814240,814620
2209,13,37,824170,826280,825670,825690,825980
2210,13,37,826310,828310,827810,827830,828010
2211,13,37,828720,830800,830220,830240,830500
2212,13,37,832550,834560,834050,834070,834260
2213,13,37,836010,838520,837510,837530,838220
2214,13,37,862080,864190,863580,863600,863890
2215,13,37,880730,882700,882230,882260,882400
2216,13,37,894680,896690,896180,896200,896390
2217,13,37,922890,924910,924390,924410,924610
2218,13,37,932760,934720,934260,934280,934420
2219,13,37,946050,948040,947550,947570,947740
2220,13,37,953870,955870,955370,955390,955570
2221,13,37,973980,976250,975480,975500,975950
2222,13,37,974010,989510,975510,989200,989210
2223,13,37,987710,989620,989210,989230,989320
2224,13,37,1011610,1013630,1013110,1013130,1013330
2225,13,37,1014710,1016830,1016210,1016240,1016530
2226,13,37,1051780,1054080,1053280,1053300,1053780
2227,13,37,1054970,1056970,1056470,1056490,1056670
2228,13,37,1069710,1071720,1071210,1071230,1071420
2229,13,37,1075750,1077730,1077250,1077270,1077430
2230,13,37,1077500,1079500,1079000,1079020,1079200
2231,13,37,1103300,1105300,1104800,1104820,1105000
2232,13,37,1110760,1113060,1112260,1112280,1112760
2233,13,37,1113730,1115680,1115230,1115250,1115380
2234,13,38,25740,27740,27240,27260,27440
2235,13,38,27680,29680,29180,29200,29380
2236,13,38,53450,55450,54950,54970,55150
2237,13,38,65830,67830,67330,67350,67530
2238,13,38,70020,72020,71520,71540,71720
2239,13,38,78930,80940,80430,80450,80640
2240,13,38,81090,83090,82590,82610,82790
2241,13,38,118180,120160,119680,119700,119860
2242,13,38,122160,124010,123660,123680,123710
2243,13,38,128720,130940,130220,130240,130640
2244,13,38,139510,141510,141010,141030,141210
2245,13,38,143230,145150,144730,144750,144850
2246,13,38,151400,153420,152900,152920,153120
2247,13,38,152390,154240,153890,153920,153940
2248,13,38,155260,157100,156760,156780,156800
2249,13,38,171650,173700,173150,173170,173400
2250,13,38,214150,216150,215650,215670,215850
2251,13,43,22060,24050,23560,23580,23750
2252,13,46,100570,102570,102070,102090,102270
2253,13,54,217820,219820,219320,219340,219520
2254,13,54,234280,236400,235780,235800,236100
2255,13,54,264360,266420,265860,265880,266120
2256,13,54,300410,302530,301910,301930,302230
2257,13,54,302140,304320,303640,303660,304020
2258,13,54,319790,321790,321290,321310,321490
2259,13,54,324270,326280,325770,325790,325980
2260,13,54,328530,330490,330030,330050,330190
2261,13,54,332970,334980,334470,334490,334680
2262,13,54,357340,359230,358840,358860,358930
2263,13,54,373470,375480,374970,374990,375180
2264,13,54,378490,380410,379990,380010,380110
2265,13,54,389160,391090,390660,390680,390790
2266,13,54,393390,395320,394890,394910,395020
2267,13,54,408070,410180,409570,409590,409880
2268,13,54,412410,414320,413910,413930,414020
2269,13,54,451200,453130,452700,452720,452830
2270,13,54,464840,466780,466340,466360,466480
2271,13,54,469990,471990,471490,471510,471690
2272,13,54,473130,475140,474630,474650,474840
2273,13,54,509090,511020,510590,510610,510720
2274,13,54,529190,531020,530690,530710,530720
2275,13,54,533060,535200,534560,534580,534900
2276,13,54,601410,603410,602910,602930,603110
2277,13,54,605300,607300,606800,606820,607000
2278,13,54,614800,616770,616300,616320,616470
2279,13,54,629000,630910,630500,630520,630610
2280,13,54,641040,642910,642540,642560,642610
2281,13,54,654510,656510,656010,656030,656210
2282,13,54,658660,660530,660160,660180,660230
2283,13,54,694740,696670,696240,696260,696370
2284,13,54,700640,702640,702140,702160,702340
2285,13,54,712890,714820,714390,714410,714520
2286,13,54,733940,735880,735440,735460,735580
2287,13,54,737140,739700,738640,738660,739400
2288,13,54,740190,742170,741690,741710,741870
2289,13,54,753270,755280,754770,754790,754980
2290,13,54,755140,757050,756640,756660,756750
2291,13,54,768370,770540,769870,769890,770240
2292,13,54,790600,792560,792100,792120,792260
2293,13,54,792380,794650,793880,793900,794350
2294,13,54,796850,798790,798350,798380,798490
2295,13,54,798530,800490,800030,800050,800190
2296,13,54,800390,802250,801890,801910,801950
2297,13,54,822790,824680,824290,824310,824380
2298,13,54,828800,830630,830300,830320,830330
2299,13,54,830930,832840,832430,832450,832540
2300,13,54,834370,836330,835870,835890,836030
2301,13,54,843440,845360,844940,844960,845060
2302,13,54,845810,847750,847310,847340,847450
2303,13,54,862430,864430,863930,863950,864130
2304,13,55,64420,66500,65920,65940,66200
2305,13,55,66130,68250,67630,67650,67950
2306,13,55,78450,80380,79950,79970,80080
2307,13,55,92380,94280,93880,93900,93980
2308,13,55,105440,107440,106940,106960,107140
2309,13,55,136950,138830,138450,138470,138530
2310,13,55,142180,144100,143680,143700,143800
2311,13,55,149040,151000,150540,150560,150700
2312,13,55,152090,154090,153590,153610,153790
2313,13,55,152690,154750,154190,154210,154450
2314,13,55,154310,156270,155810,155830,155970
2315,13,55,163100,164930,164600,164620,164630
2316,13,55,168450,170450,169950,169970,170150
2317,13,55,174820,177140,176320,176340,176840
2318,13,55,179430,181410,180930,180950,181110
2319,13,55,188120,190010,189620,189650,189710
2320,13,55,192130,194140,193630,193650,193840
2321,13,55,200890,203160,202390,202410,202860
2322,13,55,213000,214920,214500,214520,214620
2323,13,55,218560,220690,220060,220080,220390
2324,13,55,244300,246310,245800,245820,246010
2325,13,55,278990,281000,280490,280510,280700
2326,13,55,301140,303190,302640,302660,302890
2327,13,55,327050,329170,328550,328570,328870
2328,13,55,329350,331330,330850,330870,331030
2329,13,55,338640,340770,340140,340160,340470
2330,13,55,341000,342950,342500,342520,342650
2331,13,55,345220,347230,346720,346740,346930
2332,13,55,362190,364190,363690,363710,363890
2333,13,55,364110,365970,365610,365640,365670
2334,13,55,377410,379410,378910,378930,379110
2335,13,55,380590,382510,382090,382110,382210
2336,13,55,405040,407050,406540,406560,406750
2337,13,55,411670,413790,413170,413190,413490
2338,13,55,424680,426670,426180,426200,426370
2339,13,55,429690,431520,431190,431210,431220
2340,13,55,432720,434670,434220,434240,434370
2341,13,55,445140,447150,446640,446660,446850
2342,13,55,452350,454360,453850,453870,454060
2343,13,55,465080,467080,466580,466600,466780
2344,13,55,475790,477770,477290,477310,477470
2345,13,55,491250,493250,492750,492770,492950
2346,13,55,502530,504530,504030,504050,504230
2347,13,55,507020,509190,508520,508540,508890
2348,13,55,508240,510240,509740,509760,509940
2349,13,55,510300,512400,511800,511820,512100
2350,13,55,511490,513770,512990,513010,513470
2351,13,55,520010,522010,521510,521530,521710
2352,13,55,520040,537030,521540,536720,536730
2353,13,55,535230,537190,536730,536750,536890
2354,13,55,537820,539930,539320,539340,539630
2355,13,55,545860,547860,547360,547380,547560
2356,13,56,73380,75380,74880,74900,75080
2357,13,56,82670,84610,84170,84190,84310
2358,13,56,91900,93780,93400,93420,93480
2359,13,56,94150,96150,95650,95670,95850
2360,13,56,109900,111910,111400,111420,111610
2361,13,56,130820,132790,132320,132340,132490
2362,13,56,138720,140830,140220,140240,140530
2363,13,56,179300,181140,180800,180820,180840
2364,13,56,187940,190060,189440,189460,189760
2365,13,56,208580,210590,210080,210100,210290
2366,13,56,214540,216540,216040,216060,216240
2367,13,56,230490,232490,231990,232010,232190
2368,13,56,251050,252990,252550,252570,252690
2369,13,56,254440,256350,255940,255960,256050
2370,13,56,282730,284830,284230,284250,284530
2371,13,56,286870,288820,288370,288390,288520
2372,13,56,288890,290890,290390,290410,290590
2373,13,56,299200,301210,300700,300720,300910
2374,13,56,308710,310650,310210,310230,310350
2375,13,56,310620,312570,312120,312140,312270
2376,13,56,316810,318760,318310,318330,318460
2377,13,56,357550,359430,359050,359070,359130
2378,13,56,361080,363140,362580,362600,362840
2379,13,56,369750,371760,371250,371270,371460
2380,13,56,373410,375390,374910,374930,375090
2381,13,56,380750,382990,382250,382270,382690
2382,13,56,380780,387710,382280,387400,387410
2383,13,56,385910,387860,387410,387430,387560
2384,13,56,405400,407400,406900,406920,407100
2385,13,56,407190,409110,408690,408710,408810
2386,13,56,412850,414980,414350,414370,414680
2387,13,56,420310,422310,421810,421830,422010
2388,13,56,423470,425300,424970,424990,425000
2389,13,56,423500,436620,425000,436310,436320
2390,13,56,434820,436820,436320,436340,436520
2391,13,56,439430,441380,440930,440960,441080
2392,13,56,439470,444510,440970,444200,444210
2393,13,56,442710,444690,444210,444230,444390
2394,13,56,446770,448980,448270,448290,448680
2395,13,56,449410,451410,450910,450930,451110
2396,13,56,483520,485350,485020,485040,485050
2397,13,56,485420,487370,486920,486940,487070
2398,13,56,489290,491120,490790,490810,490820
2399,13,56,491820,494030,493320,493350,493730
2400,13,56,504060,506120,505560,505580,505820
2401,13,56,522050,524020,523550,523570,523720
2402,13,56,557430,559360,558930,558960,559060
2403,13,56,560130,562100,561630,561650,561800
2404,13,56,570000,571880,571500,571520,571580
2405,13,56,577740,579600,579240,579260,579300
2406,13,56,583520,585610,585020,585040,585310
2407,13,56,583550,590330,585050,590020,590030
2408,13,56,588530,590470,590030,590050,590170
2409,13,56,608520,610500,610020,610040,610200
2410,13,57,10440,12440,11940,11960,12140
2411,13,57,32080,34080,33580,33600,33780
2412,13,57,34150,36090,35650,35670,35790
2413,13,57,49100,51430,50600,50620,51130
2414,13,57,57590,59590,59090,59110,59290
2415,13,57,61850,63960,63350,63370,63660
2416,13,57,66230,68170,67730,67750,67870
2417,13,57,68490,70320,69990,70010,70020
2418,13,57,78770,80770,80270,80290,80470
2419,13,57,112990,114990,114490,114510,114690
2420,13,57,116260,118260,117760,117780,117960
2421,13,57,131490,133500,132990,133020,133200
2422,13,62,771600,773480,773100,773120,773180
2423,13,62,772270,774350,773770,773790,774050
2424,13,62,777280,779230,778780,778800,778930
2425,13,62,785860,787990,787360,787380,787690
2426,13,63,11870,13870,13370,13390,13570
2427,13,63,54710,56730,56210,56230,56430
2428,13,63,71620,73620,73120,73140,73320
2429,13,63,78830,80830,80330,80350,80530
2430,13,63,93450,95580,94950,94970,95280
2431,13,63,97460,99460,98960,98980,99160
2432,13,63,102630,104640,104130,104150,104340
2433,13,63,108370,110220,109870,109890,109920
2434,13,63,130660,132570,132160,132180,132270
2435,13,63,191160,193100,192660,192680,192800
2436,13,63,192400,194400,193900,193920,194100
2437,13,63,193740,195640,195240,195260,195340
2438,13,63,494540,496590,496040,496060,496290
2439,13,63,496420,498430,497920,497940,498130
2440,13,63,500310,502370,501810,501830,502070
2441,13,127,57270,59290,58770,58790,58990
2442,13,127,59540,61530,61040,61060,61230
2443,13,127,63060,65080,64560,64580,64780
2444,13,127,66810,68810,68310,68330,68510
2445,13,127,109400,111490,110900,110920,111190
2446,13,127,132120,134010,133620,133640,133710
2447,13,127,139940,141920,141440,141460,141620
2448,13,134,33000,34870,34500,34530,34570
2449,13,134,53450,55280,54950,54970,54980
2450,13,134,93500,95500,95000,95020,95200
2451,13,134,96350,98680,97850,97870,98380
2452,13,135,55380,57240,56880,56900,56940
2453,13,135,69800,71790,71300,71320,71490
2454,13,135,71750,73850,73250,73270,73550
2455,13,136,94330,96340,95830,95850,96040
2456,13,136,96850,98850,98350,98370,98550
2457,13,136,115350,117310,116850,116870,117010
2458,13,136,138430,140330,139930,139950,140030
2459,13,136,162370,164380,163870,163890,164080
2460,13,136,165910,167920,167410,167430,167620
2461,13,136,185490,187410,186990,187010,187110
2462,13,136,213500,215500,215000,215020,215200
2463,13,143,138370,140290,139870,139890,139990
2464,13,143,139940,141900,141440,141460,141600
2465,13,143,165370,167270,166870,166890,166970
2466,13,143,166070,167960,167570,167590,167660
2467,13,143,166810,168870,168310,168330,168570
2468,13,143,169000,171000,170500,170520,170700
2469,13,143,226620,228630,228120,228140,228330
2470,13,143,264340,266310,265840,265860,266010
2471,13,143,266730,268650,268230,268250,268350
2472,14,1,33600,35520,35100,35120,35220
2473,14,1,246470,248480,247970,247990,248180
2474,14,1,253810,255810,255310,255330,255510
2475,14,1,259850,261850,261350,261370,261550
2476,14,1,265110,267100,266610,266630,266800
2477,14,1,268840,270850,270340,270360,270550
2478,14,1,271050,273000,272550,272570,272700
2479,14,1,275740,277740,277240,277260,277440
2480,14,1,281660,283500,283160,283180,283200
2481,14,1,299840,301860,301340,301360,301560
2482,14,1,329520,331530,331020,331040,331230
2483,14,1,331520,333470,333020,333040,333170
2484,14,1,331550,340110,333050,339800,339810
2485,14,1,338310,340480,339810,339830,340180
2486,14,1,362940,364870,364440,364460,364570
2487,14,8,80370,82470,81870,81890,82170
2488,14,8,91680,93690,93180,93200,93390
2489,14,8,107000,109010,108500,108530,108710
2490,14,28,23110,24940,24610,24630,24640
2491,14,28,24030,26070,25530,25550,25770
2492,14,28,52210,54080,53710,53730,53780
2493,14,28,53510,55580,55010,55030,55280
2494,14,28,62760,64850,64260,64280,64550
2495,14,28,66500,68500,68000,68020,68200
2496,14,53,14040,16170,15540,15560,15870
2497,14,53,27270,29190,28770,28790,28890
2498,14,53,39650,41680,41150,41170,41380
2499,14,53,43860,45860,45360,45380,45560
2500,14,53,44770,46890,46270,46290,46590
2501,14,53,45690,47640,47190,47210,47340
2502,14,53,62970,64880,64470,64490,64580
2503,14,53,66790,68800,68290,68320,68500
2504,14,57,99620,101620,101120,101140,101320
2505,14,57,101810,103730,103310,103330,103430
2506,14,58,18230,20260,19730,19750,19960
2507,14,58,19280,21110,20780,20800,20810
2508,14,58,23490,25530,24990,25020,25230
2509,14,58,24000,26000,25500,25520,25700
2510,14,58,25530,27690,27030,27050,27390
2511,14,58,26690,28700,28190,28210,28400
2512,14,58,31320,33170,32820,32840,32870
2513,14,58,34080,36090,35580,35600,35790
2514,14,58,42730,44730,44230,44250,44430
2515,14,58,44580,46420,46080,46100,46120
2516,14,58,54790,56620,56290,56310,56320
2517,14,58,58340,60300,59840,59860,60000
2518,14,58,69570,71570,71070,71090,71270
2519,14,58,71580,73540,73080,73100,73240
2520,14,68,44970,46850,46470,46490,46550
2521,14,75,15670,17680,17170,17190,17380
2522,14,75,26520,28530,28020,28040,28230
2523,14,75,35580,37430,37080,37100,37130
2524,14,75,44140,46190,45640,45660,45890
2525,14,75,56460,58470,57960,57980,58170
2526,14,75,63850,65820,65350,65370,65520
2527,14,75,77950,79960,79450,79470,79660
2528,14,93,97070,99120,98570,98600,98820
2529,14,103,113280,115430,114780,114800,115130
2530,14,103,120510,122430,122010,122030,122130
2531,14,103,121620,123620,123120,123140,123320
2532,14,103,126550,128550,128050,128070,128250
2533,14,103,127860,129880,129360,129380,129580
2534,14,103,133660,135670,135160,135180,135370
2535,14,103,134350,136210,135850,135870,135910
2536,14,103,135080,137090,136580,136600,136790
2537,14,104,23840,25840,25340,25360,25540
2538,14,104,27420,29360,28920,28940,29060
2539,14,104,30290,32130,31790,31810,31830
2540,14,121,188100,190180,189600,189620,189880
2541,14,145,13490,15610,14990,15010,15310
2542,14,145,22080,24090,23580,23600,23790
2543,14,145,33370,35310,34870,34890,35010
2544,14,145,41440,43270,42940,42960,42970
2545,14,145,55460,57470,56960,56980,57170
2546,14,145,57930,59840,59430,59450,59540
2547,14,145,60590,62610,62090,62110,62310
2548,14,145,71480,73480,72980,73000,73180
2549,14,145,76780,78800,78280,78300,78500
2550,14,145,77280,79270,78780,78800,78970
2551,14,145,79420,81530,80920,80940,81230
2552,14,145,80590,82600,82090,82110,82300
2553,14,161,69450,71310,70950,70970,71010
2554,14,161,92270,94210,93770,93790,93910
2555,14,161,96660,98660,98160,98180,98360
2556,14,161,98720,100610,100220,100240,100310
2557,14,161,142700,144540,144200,144230,144240
2558,14,161,145260,147230,146760,146790,146930
2559,14,161,200120,201990,201620,201640,201690
2560,14,161,264480,266490,265980,266000,266190
2561,14,161,289360,291200,290860,290880,290900
2562,14,161,289390,299840,290890,299530,299540
2563,14,161,298040,300060,299540,299560,299760
2564,14,161,310720,312560,312220,312240,312260
2565,14,161,310750,387770,312250,387460,387470
2566,14,161,385970,387830,387470,387490,387530
2567,14,161,406790,408650,408290,408310,408350
2568,14,161,462790,464800,464290,464310,464500
2569,14,161,489490,491420,490990,491020,491120
2570,14,161,493450,495310,494950,494970,495010
2571,14,161,494550,496630,496050,496070,496330
2572,14,161,503860,505860,505360,505380,505560
2573,14,162,10620,12450,12120,12140,12150
2574,14,162,38140,40140,39640,39660,39840
2575,14,162,46230,48060,47730,47750,47760
2576,14,162,68770,70650,70270,70290,70350
2577,14,162,89830,91840,91330,91350,91540
2578,14,162,100000,101970,101500,101520,101670
2579,14,162,119260,121260,120760,120780,120960
2580,14,162,121040,123040,122540,122560,122740
2581,14,162,174460,176460,175960,175980,176160
2582,14,162,177870,179880,179370,179390,179580
2583,14,162,199040,201050,200540,200560,200750
2584,14,162,209630,211630,211130,211150,211330
2585,14,162,212380,214220,213880,213910,213920
2586,14,162,237590,239440,239090,239110,239140
2587,14,162,260520,262520,262020,262040,262220
2588,14,162,280640,282610,282140,282160,282310
2589,14,162,294790,296660,296290,296310,296360
2590,14,162,301400,303410,302900,302930,303110
2591,14,162,321100,322940,322600,322620,322640
2592,14,162,322480,324440,323980,324000,324140
2593,14,162,356960,358970,358460,358480,358670
2594,14,162,358670,360660,360170,360190,360360
2595,14,162,371800,373800,373300,373320,373500
2596,14,162,380510,382370,382010,382030,382070
2597,14,162,388000,390030,389500,389520,389730
2598,14,162,487300,489300,488800,488820,489000
2599,14,162,504100,506060,505600,505620,505760
2600,14,162,510510,512350,512010,512030,512050
2601,14,162,512400,514330,513900,513920,514030
2602,14,162,524280,526110,525780,525800,525810
2603,14,162,525550,527400,527050,527070,527100
2604,14,162,567530,569400,569030,569050,569100
2605,14,162,568810,570810,570310,570330,570510
2606,14,162,577340,579350,578840,578860,579050
2607,14,162,580960,582960,582460,582480,582660
2608,14,162,592560,594390,594060,594080,594090
2609,14,182,464900,466890,466400,466430,466590
2610,14,182,733460,735360,734960,734980,735060
2611,14,189,106240,108070,107740,107760,107770
2612,14,189,115850,117850,117350,117370,117550
2613,14,189,208110,210080,209610,209630,209780
2614,14,189,378020,380020,379520,379540,379720
2615,14,189,399900,401810,401400,401420,401510
2616,14,189,431790,433790,433290,433310,433490
2617,14,189,442030,443940,443530,443550,443640
2618,14,189,448970,450810,450470,450490,450510
2619,14,189,467020,469030,468520,468540,468730
2620,14,189,470480,472480,471980,472000,472180
2621,14,189,486940,488950,488440,488460,488650
2622,14,189,490320,492450,491820,491840,492150
2623,14,189,509600,511460,511100,511130,511160
2624,14,189,512250,514310,513750,513770,514010
2625,14,189,537290,539120,538790,538810,538820
2626,14,189,540770,542620,542270,542290,542320
2627,14,189,583730,585740,585230,585250,585440
2628,14,189,587210,589210,588710,588730,588910
2629,14,190,14500,16520,16000,16030,16220
2630,14,190,60370,62370,61870,61890,62070
2631,14,190,62250,64250,63750,63770,63950
2632,14,190,131200,133090,132700,132720,132790
2633,14,190,132630,134560,134130,134150,134260
2634,14,190,140500,142510,142000,142020,142210
2635,14,190,155930,157920,157430,157450,157620
2636,14,190,160440,162390,161940,161970,162090
2637,14,190,160480,206130,161980,205820,205830
2638,14,190,204330,206320,205830,205850,206020
2639,14,190,245630,247630,247130,247150,247330
2640,14,190,279440,281300,280940,280960,281000
2641,14,190,327260,329260,328760,328780,328960
2642,14,190,334910,336910,336410,336430,336610
2643,14,190,396310,398150,397810,397830,397850
2644,14,190,412490,414590,413990,414010,414290
2645,14,190,421520,423470,423020,423040,423170
2646,14,198,108320,110160,109820,109840,109860
2647,14,198,115120,117130,116620,116640,116830
2648,14,200,33360,35370,34860,34880,35070
2649,14,200,48220,50110,49720,49740,49810
2650,14,200,50240,52360,51740,51760,52060
2651,14,200,53370,55540,54870,54890,55240
2652,14,200,55090,56950,56590,56610,56650
2653,14,200,62920,65040,64420,64440,64740
2654,14,200,65320,67150,66820,66840,66850
2655,14,200,66300,68260,67800,67820,67960
2656,14,200,68830,70840,70330,70350,70540
2657,14,200,70810,72820,72310,72330,72520
2658,14,205,97910,99910,99410,99430,99610
2659,14,205,101150,103160,102650,102670,102860
2660,14,205,104140,106000,105640,105660,105700
2661,14,205,215670,217660,217170,217190,217360
2662,14,205,226140,228140,227640,227660,227840
2663,14,205,227030,229030,228530,228550,228730
2664,15,4,76710,78830,78210,78230,78530
2665,15,4,106580,108580,108080,108100,108280
2666,15,4,156740,158740,158240,158260,158440
2667,15,35,114060,116070,115560,115580,115770
2668,15,35,121610,123610,123110,123130,123310
2669,15,37,79540,81380,81040,81060,81080
2670,15,66,37120,39130,38620,38640,38830
2671,15,67,41890,43850,43390,43410,43550
2672,15,67,68390,70320,69890,69910,70020
2673,15,67,78240,80140,79740,79760,79840
2674,15,67,80210,82180,81710,81730,81880
2675,15,82,100410,102460,101910,101930,102160
2676,15,82,103410,105410,104910,104930,105110
2677,15,82,103440,110650,104940,110340,110350
2678,15,82,108850,110830,110350,110370,110530
2679,15,83,47160,49120,48660,48680,48820
2680,15,83,51310,53310,52810,52830,53010
2681,15,83,55750,57750,57250,57270,57450
2682,15,89,26160,28160,27660,27680,27860
2683,15,89,38770,40610,40270,40290,40310
2684,15,125,245800,247800,247300,247320,247500
2685,15,125,259880,261830,261380,261400,261530
2686,15,131,189080,191080,190580,190600,190780
2687,15,131,193980,195930,195480,195500,195630
2688,15,131,214230,216240,215730,215750,215940
2689,15,139,59650,61510,61150,61170,61210
2690,15,146,115010,116920,116510,116530,116620
2691,15,146,117560,119450,119060,119080,119150
2692,15,146,123030,125030,124530,124550,124730
2693,15,146,132680,134720,134180,134200,134420
2694,15,146,149270,151140,150770,150790,150840
2695,15,146,154550,156550,156050,156070,156250
2696,15,146,157370,159230,158870,158890,158930
2697,15,146,159490,161490,160990,161010,161190
2698,15,174,159760,161760,161260,161280,161460
2699,15,176,151430,153410,152930,152950,153110
2700,15,176,178790,180910,180290,180310,180610
2701,15,176,180450,182610,181950,181970,182310
2702,15,176,182510,184510,184010,184030,184210
2703,15,176,225790,227620,227290,227310,227320
2704,15,176,244480,246460,245980,246000,246160
2705,15,176,257890,260020,259390,259410,259720
2706,16,2,37830,39830,39330,39350,39530
2707,16,2,41020,43030,42520,42540,42730
2708,16,2,63500,65440,65000,65020,65140
2709,16,2,691410,693420,692910,692930,693120
2710,16,2,700450,702450,701950,701970,702150
2711,16,3,26040,28090,27540,27560,27790
2712,16,21,38240,40240,39740,39760,39940
2713,16,21,40940,42940,42440,42460,42640
2714,16,21,53260,55090,54760,54780,54790
2715,16,21,69470,71480,70970,70990,71180
2716,16,21,77160,79160,78660,78680,78860
2717,16,21,79200,81180,80700,80720,80880
2718,16,21,130420,132430,131920,131940,132130
2719,16,21,132390,134340,133890,133910,134040
2720,16,21,138120,140130,139620,139640,139830
2721,16,21,141110,143120,142610,142640,142820
2722,16,32,37570,39570,39070,39090,39270
2723,16,32,38480,40480,39980,40000,40180
2724,16,32,43240,45250,44740,44760,44950
2725,16,33,80060,82060,81560,81580,81760
2726,16,33,81260,83260,82760,82780,82960
2727,16,33,85910,87850,87410,87430,87550
2728,16,33,92830,94830,94330,94350,94530
2729,16,39,213880,215880,215380,215400,215580
2730,16,39,473310,475320,474810,474830,475020
2731,16,39,478420,480420,479920,479940,480120
2732,16,39,482560,484400,484060,484080,484100
2733,16,39,483490,485450,484990,485010,485150
2734,16,39,487380,489390,488880,488900,489090
2735,16,39,487410,493570,488910,493260,493270
2736,16,39,491770,493770,493270,493290,493470
2737,16,39,498910,500860,500410,500430,500560
2738,16,39,501610,503500,503110,503130,503200
2739,16,39,504580,506660,506080,506100,506360
2740,16,39,505980,507900,507480,507500,507600
2741,16,52,61490,63520,62990,63010,63220
2742,16,52,62510,64520,64010,64030,64220
2743,16,52,69800,71810,71300,71320,71510
2744,16,53,35910,37780,37410,37430,37480
2745,16,56,17420,19430,18920,18940,19130
2746,16,56,19590,21600,21090,21120,21300
2747,16,56,22500,24400,24000,24020,24100
2748,16,57,91550,93560,93050,93070,93260
2749,16,57,94270,96270,95770,95790,95970
2750,16,57,99860,101840,101360,101380,101540
2751,16,57,106850,108850,108350,108370,108550
2752,16,70,24270,26300,25770,25790,26000
2753,16,70,24910,26910,26410,26430,26610
2754,16,70,29570,31570,31070,31090,31270
2755,16,70,31320,33330,32820,32840,33030
2756,16,70,50520,52370,52020,52040,52070
2757,16,70,52700,54710,54200,54220,54410
2758,16,71,31420,33420,32920,32940,33120
2759,16,71,42540,44370,44040,44060,44070
2760,16,71,45420,47270,46920,46940,46970
2761,16,71,68840,70850,70340,70360,70550
2762,16,71,75140,76970,76640,76660,76670
2763,16,75,24900,26920,26400,26420,26620
2764,16,76,112320,114320,113820,113840,114020
2765,16,76,112350,119490,113850,119180,119190
2766,16,76,117690,119690,119190,119210,119390
2767,16,76,123400,125230,124900,124920,124930
2768,16,79,16600,18630,18100,18120,18330
2769,16,95,194330,196160,195830,195850,195860
2770,16,95,195920,197920,197420,197440,197620
2771,16,98,22500,24510,24000,24020,24210
2772,16,98,27260,29260,28760,28780,28960
2773,16,98,28760,30770,30260,30280,30470
2774,16,98,34440,36430,35940,35960,36130
2775,16,100,93960,95990,95460,95480,95690
2776,16,100,101800,103800,103300,103320,103500
2777,16,100,117570,119530,119070,119090,119230
2778,16,100,133370,135370,134870,134890,135070
2779,16,100,150050,151880,151550,151570,151580
2780,16,100,155490,157490,156990,157010,157190
2781,16,102,27840,29840,29340,29360,29540
2782,16,102,29560,31870,31060,31080,31570
2783,16,103,29910,31740,31410,31430,31440
2784,16,103,31440,33390,32940,32960,33090
2785,16,103,44440,46270,45940,45960,45970
2786,16,103,46000,48010,47500,47520,47710
2787,16,103,76310,78310,77810,77830,78010
2788,16,104,33160,35020,34660,34680,34720
2789,16,104,34970,36800,36470,36490,36500
2790,16,104,43880,45780,45380,45400,45480
2791,16,104,43910,65930,45410,65620,65630
2792,16,104,64130,66140,65630,65650,65840
2793,16,115,27270,29100,28770,28790,28800
2794,16,115,53300,55310,54800,54830,55010
2795,16,115,59620,61610,61120,61140,61310
2796,16,115,62420,64420,63920,63940,64120
2797,17,1,33650,35660,35150,35170,35360
2798,17,1,64270,66280,65770,65790,65980
2799,17,1,66230,68230,67730,67750,67930
2800,17,1,68590,70590,70090,70110,70290
2801,17,1,78600,80580,80100,80120,80280
2802,17,1,83690,85630,85190,85210,85330
2803,17,1,88270,90140,89770,89790,89840
2804,17,1,105650,107660,107150,107170,107360
2805,17,1,113130,115130,114630,114650,114830
2806,17,1,239880,241720,241380,241400,241420
2807,17,1,266390,268360,267890,267910,268060
2808,17,1,279740,281750,281240,281260,281450
2809,17,1,291960,293960,293460,293480,293660
2810,17,1,332070,333970,333570,333590,333670
2811,17,28,46100,48100,47600,47620,47800
2812,17,28,52600,54650,54100,54120,54350
2813,17,28,55460,57510,56960,56980,57210
2814,17,28,63640,65640,65140,65160,65340
2815,17,28,73480,75480,74980,75000,75180
2816,17,28,75470,77470,76970,76990,77170
2817,17,28,77200,79180,78700,78720,78880
2818,17,57,51530,53540,53030,53050,53240
2819,17,57,59460,61470,60960,60980,61170
2820,17,62,21470,23440,22970,22990,23140
2821,17,62,46500,48510,48000,48020,48210
2822,17,62,58000,59900,59500,59520,59600
2823,17,63,13910,15910,15410,15430,15610
2824,17,63,14640,16700,16140,16160,16400
2825,17,63,17560,19550,19060,19080,19250
2826,17,64,16710,18720,18210,18230,18420
2827,17,64,17590,19600,19090,19110,19300
2828,17,64,18210,20200,19710,19730,19900
2829,17,64,21320,23180,22820,22840,22880
2830,17,64,39050,41050,40550,40570,40750
2831,17,64,47730,49620,49230,49250,49320
2832,17,98,28690,30550,30190,30210,30250
2833,17,98,31140,33140,32640,32660,32840
2834,17,98,32470,34470,33970,33990,34170
2835,17,98,33010,34980,34510,34530,34680
2836,17,107,37920,40020,39420,39440,39720
2837,17,107,40000,42120,41500,41520,41820
2838,17,107,46510,48510,48010,48030,48210
2839,17,107,49060,50910,50560,50580,50610
2840,17,116,21920,24030,23420,23440,23730
2841,17,116,23330,25260,24830,24850,24960
2842,17,116,71980,73980,73480,73500,73680
2843,17,135,176290,178300,177790,177810,178000
2844,17,135,177320,179320,178820,178840,179020
2845,17,135,179920,181770,181420,181440,181470
2846,17,135,231790,234000,233290,233310,233700
2847,17,135,334210,336210,335710,335730,335910
2848,17,135,336140,338150,337640,337660,337850
2849,17,135,437000,438830,438500,438520,438530
2850,17,135,440610,442620,442110,442130,442320
2851,17,135,494260,496580,495760,495780,496280
2852,17,135,495880,497730,497380,497410,497430
2853,17,135,564890,566890,566390,566410,566590
2854,17,136,52650,54660,54150,54170,54360
2855,17,136,98860,100860,100360,100380,100560
2856,17,136,137330,139330,138830,138850,139030
2857,17,136,236630,238510,238130,238150,238210
2858,17,136,244480,246480,245980,246000,246180
2859,17,136,247130,249270,248630,248650,248970
2860,17,136,255900,257900,257400,257420,257600
2861,17,136,258930,260950,260430,260450,260650
2862,17,136,273740,275740,275240,275260,275440
2863,17,136,276970,278980,278470,278490,278680
2864,17,136,318160,320170,319660,319680,319870
2865,17,136,326220,328140,327720,327740,327840
2866,17,139,37360,39250,38860,38880,38950
2867,17,139,62550,64600,64050,64070,64300
2868,17,139,75200,77200,76700,76720,76900
2869,17,139,78970,80990,80470,80490,80690
2870,17,139,99470,101480,100970,100990,101180
2871,17,139,101920,103930,103420,103440,103630
2872,17,139,175140,177050,176640,176660,176750
2873,17,139,179750,181760,181250,181270,181460
2874,17,139,181190,183190,182690,182710,182890
2875,17,139,197630,199630,199130,199150,199330
2876,17,139,218140,220140,219640,219660,219840
2877,17,139,235550,237550,237050,237070,237250
2878,17,139,251560,253560,253060,253080,253260
2879,17,139,283310,285140,284810,284830,284840
2880,17,139,290270,292280,291770,291790,291980
2881,17,139,295240,297260,296740,296760,296960
2882,17,139,299170,301170,300670,300690,300870
2883,17,139,320190,322200,321690,321710,321900
2884,17,139,338670,340540,340170,340190,340240
2885,17,139,340050,342060,341550,341570,341760
2886,17,139,347920,349920,349420,349440,349620
2887,17,139,353080,355000,354580,354600,354700
2888,17,139,363230,365230,364730,364750,364930
2889,17,139,365520,367380,367020,367050,367080
2890,17,139,377470,379480,378970,378990,379180
2891,17,139,379420,381420,380920,380940,381120
2892,17,139,394250,396080,395750,395770,395780
2893,17,139,403070,404940,404570,404590,404640
2894,17,144,64950,66900,66450,66470,66600
2895,17,153,29640,31540,31140,31160,31240
2896,17,153,41350,43360,42850,42880,43060
2897,17,153,75600,77500,77100,77120,77200
2898,17,162,96420,98300,97920,97940,98000
2899,17,162,100300,102400,101800,101820,102100
2900,17,162,102120,104120,103620,103640,103820
2901,17,162,107770,109880,109270,109290,109580
2902,17,162,378780,380780,380280,380300,380480
2903,17,163,235720,237550,237220,237240,237250
2904,17,163,238750,240750,240250,240270,240450
2905,17,163,242860,244860,244360,244380,244560
2906,17,163,244340,246240,245840,245860,245940
2907,17,163,250410,252430,251910,251930,252130
2908,17,163,251250,253260,252750,252770,252960
2909,17,163,400130,402000,401630,401650,401700
2910,17,163,403140,405130,404640,404660,404830
2911,17,163,427620,429600,429120,429140,429300
2912,17,164,26440,28370,27940,27960,28070
2913,17,164,47200,49190,48700,48720,48890
2914,17,164,56840,58670,58340,58360,58370
2915,17,164,59620,61470,61120,61140,61170
2916,17,164,82030,84030,83530,83550,83730
2917,17,164,83840,85860,85340,85360,85560
2918,17,164,103030,104860,104530,104550,104560
2919,17,164,106850,108850,108350,108370,108550
2920,17,164,109410,111460,110910,110930,111160
2921,17,164,119160,121040,120660,120680,120740
2922,17,164,137280,139280,138780,138800,138980
2923,17,164,141220,143240,142720,142740,142940
2924,17,164,163030,165040,164530,164550,164740
2925,17,164,167910,169910,169410,169430,169610
2926,17,164,182250,184260,183750,183770,183960
2927,17,164,184240,186340,185740,185760,186040
2928,17,164,185810,187810,187310,187330,187510
2929,17,164,187800,189850,189300,189320,189550
2930,17,164,193970,195970,195470,195490,195670
2931,17,164,194810,196820,196310,196330,196520
2932,17,164,205250,207230,206750,206770,206930
2933,17,164,245930,247990,247430,247450,247690
2934,17,164,255500,257500,257000,257020,257200
2935,17,164,260010,261860,261510,261530,261560
2936,17,164,273790,275800,275290,275310,275500
2937,17,164,283530,285430,285030,285050,285130
2938,17,164,290930,292930,292430,292450,292630
2939,17,164,302310,304200,303810,303830,303900
2940,17,164,305920,307920,307420,307440,307620
2941,17,164,360550,362560,362050,362070,362260
2942,17,174,107900,109860,109400,109420,109560
2943,17,174,112980,114940,114480,114500,114640
2944,17,175,122730,124740,124230,124250,124440
2945,17,175,122760,137930,124260,137620,137630
2946,17,175,136130,137960,137630,137650,137660
2947,17,176,35930,37870,37430,37450,37570
2948,17,176,42330,44330,43830,43850,44030
2949,17,176,43620,45630,45120,45140,45330
2950,17,176,48840,50840,50340,50360,50540
2951,17,176,63290,65240,64790,64810,64940
2952,17,176,70590,72510,72090,72110,72210
2953,17,176,96580,98600,98080,98100,98300
2954,17,177,22670,24560,24170,24190,24260
2955,17,222,231750,233710,233250,233270,233410
2956,17,222,232940,234790,234440,234460,234490
2957,17,222,252780,254900,254280,254300,254600
2958,17,222,254560,256520,256060,256080,256220
2959,17,222,260000,262000,261500,261520,261700
2960,17,222,293640,295650,295140,295160,295350
2961,17,222,305920,307910,307420,307440,307610
2962,17,222,316510,318520,318010,318030,318220
2963,17,222,335070,337170,336570,336590,336870
2964,17,222,338400,340410,339900,339920,340110
2965,17,222,346960,348970,348460,348480,348670
2966,17,222,350500,352560,352000,352020,352260
2967,17,222,357990,359970,359490,359510,359670
2968,17,222,359780,361700,361280,361300,361400
2969,17,222,361030,363030,362530,362550,362730
2970,17,222,362810,364810,364310,364330,364510
2971,17,222,404280,406280,405780,405800,405980
2972,18,1,55590,57590,57090,57110,57290
2973,18,1,65980,67900,67480,67500,67600
2974,18,1,67590,69520,69090,69110,69220
2975,18,1,159280,161280,160780,160800,160980
2976,18,2,32160,34140,33660,33690,33840
2977,18,2,90100,92100,91600,91620,91800
2978,18,2,93730,95620,95230,95250,95320
2979,18,2,96380,98380,97880,97900,98080
2980,18,2,101410,103410,102910,102930,103110
2981,18,2,105120,107090,106620,106640,106790
2982,18,2,126530,128460,128030,128050,128160
2983,18,2,131240,133170,132740,132760,132870
2984,18,2,140840,142840,142340,142360,142540
2985,18,2,143620,145600,145120,145140,145300
2986,18,18,49410,51410,50910,50930,51110
2987,18,18,52160,54160,53660,53680,53860
2988,18,18,88160,90070,89660,89680,89770
2989,18,18,90060,92060,91560,91580,91760
2990,18,18,107470,109300,108970,108990,109000
2991,18,18,109670,111760,111170,111190,111460
2992,18,18,133880,135880,135380,135400,135580
2993,18,18,138920,140970,140420,140440,140670
2994,18,18,146950,148780,148450,148470,148480
2995,18,18,157070,158940,158570,158590,158640
2996,18,18,160070,162070,161570,161590,161770
2997,18,18,167560,169560,169060,169080,169260
2998,18,18,203000,204890,204500,204520,204590
2999,18,18,226780,228710,228280,228300,228410
3000,18,18,228870,230700,230370,230390,230400
3001,18,18,293490,295610,294990,295010,295310
3002,18,18,298950,300930,300450,300470,300630
3003,18,18,328540,330540,330040,330060,330240
3004,18,18,330660,332500,332160,332180,332200
3005,18,18,342910,344910,344410,344430,344610
3006,18,25,18310,20430,19810,19830,20130
3007,18,25,35140,36970,36640,36660,36670
3008,18,25,39870,41880,41370,41390,41580
3009,18,25,45990,47990,47490,47510,47690
3010,18,25,76290,78310,77790,77810,78010
3011,18,25,80370,82470,81870,81890,82170
3012,18,25,88130,89960,89630,89650,89660
3013,18,25,92030,93940,93530,93550,93640
3014,18,25,102980,104860,104480,104500,104560
3015,18,25,105330,107330,106830,106850,107030
3016,18,25,125750,127750,127250,127270,127450
3017,18,25,126470,128480,127970,127990,128180
3018,18,25,131000,133000,132500,132520,132700
3019,18,25,137120,139120,138620,138640,138820
3020,18,25,157650,159530,159150,159170,159230
3021,18,25,159100,161240,160600,160620,160940
3022,18,25,174100,176100,175600,175620,175800
3023,18,25,200310,202260,201810,201830,201960
3024,18,27,66700,68700,68200,68220,68400
3025,18,27,108540,110380,110040,110060,110080
3026,18,27,138060,140060,139560,139580,139760
3027,18,27,152490,154670,153990,154010,154370
3028,18,28,38280,40330,39780,39800,40030
3029,18,29,44610,46440,46110,46130,46140
3030,18,29,79110,80970,80610,80630,80670
3031,18,29,79680,81510,81180,81200,81210
3032,18,30,80580,82580,82080,82100,82280
3033,18,30,84350,86340,85850,85870,86040
3034,18,30,89080,90970,90580,90600,90670
3035,18,30,96320,98320,97820,97840,98020
3036,18,30,97320,99320,98820,98840,99020
3037,18,30,105300,107370,106800,106820,107070
3038,18,30,106050,108050,107550,107570,107750
3039,18,30,112550,114550,114050,114070,114250
3040,18,32,62190,64020,63690,63710,63720
3041,18,32,81930,83930,83430,83450,83630
3042,18,32,132980,134990,134480,134500,134690
3043,18,32,139630,141630,141130,141150,141330
3044,18,32,192080,194060,193580,193600,193760
3045,18,33,130440,132440,131940,131960,132140
3046,18,33,160420,162530,161920,161940,162230
3047,18,33,186050,188110,187550,187570,187810
3048,18,33,189910,191920,191410,191430,191620
3049,18,33,209800,211800,211300,211320,211500
3050,18,33,211710,213800,213210,213230,213500
3051,18,34,46840,48860,48340,48360,48560
3052,18,34,62220,64220,63720,63740,63920
3053,18,34,65000,66860,66500,66520,66560
3054,18,34,68910,70910,70410,70440,70610
3055,18,34,89900,92080,91400,91420,91780
3056,18,34,104260,106350,105760,105780,106050
3057,18,37,17760,19620,19260,19280,19320
3058,18,43,57700,59710,59200,59230,59410
3059,18,43,59840,61740,61340,61360,61440
3060,18,43,62630,64730,64130,64150,64430
3061,18,43,64580,66740,66080,66100,66440
3062,18,43,67840,69670,69340,69360,69370
3063,18,43,76420,78460,77920,77940,78160
3064,18,43,79990,82000,81490,81510,81700
3065,18,43,89740,91740,91240,91260,91440
3066,18,43,91660,93490,93160,93180,93190
3067,18,43,95190,97080,96690,96710,96780
3068,18,43,98300,100300,99800,99820,100000
3069,18,43,101530,103510,103030,103050,103210
3070,18,43,105400,107230,106900,106920,106930
3071,18,43,106510,108490,108010,108030,108190
3072,18,43,128470,130640,129970,129990,130340
3073,18,43,150880,152860,152380,152400,152560
3074,18,43,173980,175980,175480,175500,175680
3075,18,43,180050,181910,181550,181570,181610
3076,18,49,38970,40970,40470,40490,40670
3077,18,49,42100,43980,43600,43620,43680
3078,18,49,43230,45230,44730,44750,44930
3079,18,49,72510,74510,74010,74030,74210
3080,18,49,73910,75950,75410,75430,75650
3081,18,49,89300,91300,90800,90820,91000
3082,18,49,91510,93510,93010,93030,93210
3083,18,49,112830,114680,114330,114360,114380
3084,18,49,128630,130630,130130,130150,130330
3085,18,50,79150,81220,80650,80670,80920
3086,18,52,82570,84410,84070,84100,84110
3087,18,52,85730,87900,87230,87250,87600
3088,18,53,125250,127220,126750,126770,126920
3089,18,53,126270,128320,127770,127790,128020
3090,18,53,126990,128980,128490,128510,128680
3091,18,53,130260,132170,131760,131780,131870
3092,18,53,132210,134050,133710,133730,133750
3093,18,53,133150,135150,134650,134670,134850
3094,18,53,135820,137980,137320,137340,137680
3095,18,53,137110,138960,138610,138630,138660
3096,18,62,18400,20520,19900,19920,20220
3097,18,62,19100,21110,20600,20620,20810
3098,18,62,22310,24210,23810,23830,23910
3099,18,62,31130,32970,32630,32650,32670
3100,18,65,25890,27770,27390,27420,27470
3101,18,65,32790,34660,34290,34320,34360
3102,18,68,96570,98590,98070,98090,98290
3103,18,68,97860,99810,99360,99380,99510
3104,18,68,98750,100750,100250,100270,100450
3105,18,71,31930,33870,33430,33450,33570
3106,18,71,53970,55860,55470,55490,55560
3107,18,71,65990,67990,67490,67510,67690
3108,18,71,76470,78300,77970,77990,78000
3109,18,71,86770,88720,88270,88290,88420
3110,18,71,96810,99020,98310,98330,98720
3111,18,71,113420,115390,114920,114940,115090
3112,18,71,120540,122540,122040,122060,122240
3113,18,71,122340,124210,123840,123860,123910
3114,18,71,135330,137360,136830,136850,137060
3115,18,71,144310,146320,145810,145830,146020
3116,18,71,146300,148310,147800,147820,148010
3117,18,71,149020,151020,150520,150540,150720
3118,18,71,152700,154630,154200,154220,154330
3119,18,71,196900,198900,198400,198420,198600
3120,18,71,205740,207740,207240,207260,207440
3121,18,71,225870,227740,227370,227390,227440
3122,18,78,22130,24130,23630,23650,23830
3123,18,78,33210,35220,34710,34730,34920
3124,18,78,36440,38440,37940,37960,38140
3125,18,78,49770,51600,51270,51290,51300
3126,18,78,49800,54010,51300,53700,53710
3127,18,78,52210,54110,53710,53730,53810
3128,18,78,79790,81790,81290,81310,81490
3129,18,78,83760,85740,85260,85280,85440
3130,18,78,108450,110330,109950,109970,110030
3131,18,78,122740,124580,124240,124260,124280
3132,18,78,155910,157910,157410,157430,157610
3133,18,78,160140,162140,161640,161660,161840
3134,18,78,177950,179970,179450,179470,179670
3135,18,78,182970,184970,184470,184490,184670
3136,18,78,202010,203880,203510,203530,203580
3137,18,78,203110,205080,204610,204640,204780
3138,18,78,211040,213040,212540,212560,212740
3139,18,80,44780,46890,46280,46300,46590
3140,18,80,46330,48350,47830,47850,48050
3141,18,80,52590,54700,54090,54110,54400
3142,18,80,72240,74320,73740,73760,74020
3143,18,80,74890,76870,76390,76410,76570
3144,18,80,86100,88100,87600,87620,87800
3145,18,80,87390,89400,88890,88910,89100
3146,18,80,121100,123090,122600,122630,122790
3147,18,80,123420,125420,124920,124940,125120
3148,18,80,144830,146660,146330,146350,146360
3149,18,80,177160,179160,178660,178680,178860
3150,18,80,185690,187690,187190,187210,187390
3151,18,80,212610,214710,214110,214130,214410
3152,18,80,212640,224490,214140,224180,224190
3153,18,80,222690,224560,224190,224210,224260
3154,18,80,246380,248580,247880,247900,248280
3155,18,80,328050,330050,329550,329570,329750
3156,18,80,329420,331430,330920,330940,331130
3157,18,80,331540,333620,333040,333060,333320
3158,18,80,343130,345050,344630,344650,344750
3159,18,80,345150,347000,346650,346670,346700
3160,18,80,352880,354720,354380,354400,354420
3161,18,80,354380,356380,355880,355900,356080
3162,18,80,357420,359420,358920,358940,359120
3163,18,80,365740,367740,367240,367260,367440
3164,18,80,371300,373250,372800,372820,372950
3165,18,80,375770,377780,377270,377290,377480
3166,18,80,378980,380980,380480,380500,380680
3167,18,80,386040,387930,387540,387560,387630
3168,18,80,397930,399940,399430,399450,399640
3169,18,80,404160,406070,405660,405680,405770
3170,18,80,412030,414040,413530,413550,413740
3171,18,92,78270,80210,79770,79790,79910
3172,18,92,82750,84580,84250,84270,84280
3173,18,92,84460,86460,85960,85980,86160
3174,18,92,87230,89230,88730,88750,88930
3175,18,92,107940,109940,109440,109460,109640
3176,18,92,115750,117870,117250,117270,117570
3177,18,92,131840,133680,133340,133370,133380
3178,18,92,137650,139780,139150,139170,139480
3179,18,92,137680,151040,139180,150730,150740
3180,18,92,149240,151340,150740,150760,151040
3181,18,92,162220,164050,163720,163740,163750
3182,18,92,165960,167960,167460,167480,167660
3183,18,92,171730,173730,173230,173250,173430
3184,18,92,174510,176520,176010,176030,176220
3185,18,92,262600,264460,264100,264120,264160
3186,18,92,281710,283710,283210,283230,283410
3187,18,92,303770,305770,305270,305290,305470
3188,18,92,308750,310750,310250,310270,310450
3189,18,92,311350,313210,312850,312870,312910
3190,18,92,316250,318250,317750,317770,317950
3191,18,92,346030,347890,347530,347550,347590
3192,18,92,378250,380410,379750,379770,380110
3193,18,92,382540,384440,384040,384060,384140
3194,18,92,382570,387670,384070,387360,387370
3195,18,92,385870,387870,387370,387390,387570
3196,18,92,395500,397500,397000,397020,397200
3197,18,92,425470,427300,426970,426990,427000
3198,18,92,428050,429990,429550,429570,429690
3199,18,92,432740,434630,434240,434260,434330
3200,18,92,437710,439540,439210,439230,439240
3201,18,92,444100,446100,445600,445620,445800
3202,18,92,455280,457260,456780,456800,456960
3203,18,92,476050,477900,477550,477570,477600
3204,18,96,16450,18290,17950,17980,17990
3205,18,96,44040,46050,45540,45560,45750
3206,18,96,49780,51620,51280,51300,51320
3207,18,96,75210,77050,76710,76730,76750
3208,18,96,77360,79220,78860,78880,78920
3209,18,96,82480,84490,83980,84000,84190
3210,18,96,86610,88640,88110,88130,88340
3211,18,96,87790,89710,89290,89310,89410
3212,18,96,91210,93280,92710,92740,92980
3213,18,96,94000,95920,95500,95520,95620
3214,18,96,106250,108110,107750,107770,107810
3215,18,96,117020,119030,118520,118540,118730
3216,18,96,125480,127580,126980,127000,127280
3217,18,96,143570,145580,145070,145090,145280
3218,18,96,149430,151520,150930,150950,151220
3219,18,96,182910,185020,184410,184430,184720
3220,18,96,191960,193800,193460,193480,193500
3221,18,96,204560,206560,206060,206080,206260
3222,18,96,228300,230310,229800,229820,230010
3223,18,96,247090,248960,248590,248610,248660
3224,18,96,263420,265420,264920,264940,265120
3225,18,96,277700,279630,279200,279220,279330
3226,18,96,284220,286230,285720,285740,285930
3227,18,96,306120,308130,307620,307640,307830
3228,18,96,309030,310960,310530,310550,310660
3229,18,96,340810,342980,342310,342330,342680
3230,18,96,344430,346440,345930,345950,346140
3231,18,96,346860,349100,348360,348380,348800
3232,18,96,360980,362990,362480,362500,362690
3233,18,96,363300,365310,364800,364820,365010
3234,18,96,364530,366380,366030,366060,366080
3235,18,96,368980,370990,370480,370500,370690
3236,18,96,390360,392370,391860,391890,392070
3237,18,96,391420,393530,392920,392940,393230
3238,18,98,37850,39850,39350,39370,39550
3239,18,103,24970,26980,26470,26490,26680
3240,18,103,28970,30860,30470,30490,30560
3241,18,103,38490,40500,39990,40010,40200
3242,18,103,45120,47120,46620,46640,46820
3243,18,103,62510,64340,64010,64030,64040
3244,18,103,66610,68610,68110,68130,68310
3245,18,103,71270,73330,72770,72790,73030
3246,18,103,76800,78810,78300,78320,78510
3247,18,103,82050,83910,83550,83570,83610
3248,18,103,84430,86430,85930,85950,86130
3249,18,103,102070,104080,103570,103590,103780
3250,18,103,105310,107310,106810,106830,107010
3251,18,103,106140,108140,107640,107660,107840
3252,18,108,56060,58060,57560,57580,57760
3253,18,108,64600,66600,66100,66120,66300
3254,18,108,66070,68080,67570,67590,67780
3255,18,119,56070,58190,57570,57590,57890
3256,18,119,57820,59720,59320,59340,59420
3257,18,119,60840,62890,62340,62360,62590
3258,18,119,61600,63610,63100,63120,63310
3259,18,119,110850,112850,112350,112370,112550
3260,18,119,112780,114640,114280,114300,114340
3261,18,119,121220,123220,122720,122740,122920
3262,18,119,122810,124840,124310,124330,124540
3263,18,119,149760,151810,151260,151280,151510
3264,18,119,189560,191650,191060,191080,191350
3265,18,119,213920,215780,215420,215440,215480
3266,18,119,216110,218080,217610,217630,217780
3267,18,120,23570,25400,25070,25090,25100
3268,18,120,28510,30370,30010,30030,30070
3269,18,120,66760,68850,68260,68280,68550
3270,18,120,69260,71260,70760,70780,70960
3271,18,120,98230,100230,99730,99750,99930
3272,18,126,181150,183160,182650,182670,182860
3273,18,126,193980,195980,195480,195500,195680
3274,18,126,220840,222840,222340,222360,222540
3275,18,126,227160,229060,228660,228680,228760
3276,18,126,229140,231140,230640,230660,230840
3277,18,126,230430,232660,231930,231950,232360
3278,18,126,250140,251970,251640,251660,251670
3279,18,126,253440,255340,254940,254960,255040
3280,18,126,262330,264250,263830,263850,263950
3281,18,126,269030,271040,270530,270550,270740
3282,18,126,276150,277980,277650,277670,277680
3283,18,126,288980,290980,290480,290500,290680
3284,18,126,291830,293850,293330,293350,293550
3285,18,126,316390,318400,317890,317910,318100
3286,18,126,317920,319920,319420,319440,319620
3287,18,126,322840,324840,324340,324360,324540
3288,18,126,338400,340400,339900,339920,340100
3289,18,126,343680,345680,345180,345200,345380
3290,18,128,74510,76510,76010,76030,76210
3291,18,128,96040,98040,97540,97560,97740
3292,18,128,104820,106720,106320,106340,106420
3293,18,128,107410,109540,108910,108930,109240
3294,18,128,134200,136200,135700,135720,135900
3295,18,129,30170,32180,31670,31690,31880
3296,18,129,34380,36380,35880,35900,36080
3297,18,129,60960,62800,62460,62480,62500
3298,18,129,82390,84450,83890,83910,84150
3299,18,129,122390,124440,123890,123910,124140
3300,18,129,142950,144900,144450,144470,144600
3301,18,129,144080,145920,145580,145600,145620
3302,18,133,63080,64910,64580,64600,64610
3303,18,133,78600,80510,80100,80120,80210
3304,18,133,80590,82440,82090,82110,82140
3305,18,133,82660,84490,84160,84180,84190
3306,18,133,87520,89650,89020,89040,89350
3307,18,133,90290,92160,91790,91810,91860
3308,18,133,93460,95460,94960,94980,95160
3309,18,133,96540,98460,98040,98060,98160
3310,18,133,100550,102380,102050,102070,102080
3311,18,133,114770,116750,116270,116290,116450
3312,18,133,129740,131750,131240,131260,131450
3313,18,133,143450,145450,144950,144970,145150
3314,18,133,149430,151520,150930,150950,151220
3315,18,133,151210,153350,152710,152730,153050
3316,18,135,127660,129570,129160,129180,129270
3317,18,135,150570,152490,152070,152090,152190
3318,18,135,152710,154710,154210,154230,154410
3319,18,135,157440,159560,158940,158960,159260
3320,18,135,174370,176460,175870,175890,176160
3321,18,135,178750,180750,180250,180270,180450
3322,18,135,186570,188770,188070,188090,188470
3323,18,135,189590,191450,191090,191110,191150
3324,18,135,191310,193190,192810,192830,192890
3325,18,135,192600,194440,194100,194120,194140
3326,18,135,200060,202060,201560,201580,201760
3327,18,135,204600,206540,206100,206120,206240
3328,18,139,66860,68870,68360,68380,68570
3329,18,145,762520,764520,764020,764040,764220
3330,18,145,784480,786650,785980,786000,786350
3331,18,145,790760,792590,792260,792280,792290
3332,18,150,62080,64220,63580,63600,63920
3333,18,150,65060,67120,66560,66580,66820
3334,18,150,67980,69970,69480,69500,69670
3335,18,150,77650,79530,79150,79180,79230
3336,18,152,504560,506510,506060,506080,506210
3337,18,152,508150,510290,509650,509670,509990
3338,18,152,520530,522530,522030,522050,522230
3339,18,152,529240,531250,530740,530760,530950
3340,18,152,549110,551100,550610,550630,550800
3341,18,152,557930,560050,559430,559450,559750
3342,18,152,557960,580660,559460,580350,580360
3343,18,152,578860,580810,580360,580380,580510
3344,18,152,587180,589180,588680,588700,588880
3345,18,152,592360,594210,593860,593880,593910
3346,18,152,599770,601670,601270,601290,601370
3347,18,152,616170,618070,617670,617690,617770
3348,18,152,620290,622120,621790,621810,621820
3349,18,152,640510,642600,642010,642030,642300
3350,18,153,13910,15910,15410,15430,15610
3351,18,153,14580,16490,16080,16100,16190
3352,18,153,18830,20990,20330,20350,20690
3353,18,153,31730,33730,33230,33250,33430
3354,18,153,34000,36010,35500,35520,35710
3355,18,153,44110,46120,45610,45630,45820
3356,18,153,46680,48510,48180,48200,48210
3357,18,153,59440,61310,60940,60960,61010
3358,18,153,76740,78750,78240,78260,78450
3359,18,153,80950,82780,82450,82470,82480
3360,18,153,82450,84470,83950,83980,84170
3361,18,153,89730,91770,91230,91250,91470
3362,18,153,96050,98060,97550,97570,97760
3363,18,153,103500,105500,105000,105020,105200
3364,18,153,125790,127820,127290,127310,127520
3365,18,166,44350,46350,45850,45870,46050
3366,18,166,47720,49570,49220,49240,49270
3367,18,166,71170,73100,72670,72690,72800
3368,18,166,73570,75690,75070,75090,75390
3369,18,166,78210,80210,79710,79730,79910
3370,18,166,80390,82280,81890,81910,81980
3371,18,166,99270,101280,100770,100790,100980
3372,18,166,105940,107790,107440,107470,107490
3373,18,166,117920,119920,119420,119440,119620
3374,18,166,123970,125990,125470,125490,125690
3375,18,166,125510,127340,127010,127030,127040
3376,18,166,134560,136470,136060,136080,136170
3377,18,166,160880,162890,162380,162400,162590
3378,18,166,164170,166190,165670,165690,165890
3379,18,166,171120,173230,172620,172640,172930
3380,18,166,176620,178620,178120,178140,178320
3381,18,166,220950,222970,222450,222470,222670
3382,18,166,222030,223880,223530,223550,223580
3383,18,166,248250,250200,249750,249770,249900
3384,18,166,251360,253190,252860,252880,252890
3385,18,166,253450,255280,254950,254970,254980
3386,18,170,187430,189430,188930,188950,189130
3387,18,170,192380,194280,193880,193900,193980
3388,18,170,232690,234690,234190,234210,234390
3389,18,170,242020,244020,243520,243540,243720
3390,18,170,249520,251520,251020,251040,251220
3391,18,170,254770,256740,256270,256290,256440
3392,18,170,259330,261350,260830,260850,261050
3393,18,170,272030,274030,273530,273550,273730
3394,18,170,295080,297080,296580,296600,296780
3395,18,170,306380,308340,307880,307900,308040
3396,18,170,310490,312360,311990,312010,312060
3397,18,170,323010,325010,324510,324530,324710
3398,18,170,351070,353160,352570,352590,352860
3399,18,170,366350,368350,367850,367870,368050
3400,18,170,378340,380350,379840,379860,380050
3401,18,170,387650,389640,389150,389170,389340
3402,18,170,421160,423010,422660,422680,422710
3403,18,170,482250,484260,483750,483770,483960
3404,18,170,495340,497360,496840,496860,497060
3405,18,170,505070,506900,506570,506590,506600
3406,18,172,35820,37910,37320,37340,37610
3407,18,172,94090,95920,95590,95610,95620
3408,18,172,106990,109030,108490,108520,108730
3409,18,172,107630,109800,109130,109150,109500
3410,18,172,110710,112550,112210,112230,112250
3411,18,172,122440,124450,123940,123960,124150
3412,18,172,135370,137410,136870,136890,137110
3413,18,172,136520,138350,138020,138040,138050
3414,18,172,147130,149130,148630,148650,148830
3415,18,172,149540,151370,151040,151060,151070
3416,18,172,152820,154950,154320,154340,154650
3417,18,172,160010,161840,161510,161530,161540
3418,18,172,161230,163230,162730,162750,162930
3419,18,172,173160,175160,174660,174680,174860
3420,18,172,189570,191590,191070,191090,191290
3421,18,172,194610,196610,196110,196130,196310
3422,18,172,201780,203780,203280,203300,203480
3423,18,173,29500,31360,31000,31020,31060
3424,18,173,56100,57960,57600,57620,57660
3425,18,173,57720,59560,59220,59240,59260
3426,18,173,78470,80510,79970,79990,80210
3427,18,173,89470,91490,90970,90990,91190
3428,18,173,93850,95850,95350,95370,95550
3429,18,173,97560,99560,99060,99080,99260
3430,18,173,99100,100930,100600,100620,100630
3431,18,173,101200,103200,102700,102720,102900
3432,18,173,103930,105790,105430,105450,105490
3433,18,173,107670,109680,109170,109190,109380
3434,18,173,121450,123550,122950,122970,123250
3435,18,173,125930,127900,127430,127450,127600
3436,18,173,134320,136340,135820,135840,136040
3437,18,173,136570,138520,138070,138090,138220
3438,18,173,155560,157560,157060,157080,157260
3439,18,173,219040,221040,220540,220560,220740
3440,18,173,236860,238830,238360,238380,238530
3441,18,173,242710,244780,244210,244230,244480
3442,18,173,262410,264380,263910,263930,264080
3443,18,173,273820,275920,275320,275340,275620
3444,18,173,279560,281470,281060,281080,281170
3445,18,173,281020,283020,282520,282540,282720
3446,18,173,285090,287030,286590,286610,286730
3447,18,173,286300,288130,287800,287820,287830
3448,18,173,298020,300020,299520,299540,299720
3449,18,173,306130,308130,307630,307650,307830
3450,18,173,318560,320510,320060,320080,320210
3451,18,173,322540,324710,324040,324060,324410
3452,18,173,325630,327570,327130,327150,327270
3453,18,173,331430,333520,332930,332950,333220
3454,18,173,352880,355100,354380,354400,354800
3455,18,173,360170,362270,361670,361690,361970
3456,18,173,404030,405960,405530,405550,405660
3457,18,185,45480,47720,46980,47000,47420
3458,18,185,50710,52830,52210,52230,52530
3459,18,185,58880,60930,60380,60400,60630
3460,18,185,60410,62530,61910,61930,62230
3461,18,185,60440,88130,61940,87820,87830
3462,18,185,86330,88520,87830,87850,88220
3463,18,185,94240,96240,95740,95760,95940
3464,18,185,118910,120890,120410,120430,120590
3465,18,185,121530,123650,123030,123060,123350
3466,18,185,121570,128700,123070,128390,128400
3467,18,185,126900,128910,128400,128420,128610
3468,18,185,135860,137990,137360,137380,137690
3469,18,185,135890,142920,137390,142610,142620
3470,18,185,141120,143030,142620,142640,142730
3471,18,185,163180,165190,164680,164700,164890
3472,18,185,170940,172940,172440,172460,172640
3473,18,185,193340,195340,194840,194860,195040
3474,18,185,198120,199970,199620,199640,199670
3475,18,185,201980,203870,203480,203500,203570
3476,18,185,213600,215610,215100,215120,215310
3477,18,186,271980,273980,273480,273500,273680
3478,18,186,301700,303700,303200,303220,303400
3479,18,186,313860,315720,315360,315380,315420
3480,18,186,327060,329060,328560,328580,328760
3481,18,186,328550,330540,330050,330070,330240
3482,18,186,339700,341710,341200,341230,341410
3483,18,186,354850,356850,356350,356370,356550
3484,18,186,361110,362940,362610,362630,362640
3485,18,186,371820,373820,373320,373340,373520
3486,18,186,376500,378610,378000,378020,378310
3487,18,186,388600,390600,390100,390120,390300
3488,18,186,391000,392860,392500,392520,392560
3489,18,186,395050,397050,396550,396570,396750
3490,18,186,418630,420630,420130,420150,420330
3491,18,186,423020,425000,424520,424540,424700
3492,18,186,433010,435020,434510,434530,434720
3493,18,186,435620,437880,437120,437140,437580
3494,18,187,64830,66820,66330,66350,66520
3495,18,187,73870,75720,75370,75390,75420
3496,18,187,88210,90210,89710,89730,89910
3497,18,187,107570,109570,109070,109090,109270
3498,18,187,121310,123310,122810,122830,123010
3499,18,187,128980,131030,130480,130500,130730
3500,18,187,167430,169430,168930,168950,169130
3501,18,187,173680,175770,175180,175200,175470
3502,18,187,184650,186650,186150,186170,186350
3503,18,187,189880,191740,191380,191400,191440
3504,18,187,202490,204480,203990,204010,204180
3505,18,187,210090,212310,211590,211610,212010
3506,18,187,223590,225710,225090,225110,225410
3507,18,187,231880,233760,233380,233400,233460
3508,18,187,262560,264580,264060,264090,264280
3509,18,187,264270,266280,265770,265790,265980
3510,18,187,266680,268780,268180,268200,268480
3511,18,187,271300,273300,272800,272820,273000
3512,18,187,295130,297130,296630,296650,296830
3513,18,187,306100,308100,307600,307620,307800
3514,18,187,310480,312610,311980,312000,312310
3515,18,188,23650,25650,25150,25170,25350
3516,18,188,36070,37910,37570,37590,37610
3517,18,188,42270,44330,43770,43790,44030
3518,18,188,44210,46040,45710,45730,45740
3519,18,188,47970,49870,49470,49490,49570
3520,18,188,67170,69170,68670,68690,68870
3521,18,188,70480,72490,71980,72000,72190
3522,18,188,78730,80740,80230,80260,80440
3523,18,188,88990,90990,90490,90510,90690
3524,18,188,90430,92260,91930,91950,91960
3525,18,188,96290,98300,97790,97810,98000
3526,18,188,103330,105160,104830,104850,104860
3527,18,188,125600,127620,127100,127120,127320
3528,18,188,128190,130200,129690,129710,129900
3529,18,188,131620,133800,133120,133140,133500
3530,18,188,133340,135360,134840,134860,135060
3531,18,191,56190,58190,57690,57710,57890
3532,18,191,87050,89030,88550,88570,88730
3533,18,191,89650,91790,91150,91170,91490
3534,18,191,120140,122140,121640,121660,121840
3535,18,193,69280,71280,70780,70800,70980
3536,18,193,74170,76170,75670,75690,75870
3537,18,193,80830,82830,82330,82350,82530
3538,18,193,82030,83980,83530,83560,83680
3539,18,193,113260,115090,114760,114780,114790
3540,18,201,52170,54040,53670,53690,53740
3541,18,201,71650,73550,73150,73170,73250
3542,18,201,71680,75440,73180,75130,75140
3543,18,201,73640,75570,75140,75160,75270
3544,18,201,79950,81820,81450,81470,81520
3545,18,201,81620,83520,83120,83140,83220
3546,18,201,106740,108850,108240,108260,108550
3547,18,201,110220,112230,111720,111740,111930
3548,18,201,143380,145210,144880,144900,144910
3549,18,201,145100,147130,146600,146620,146830
3550,18,201,204100,206150,205600,205620,205850
3551,18,201,222870,224870,224370,224390,224570
3552,18,201,282280,284230,283780,283800,283930
3553,18,201,319110,321210,320610,320630,320910
3554,18,201,321160,323320,322660,322680,323020
3555,18,201,350010,351940,351510,351530,351640
3556,18,202,76440,78440,77940,77960,78140
3557,18,202,79690,81820,81190,81210,81520
3558,18,207,11200,13030,12700,12720,12730
3559,18,207,37280,39110,38780,38800,38810
3560,18,207,45500,47330,47000,47020,47030
3561,18,207,77630,79460,79130,79150,79160
3562,18,207,81170,83070,82670,82690,82770
3563,18,207,98350,100350,99850,99870,100050
3564,18,207,99760,101840,101260,101280,101540
3565,18,207,107530,109360,109030,109050,109060
3566,18,207,109750,111780,111250,111270,111480
3567,18,207,113170,115110,114670,114690,114810
3568,18,207,115850,118220,117350,117370,117920
3569,18,207,127570,129520,129070,129090,129220
3570,18,207,171780,173780,173280,173300,173480
3571,18,207,175230,177240,176730,176750,176940
3572,18,207,198280,200290,199780,199800,199990
3573,18,212,78250,80080,79750,79770,79780
3574,18,212,81810,83830,83310,83330,83530
3575,18,212,96110,97940,97610,97630,97640
3576,18,212,100550,102550,102050,102070,102250
3577,18,212,122540,124540,124040,124060,124240
3578,18,212,127530,129410,129030,129050,129110
3579,18,212,129370,131370,130870,130890,131070
3580,18,212,159400,161240,160900,160920,160940
3581,18,212,161020,163030,162520,162540,162730
3582,18,212,173630,175480,175130,175150,175180
3583,18,213,50830,52840,52330,52350,52540
3584,18,217,22750,24790,24250,24270,24490
3585,18,217,37440,39440,38940,38960,39140
3586,18,217,62760,64760,64260,64280,64460
3587,18,217,110550,112560,112050,112070,112260
3588,18,217,113630,115640,115130,115150,115340
3589,18,217,114830,116830,116330,116350,116530
3590,18,217,132070,133900,133570,133590,133600
3591,18,218,27450,29570,28950,28970,29270
3592,18,218,54230,56070,55730,55750,55770
3593,18,218,55810,57810,57310,57330,57510
3594,18,218,59020,61020,60520,60540,60720
3595,18,219,30650,32640,32150,32170,32340
3596,18,219,33890,35840,35390,35410,35540
3597,18,219,39940,41810,41440,41460,41510
3598,18,219,48280,50280,49780,49800,49980
3599,18,219,76200,78040,77700,77730,77740
3600,18,219,86620,88630,88120,88150,88330
3601,18,219,102440,104450,103940,103960,104150
3602,18,222,15580,17580,17080,17100,17280
3603,18,222,19320,21180,20820,20840,20880
3604,18,222,43200,45070,44700,44720,44770
3605,18,222,43230,57700,44730,57390,57400
3606,18,222,55900,58020,57400,57420,57720
3607,18,222,60670,62680,62170,62190,62380
3608,18,222,67870,69870,69370,69390,69570
3609,18,222,71110,73130,72610,72630,72830
3610,18,222,72830,74830,74330,74350,74530
3611,18,222,80640,82500,82140,82160,82200
3612,18,222,82760,84720,84260,84280,84420
3613,18,222,84540,86550,86040,86060,86250
3614,18,222,86790,88780,88290,88310,88480
3615,18,222,90950,93000,92450,92470,92700
3616,18,222,96090,98070,97590,97610,97770
3617,18,222,102800,104700,104300,104320,104400
3618,18,231,42920,44790,44420,44440,44490
3619,18,233,74540,76370,76040,76060,76070
3620,18,233,83150,84990,84650,84670,84690
3621,18,233,89140,91150,90640,90660,90850
3622,18,233,101420,103250,102920,102940,102950
3623,18,233,102790,104790,104290,104310,104490
3624,18,233,105610,107610,107110,107130,107310
3625,18,233,109460,111500,110960,110980,111200
3626,18,233,115130,117000,116630,116650,116700
3627,18,233,118570,120540,120070,120090,120240
3628,18,233,140210,142080,141710,141730,141780
3629,18,233,143470,145410,144970,144990,145110
3630,18,233,148390,150270,149890,149910,149970
3631,18,233,149990,151980,151490,151510,151680
3632,18,233,158120,160130,159620,159640,159830
3633,18,233,160490,162440,161990,162010,162140
3634,18,233,183180,185080,184680,184700,184780
3635,18,233,190550,192580,192050,192070,192280
3636,18,238,31070,32950,32570,32590,32650
3637,18,238,32760,34760,34260,34280,34460
3638,18,238,77910,79740,79410,79430,79440
3639,18,238,101940,103950,103440,103460,103650
3640,18,238,109040,110880,110540,110560,110580
3641,18,238,126620,128470,128120,128140,128170
3642,18,238,148180,150160,149680,149700,149860
3643,18,239,54440,56430,55940,55960,56130
3644,18,239,72570,74600,74070,74100,74300
3645,18,239,86550,88540,88050,88070,88240
3646,18,239,90600,92520,92100,92120,92220
3647,18,239,95350,97350,96850,96870,97050
3648,18,239,120800,122810,122300,122330,122510
3649,18,239,128590,130590,130090,130110,130290
3650,18,239,160920,162930,162420,162440,162630
3651,18,241,66630,68640,68130,68150,68340
3652,18,242,26480,28490,27980,28000,28190
3653,18,242,87070,89070,88570,88590,88770
3654,18,242,105960,107930,107460,107480,107630
3655,18,242,109600,111480,111100,111120,111180
3656,18,242,148710,150720,150210,150230,150420
3657,18,242,150650,152650,152150,152170,152350
3658,18,242,171560,173420,173060,173080,173120
3659,18,242,175440,177600,176940,176960,177300
3660,18,242,179170,181180,180670,180690,180880
3661,18,242,182170,184210,183670,183690,183910
3662,18,255,59730,61730,61230,61250,61430
3663,18,255,80200,82220,81700,81730,81920
3664,18,255,84950,86950,86450,86470,86650
3665,18,255,93550,95670,95050,95070,95370
3666,18,255,103690,105790,105190,105210,105490
3667,18,255,117230,119380,118730,118750,119080
3668,18,255,117800,119840,119300,119320,119540
3669,18,255,118890,121000,120390,120410,120700
3670,18,255,119560,121390,121060,121080,121090
3671,18,255,144850,146850,146350,146370,146550
3672,18,255,146620,148630,148120,148140,148330
3673,18,255,157360,159190,158860,158880,158890
3674,18,255,158870,160870,160370,160390,160570
3675,18,255,192910,194810,194410,194430,194510
3676,18,255,195310,197420,196810,196830,197120
3677,18,255,257870,259840,259370,259390,259540
3678,18,255,268220,270220,269720,269740,269920
3679,18,255,273620,275850,275120,275140,275550
3680,18,255,276550,278470,278050,278070,278170
3681,18,255,278070,280160,279570,279590,279860
3682,18,255,278100,283130,279600,282820,282830
3683,18,255,281330,283160,282830,282850,282860
3684,18,255,309040,310870,310540,310560,310570
3685,18,255,312690,314690,314190,314210,314390
3686,18,255,317000,319040,318500,318520,318740
3687,18,255,318670,320670,320170,320190,320370
3688,18,255,321900,323760,323400,323420,323460
3689,18,255,327790,329660,329290,329310,329360
3690,18,255,332490,334460,333990,334010,334160
3691,18,255,335350,337350,336850,336870,337050
3692,18,255,339380,341230,340880,340900,340930
3693,18,255,353070,355100,354570,354590,354800
3694,18,255,366120,368030,367620,367640,367730
3695,18,255,388870,390870,390370,390390,390570
3696,18,255,391300,393160,392800,392820,392860
3697,18,255,396340,398340,397840,397860,398040
3698,18,255,410000,412000,411500,411520,411700
3699,18,266,21180,23190,22680,22700,22890
3700,18,266,22740,24750,24240,24260,24450
3701,18,266,38090,39940,39590,39610,39640
3702,18,266,47170,49170,48670,48690,48870
3703,18,266,54310,56320,55810,55830,56020
3704,18,266,59520,61520,61020,61040,61220
3705,18,266,64550,66380,66050,66070,66080
3706,18,266,71290,73290,72790,72810,72990
3707,18,266,74710,76710,76210,76230,76410
3708,18,266,75930,77940,77430,77450,77640
3709,18,266,87870,89720,89370,89390,89420
3710,18,266,91260,93270,92760,92780,92970
3711,18,266,105190,107060,106690,106710,106760
3712,18,266,111760,113770,113260,113280,113470
3713,18,266,129160,130990,130660,130680,130690
3714,18,266,132340,134350,133840,133870,134050
3715,18,266,153360,155360,154860,154880,155060
3716,18,266,155430,157440,156930,156950,157140
3717,18,267,16880,18880,18380,18400,18580
3718,18,267,20440,22380,21940,21960,22080
3719,18,267,25950,27950,27450,27470,27650
3720,18,267,34710,36710,36210,36230,36410
3721,18,267,35950,37780,37450,37470,37480
3722,18,267,72450,74450,73950,73970,74150
3723,18,267,81980,83810,83480,83500,83510
3724,18,267,84900,86780,86400,86420,86480
3725,18,267,95110,97010,96610,96630,96710
3726,18,267,97780,99790,99280,99300,99490
3727,18,267,108470,110480,109970,109990,110180
3728,18,267,116170,118170,117670,117690,117870
3729,18,267,139590,141590,141090,141110,141290
3730,18,267,146840,148670,148340,148360,148370
3731,18,267,169840,171670,171340,171360,171370
3732,18,267,179440,181300,180940,180960,181000
3733,18,267,196300,198300,197800,197820,198000
3734,18,267,204510,206580,206010,206030,206280
3735,18,267,206410,208240,207910,207930,207940
3736,18,267,207080,209080,208580,208600,208780
3737,18,267,214590,216590,216090,216110,216290
3738,18,267,223420,225550,224920,224940,225250
3739,18,267,235860,237860,237360,237380,237560
3740,18,269,14790,16710,16290,16310,16410
3741,18,269,15710,17710,17210,17230,17410
3742,18,269,40730,42740,42230,42260,42440
3743,18,269,42170,44180,43670,43690,43880
3744,18,269,54560,56570,56060,56080,56270
3745,18,269,60470,62480,61970,61990,62180
3746,18,269,76750,78760,78250,78270,78460
3747,18,269,81810,83840,83310,83330,83540
3748,18,269,93220,95190,94720,94740,94890
3749,18,269,96850,98960,98350,98370,98660
3750,18,269,120180,122180,121680,121700,121880
3751,18,269,124880,126710,126380,126400,126410
3752,18,269,134400,136350,135900,135920,136050
3753,18,269,143940,145950,145440,145460,145650
3754,18,269,170600,172430,172100,172120,172130
3755,18,269,173210,175230,174710,174730,174930
3756,18,269,210070,212090,211570,211590,211790
3757,18,269,213060,214920,214560,214580,214620
3758,18,269,214780,216790,216280,216300,216490
3759,18,269,227520,229500,229020,229040,229200
3760,18,269,244940,246970,246440,246460,246670
3761,18,269,267960,269990,269460,269480,269690
3762,18,269,272090,274100,273590,273620,273800
3763,18,269,277900,279740,279400,279420,279440
3764,18,269,279760,281770,281260,281280,281470
3765,18,269,284740,286790,286240,286260,286490
3766,18,269,289640,291640,291140,291160,291340
3767,18,269,290220,292230,291720,291740,291930
3768,18,269,291810,293680,293310,293330,293380
3769,18,269,316100,318080,317600,317620,317780
3770,18,269,341820,343670,343320,343340,343370
3771,18,269,343740,345690,345240,345260,345390
3772,18,269,350870,352850,352370,352390,352550
3773,18,269,359480,361420,360980,361000,361120
3774,18,269,387780,389780,389280,389300,389480
3775,18,269,389060,391060,390560,390580,390760
3776,18,270,171120,173150,172620,172640,172850
3777,18,270,196570,198550,198070,198090,198250
3778,18,270,212800,214800,214300,214320,214500
3779,19,8,28920,30920,30420,30440,30620
3780,19,8,29830,31830,31330,31350,31530
3781,19,8,36960,38960,38460,38480,38660
3782,19,8,71490,73490,72990,73010,73190
3783,19,8,74050,75930,75550,75570,75630
3784,19,8,94130,96250,95630,95650,95950
3785,19,8,100040,102040,101540,101560,101740
3786,19,8,101580,103570,103080,103100,103270
3787,19,8,103500,105510,105000,105020,105210
3788,19,8,105340,107350,106840,106860,107050
3789,19,8,107940,109770,109440,109460,109470
3790,19,10,79520,81380,81020,81040,81080
3791,19,10,89160,91050,90660,90680,90750
3792,19,10,90650,92660,92150,92170,92360
3793,19,10,91910,93920,93410,93430,93620
3794,19,10,117000,119000,118500,118520,118700
3795,19,10,126480,128480,127980,128000,128180
3796,19,10,131400,133410,132900,132920,133110
3797,19,12,30130,32130,31630,31650,31830
3798,19,15,116050,118050,117550,117570,117750
3799,19,15,119400,121230,120900,120920,120930
3800,19,15,128280,130300,129780,129800,130000
3801,19,15,137930,139930,139430,139450,139630
3802,19,15,140010,142020,141510,141530,141720
3803,19,15,150090,152090,151590,151610,151790
3804,19,15,169950,171950,171450,171470,171650
3805,19,15,180460,182460,181960,181980,182160
3806,19,15,186120,188050,187620,187640,187750
3807,19,15,203790,205650,205290,205310,205350
3808,19,15,211060,213060,212560,212580,212760
3809,19,15,212520,214520,214020,214040,214220
3810,19,15,219570,221560,221070,221090,221260
3811,19,15,222510,224510,224010,224030,224210
3812,19,15,261640,263610,263140,263170,263310
3813,19,15,267820,269820,269320,269340,269520
3814,19,15,276880,278880,278380,278400,278580
3815,19,15,286590,288600,288090,288110,288300
3816,19,15,286620,289880,288120,289570,289580
3817,19,15,288080,290040,289580,289600,289740
3818,19,15,291750,293750,293250,293270,293450
3819,19,15,298360,300360,299860,299880,300060
3820,19,15,315380,317380,316880,316900,317080
3821,19,15,317520,319490,319020,319040,319190
3822,19,15,339570,341570,341070,341090,341270
3823,19,15,341700,343630,343200,343220,343330
3824,19,15,363900,365900,365400,365420,365600
3825,19,15,405430,407310,406930,406950,407010
3826,19,15,407270,409350,408770,408790,409050
3827,19,15,431510,433510,433010,433030,433210
3828,19,15,434210,436070,435710,435730,435770
3829,19,15,435720,437720,437220,437240,437420
3830,19,15,441510,443520,443010,443040,443220
3831,19,15,460330,462270,461830,461850,461970
3832,19,15,463850,465830,465350,465370,465530
3833,19,15,465330,467230,466830,466850,466930
3834,19,15,474380,476390,475880,475900,476090
3835,19,15,481610,483490,483110,483130,483190
3836,19,15,485000,487010,486500,486520,486710
3837,19,15,494340,496240,495840,495860,495940
3838,19,15,505570,507400,507070,507090,507100
3839,19,15,511570,513400,513070,513090,513100
3840,19,15,528040,529940,529540,529560,529640
3841,19,15,595360,597370,596860,596880,597070
3842,19,15,601560,603390,603060,603080,603090
3843,19,15,616940,618840,618440,618460,618540
3844,19,15,627220,629230,628720,628740,628930
3845,19,15,636720,638640,638220,638240,638340
3846,19,15,646370,648370,647870,647890,648070
3847,19,15,646400,663270,647900,662960,662970
3848,19,15,661470,663370,662970,663000,663070
3849,19,15,672070,674070,673570,673590,673770
3850,19,15,691900,693870,693400,693420,693570
3851,19,15,700220,702220,701720,701740,701920
3852,19,15,704730,706660,706230,706250,706360
3853,19,15,710320,712320,711820,711840,712020
3854,19,15,711880,713850,713380,713400,713550
3855,19,15,722780,724780,724280,724300,724480
3856,19,15,729810,731690,731310,731330,731390
3857,19,15,744160,746170,745660,745680,745870
3858,19,15,744190,748550,745690,748240,748250
3859,19,15,746750,748750,748250,748270,748450
3860,19,15,751650,753650,753150,753170,753350
3861,19,15,764450,766290,765950,765970,765990
3862,19,16,64000,65850,65500,65520,65550
3863,19,16,67220,69280,68720,68740,68980
3864,19,16,76080,78050,77580,77600,77750
3865,19,16,99350,101210,100850,100870,100910
3866,19,16,112480,114490,113980,114010,114190
3867,19,16,118680,120680,120180,120200,120380
3868,19,16,194680,196680,196180,196200,196380
3869,19,16,215360,217650,216860,216880,217350
3870,19,16,230820,232820,232320,232340,232520
3871,19,16,240770,242750,242270,242290,242450
3872,19,16,243170,245200,244670,244700,244900
3873,19,16,247020,249060,248520,248540,248760
3874,19,16,251050,252900,252550,252570,252600
3875,19,16,272900,274760,274400,274420,274460
3876,19,16,345950,348000,347450,347470,347700
3877,19,16,373180,375180,374680,374700,374880
3878,19,16,373210,389420,374710,389110,389120
3879,19,16,387620,389620,389120,389140,389320
3880,19,16,391080,393030,392580,392600,392730
3881,19,16,408000,409880,409500,409520,409580
3882,19,16,423790,425790,425290,425310,425490
3883,19,16,457270,459270,458770,458790,458970
3884,19,16,480820,482830,482320,482340,482530
3885,19,16,539330,541340,540830,540850,541040
3886,19,16,545130,547070,546630,546650,546770
3887,19,16,555760,557770,557260,557280,557470
3888,19,16,578200,580200,579700,579720,579900
3889,19,17,140560,142600,142060,142080,142300
3890,19,17,167280,169170,168780,168800,168870
3891,19,21,192550,194560,194050,194070,194260
3892,19,21,196990,199000,198490,198510,198700
3893,19,21,198440,200440,199940,199960,200140
3894,19,21,203620,205620,205120,205140,205320
3895,19,21,213010,215070,214510,214530,214770
3896,19,21,215100,217100,216600,216620,216800
3897,19,21,220690,222800,222190,222210,222500
3898,19,21,222310,224310,223810,223830,224010
3899,19,21,228370,230380,229870,229890,230080
3900,19,21,278520,280680,280020,280040,280380
3901,19,21,280290,282380,281790,281810,282080
3902,19,21,280320,285260,281820,284950,284960
3903,19,21,283460,285570,284960,284980,285270
3904,19,21,286110,288120,287610,287630,287820
3905,19,21,328110,330110,329610,329630,329810
3906,19,21,330400,332490,331900,331920,332190
3907,19,21,331010,333130,332510,332530,332830
3908,19,21,331710,333710,333210,333230,333410
3909,19,21,354120,356370,355620,355640,356070
3910,19,21,355210,357210,356710,356730,356910
3911,19,21,382960,385090,384460,384480,384790
3912,19,21,406090,407950,407590,407610,407650
3913,19,21,412640,414650,414140,414160,414350
3914,19,21,416680,418780,418180,418200,418480
3915,19,21,419580,421580,421080,421100,421280
3916,19,21,421690,423690,423190,423210,423390
3917,19,21,423850,426070,425350,425370,425770
3918,19,21,426110,427950,427610,427630,427650
3919,19,21,439170,441270,440670,440690,440970
3920,19,21,442550,444540,444050,444070,444240
3921,19,21,446760,448770,448260,448280,448470
3922,19,21,463910,465740,465410,465430,465440
3923,19,21,463940,469270,465440,468960,468970
3924,19,21,467470,469580,468970,468990,469280
3925,19,21,469180,471280,470680,470700,470980
3926,19,21,474260,476270,475760,475780,475970
3927,19,21,485170,487180,486670,486690,486880
3928,19,21,487370,489370,488870,488890,489070
3929,19,21,500270,502150,501770,501790,501850
3930,19,21,504800,506660,506300,506320,506360
3931,19,21,538960,540970,540460,540480,540670
3932,19,21,566290,568320,567790,567810,568020
3933,19,21,578830,580820,580330,580350,580520
3934,19,21,578860,582240,580360,581930,581940
3935,19,21,580440,582380,581940,581960,582080
3936,19,21,586990,588970,588490,588510,588670
3937,19,21,598110,600070,599610,599630,599770
3938,19,21,604790,606660,606290,606310,606360
3939,19,21,607930,609970,609430,609450,609670
3940,19,22,69080,71090,70580,70600,70790
3941,19,22,75680,77620,77180,77200,77320
3942,19,22,80680,82680,82180,82200,82380
3943,19,22,84730,86670,86230,86250,86370
3944,19,22,87720,89590,89220,89240,89290
3945,19,22,93090,95090,94590,94610,94790
3946,19,22,95060,96950,96560,96580,96650
3947,19,22,97460,99400,98960,98980,99100
3948,19,22,99470,101440,100970,100990,101140
3949,19,22,104070,105980,105570,105590,105680
3950,19,22,121670,123670,123170,123190,123370
3951,19,22,125640,127570,127140,127160,127270
3952,19,22,151870,153830,153370,153390,153530
3953,19,24,22920,24930,24420,24440,24630
3954,19,24,47820,49650,49320,49340,49350
3955,19,24,52200,54200,53700,53720,53900
3956,19,24,59200,61120,60700,60720,60820
3957,19,24,102510,104520,104010,104040,104220
3958,19,24,105590,107590,107090,107110,107290
3959,19,24,112290,114290,113790,113810,113990
3960,19,24,113960,115960,115460,115480,115660
3961,19,24,114970,116970,116470,116490,116670
3962,19,24,125780,127790,127280,127300,127490
3963,19,24,128470,130350,129970,129990,130050
3964,19,24,232750,234750,234250,234270,234450
3965,19,24,238560,240560,240060,240080,240260
3966,19,24,240950,242810,242450,242470,242510
3967,19,24,248380,250250,249880,249900,249950
3968,19,24,253970,255980,255470,255490,255680
3969,19,24,255930,257930,257430,257450,257630
3970,19,24,257050,259060,258550,258570,258760
3971,19,24,262120,264130,263620,263640,263830
3972,19,24,283540,285370,285040,285060,285070
3973,19,24,286380,288410,287880,287900,288110
3974,19,24,330000,332000,331500,331520,331700
3975,19,24,338670,340540,340170,340190,340240
3976,19,24,343910,345960,345410,345430,345660
3977,19,24,358570,360480,360070,360090,360180
3978,19,24,360460,362460,361960,361980,362160
3979,19,24,364890,366790,366390,366410,366490
3980,19,24,426210,428090,427710,427730,427790
3981,19,24,427530,429380,429030,429050,429080
3982,19,24,447450,449280,448950,448970,448980
3983,19,24,477150,479260,478650,478670,478960
3984,19,24,508470,510480,509970,509990,510180
3985,19,24,516450,518340,517950,517970,518040
3986,19,24,523020,524890,524520,524540,524590
3987,19,24,526080,528090,527580,527600,527790
3988,19,24,543290,545290,544790,544810,544990
3989,19,24,554560,556560,556060,556080,556260
3990,19,24,560500,562500,562000,562020,562200
3991,19,26,76250,78260,77750,77770,77960
3992,19,26,79800,81790,81300,81320,81490
3993,19,26,110810,112810,112310,112330,112510
3994,19,26,113990,115990,115490,115510,115690
3995,19,26,119850,121770,121350,121370,121470
3996,19,26,130420,132320,131920,131940,132020
3997,19,26,148680,150630,150180,150200,150330
3998,19,26,151010,152890,152510,152530,152590
3999,19,26,152140,154110,153640,153660,153810
4000,19,26,159780,161610,161280,161300,161310
4001,19,26,161760,163760,163260,163280,163460
4002,19,26,168100,170210,169600,169620,169910
4003,19,26,169680,171660,171180,171200,171360
4004,19,26,193050,194890,194550,194570,194590
4005,19,26,199850,201860,201350,201370,201560
4006,19,28,24270,26270,25770,25790,25970
4007,19,28,58470,60590,59970,59990,60290
4008,19,28,63040,65060,64540,64560,64760
4009,19,28,63070,72120,64570,71810,71820
4010,19,28,70320,72170,71820,71840,71870
4011,19,28,83650,85650,85150,85170,85350
4012,19,28,90540,92540,92040,92060,92240
4013,19,28,111020,112980,112520,112540,112680
4014,19,28,146650,148480,148150,148170,148180
4015,19,28,170630,172630,172130,172150,172330
4016,19,28,171990,173870,173490,173510,173570
4017,19,28,173960,175960,175460,175480,175660
4018,19,28,183360,185220,184860,184880,184920
4019,19,28,189180,191180,190680,190700,190880
4020,19,28,191910,193810,193410,193430,193510
4021,19,28,193630,195510,195130,195150,195210
4022,19,28,194900,196920,196400,196420,196620
4023,19,28,197930,199920,199430,199450,199620
4024,19,28,209940,211940,211440,211460,211640
4025,19,28,213960,215920,215460,215480,215620
4026,19,28,213990,218390,215490,218080,218090
4027,19,28,216590,218440,218090,218110,218140
4028,19,28,237540,239540,239040,239060,239240
4029,19,28,245570,247570,247070,247090,247270
4030,19,28,251240,253400,252740,252760,253100
4031,19,28,270340,272400,271840,271860,272100
4032,19,28,271200,273200,272700,272720,272900
4033,19,28,274650,276620,276150,276170,276320
4034,19,28,286460,288470,287960,287980,288170
4035,19,28,289420,291420,290920,290940,291120
4036,19,28,293790,295620,295290,295310,295320
4037,19,28,298200,300030,299700,299720,299730
4038,19,28,317440,319450,318940,318960,319150
4039,19,28,320520,322350,322020,322040,322050
4040,19,28,324560,326570,326060,326090,326270
4041,19,28,330830,332740,332330,332350,332440
4042,19,28,338100,340080,339600,339620,339780
4043,19,28,357760,359770,359260,359280,359470
4044,19,28,361630,363640,363130,363150,363340
4045,19,28,382990,384990,384490,384510,384690
4046,19,28,385570,387580,387070,387100,387280
4047,19,28,390150,392050,391650,391670,391750
4048,19,28,393160,395160,394660,394680,394860
4049,19,28,397480,399400,398980,399000,399100
4050,19,28,400580,402580,402080,402100,402280
4051,19,28,406400,408350,407900,407920,408050
4052,19,28,429970,431980,431470,431490,431680
4053,19,28,432420,434360,433920,433940,434060
4054,19,28,444350,446220,445850,445870,445920
4055,19,28,450160,452150,451660,451680,451850
4056,19,45,124400,126400,125900,125920,126100
4057,19,45,127500,129500,129000,129020,129200
4058,19,45,244140,246000,245640,245660,245700
4059,19,45,250800,252800,252300,252320,252500
4060,19,45,335750,337750,337250,337270,337450
4061,19,45,345650,347660,347150,347170,347360
4062,19,45,354130,356080,355630,355650,355780
4063,19,45,356170,358170,357670,357690,357870
4064,19,45,468520,470560,470020,470040,470260
4065,19,45,471390,473260,472890,472910,472960
4066,19,45,511540,513380,513040,513060,513080
4067,19,45,514520,516510,516020,516040,516210
4068,19,45,536820,539080,538320,538340,538780
4069,19,45,536850,545790,538350,545480,545490
4070,19,45,543990,545970,545490,545510,545670
4071,19,45,548060,550060,549560,549580,549760
4072,19,45,577500,579500,579000,579020,579200
4073,19,45,579350,581230,580850,580870,580930
4074,19,45,624100,626110,625600,625620,625810
4075,19,45,625050,626890,626550,626570,626590
4076,19,45,627370,629290,628870,628890,628990
4077,19,45,629720,631600,631220,631240,631300
4078,19,51,81010,83090,82510,82530,82790
4079,19,51,83520,85350,85020,85040,85050
4080,19,51,86870,88730,88370,88390,88430
4081,19,51,93510,95470,95010,95030,95170
4082,19,51,141110,143110,142610,142630,142810
4083,19,51,144050,145940,145550,145570,145640
4084,19,53,68970,70970,70470,70490,70670
4085,19,53,91380,93380,92880,92900,93080
4086,19,53,106260,108260,107760,107780,107960
4087,19,53,107990,110030,109490,109510,109730
4088,19,62,319470,321470,320970,320990,321170
4089,19,62,323540,325410,325040,325060,325110
4090,19,62,344630,346520,346130,346150,346220
4091,19,62,349720,351700,351220,351240,351400
4092,19,62,353730,355740,355230,355250,355440
4093,19,62,366270,368210,367770,367790,367910
4094,19,62,370040,372070,371540,371560,371770
4095,19,62,383600,385450,385100,385120,385150
4096,19,62,389540,391460,391040,391060,391160
4097,19,62,408870,410810,410370,410390,410510
4098,19,63,33630,35630,35130,35150,35330
4099,19,63,34710,36700,36210,36240,36400
4100,19,63,46760,48870,48260,48280,48570
4101,19,63,59640,61640,61140,61160,61340
4102,19,63,62230,64100,63730,63750,63800
4103,19,63,66340,68180,67840,67860,67880
4104,19,63,66370,86070,67870,85760,85770
4105,19,63,84270,86280,85770,85790,85980
4106,19,63,86850,88860,88350,88370,88560
4107,19,63,89580,91710,91080,91110,91410
4108,19,63,104760,106760,106260,106280,106460
4109,19,63,104790,118330,106290,118020,118030
4110,19,63,116530,118840,118030,118050,118540
4111,19,63,149210,151210,150710,150730,150910
4112,19,63,169160,171260,170660,170680,170960
4113,19,63,186110,188020,187610,187630,187720
4114,19,63,197730,199620,199230,199260,199320
4115,19,63,203590,205520,205090,205110,205220
4116,19,63,217110,219090,218610,218630,218790
4117,19,63,219340,221220,220840,220860,220920
4118,19,63,229070,231040,230570,230590,230740
4119,19,63,229330,231160,230830,230850,230860
4120,19,63,246970,248970,248470,248490,248670
4121,19,63,250540,252410,252040,252060,252110
4122,19,63,335930,337930,337430,337450,337630
4123,19,63,341010,342960,342510,342530,342660
4124,19,63,382960,385010,384460,384480,384710
4125,19,63,405360,407290,406860,406880,406990
4126,19,71,50050,51950,51550,51570,51650
4127,19,71,63140,64970,64640,64660,64670
4128,19,71,70290,72300,71790,71820,72000
4129,19,71,76930,78840,78430,78450,78540
4130,19,71,83970,85970,85470,85490,85670
4131,19,71,115860,117860,117360,117380,117560
4132,19,71,129610,131610,131110,131130,131310
4133,19,71,135070,136990,136570,136590,136690
4134,19,71,156770,158730,158270,158290,158430
4135,19,71,170490,172600,171990,172010,172300
4136,19,71,172000,174000,173500,173520,173700
4137,19,71,177710,179710,179210,179230,179410
4138,19,71,189880,191840,191380,191400,191540
4139,19,71,198130,200250,199630,199650,199950
4140,19,71,203170,205060,204670,204690,204760
4141,19,71,207700,209710,209200,209220,209410
4142,19,71,212540,214530,214040,214060,214230
4143,19,71,235050,237060,236550,236570,236760
4144,19,71,236560,238530,238060,238080,238230
4145,19,71,238630,240630,240130,240150,240330
4146,19,71,243060,245060,244560,244580,244760
4147,19,71,258240,260250,259740,259760,259950
4148,19,71,295670,297670,297170,297190,297370
4149,19,71,299380,301400,300880,300900,301100
4150,19,71,301570,303460,303070,303090,303160
4151,19,71,314450,316450,315950,315970,316150
4152,19,71,316600,318600,318100,318120,318300
4153,19,71,326070,328080,327570,327590,327780
4154,19,71,353590,355600,355090,355120,355300
4155,19,71,353630,361460,355130,361150,361160
4156,19,71,359660,361770,361160,361180,361470
4157,19,71,364470,366470,365970,365990,366170
4158,19,71,373650,375650,375150,375170,375350
4159,19,71,377400,379300,378900,378920,379000
4160,19,71,379640,381640,381140,381160,381340
4161,19,71,381620,383620,383120,383140,383320
4162,19,71,394580,396570,396080,396100,396270
4163,19,71,420110,421980,421610,421630,421680
4164,19,71,430070,432090,431570,431590,431790
4165,19,71,440530,442470,442030,442050,442170
4166,19,71,446210,448100,447710,447730,447800
4167,19,71,466540,468440,468040,468060,468140
4168,19,71,478060,479980,479560,479580,479680
4169,19,71,481180,483250,482680,482700,482950
4170,19,71,483890,485720,485390,485410,485420
4171,19,71,489780,491720,491280,491300,491420
4172,19,71,510600,512470,512100,512120,512170
4173,19,71,523870,525870,525370,525390,525570
4174,19,71,527520,529380,529020,529040,529080
4175,19,71,534210,536060,535710,535730,535760
4176,19,71,558930,560930,560430,560450,560630
4177,19,71,566640,568490,568140,568160,568190
4178,19,71,569070,571060,570570,570590,570760
4179,19,72,27580,29490,29080,29100,29190
4180,19,72,28810,30780,30310,30330,30480
4181,19,72,31250,33250,32750,32770,32950
4182,19,72,34790,36800,36290,36310,36500
4183,19,72,61870,63870,63370,63390,63570
4184,19,72,97300,99310,98800,98820,99010
4185,19,72,97330,113890,98830,113580,113590
4186,19,72,112090,114130,113590,113610,113830
4187,19,72,112980,114980,114480,114500,114680
4188,19,72,127580,129560,129080,129100,129260
4189,19,72,134720,136710,136220,136240,136410
4190,19,72,138420,140430,139920,139940,140130
4191,19,72,159650,161610,161150,161170,161310
4192,19,72,168650,170630,170150,170170,170330
4193,19,72,174560,176570,176060,176080,176270
4194,19,72,180420,182420,181920,181940,182120
4195,19,72,188750,190620,190250,190280,190320
4196,19,72,190550,192510,192050,192070,192210
4197,19,72,192080,194070,193580,193600,193770
4198,19,72,193470,195370,194970,194990,195070
4199,19,72,227490,229490,228990,229010,229190
4200,19,72,229570,231400,231070,231090,231100
4201,19,72,245840,247800,247340,247360,247500
4202,19,72,253210,255180,254710,254730,254880
4203,19,72,259980,261980,261480,261500,261680
4204,19,72,279790,281790,281290,281310,281490
4205,19,72,280830,282740,282330,282350,282440
4206,19,72,282570,284500,284070,284090,284200
4207,19,72,284070,286070,285570,285590,285770
4208,19,72,306890,308980,308390,308410,308680
4209,19,72,311320,313300,312820,312840,313000
4210,19,72,323670,325790,325170,325190,325490
4211,19,75,144700,146780,146200,146220,146480
4212,19,75,146700,148700,148200,148220,148400
4213,19,75,150770,152840,152270,152290,152540
4214,19,75,178270,180270,179770,179790,179970
4215,19,75,179600,181710,181100,181120,181410
4216,19,75,188190,190210,189690,189710,189910
4217,19,76,108840,110930,110340,110360,110630
4218,19,76,114350,116350,115850,115870,116050
4219,19,76,121660,123500,123160,123180,123200
4220,19,76,126730,128680,128230,128250,128380
4221,19,76,211960,213830,213460,213480,213530
4222,19,76,259770,261770,261270,261290,261470
4223,19,76,264060,265970,265560,265580,265670
4224,19,76,357520,359460,359020,359040,359160
4225,19,76,358860,360760,360360,360380,360460
4226,19,76,511300,513310,512800,512820,513010
4227,19,76,524070,526170,525570,525590,525870
4228,19,76,533060,535020,534560,534580,534720
4229,19,76,539500,541400,541000,541030,541100
4230,19,76,549130,551090,550630,550650,550790
4231,19,76,562410,564340,563910,563930,564040
4232,19,76,578040,579880,579540,579560,579580
4233,19,77,218660,220660,220160,220180,220360
4234,19,79,66940,68840,68440,68460,68540
4235,19,79,69830,71790,71330,71350,71490
4236,19,79,73120,74990,74620,74640,74690
4237,19,79,102570,104570,104070,104090,104270
4238,19,79,110100,111930,111600,111620,111630
4239,19,79,118140,120080,119640,119660,119780
4240,19,79,196660,198550,198160,198180,198250
4241,19,79,247500,249450,249000,249020,249150
4242,19,79,249700,251640,251200,251230,251340
4243,19,79,262350,264350,263850,263870,264050
4244,19,79,263630,265630,265130,265150,265330
4245,19,79,265170,267120,266670,266690,266820
4246,19,79,266500,268420,268000,268020,268120
4247,19,79,288460,290440,289960,289980,290140
4248,19,79,290770,292660,292270,292300,292360
4249,19,79,326220,328110,327720,327740,327810
4250,19,83,16870,18980,18370,18390,18680
4251,19,83,26350,28180,27850,27870,27880
4252,19,83,28360,30380,29860,29880,30080
4253,19,83,30850,32700,32350,32370,32400
4254,19,83,46130,48000,47630,47650,47700
4255,19,83,49140,51140,50640,50660,50840
4256,19,83,88440,90540,89940,89960,90240
4257,19,83,94160,96140,95660,95680,95840
4258,19,83,124920,126890,126420,126440,126590
4259,19,83,137630,139500,139130,139150,139200
4260,19,83,149360,151350,150860,150880,151050
4261,19,83,151560,153440,153060,153080,153140
4262,19,83,157810,159820,159310,159340,159520
4263,19,83,161940,163790,163440,163460,163490
4264,19,83,167860,169870,169360,169380,169570
4265,19,83,171160,173000,172660,172680,172700
4266,19,83,176950,178800,178450,178470,178500
4267,19,83,201310,203200,202810,202830,202900
4268,19,83,216330,218200,217830,217850,217900
4269,19,83,219930,221930,221430,221450,221630
4270,19,83,225130,227020,226630,226650,226720
4271,19,83,231560,233390,233060,233080,233090
4272,19,83,243100,245080,244600,244620,244780
4273,19,83,263300,265320,264800,264820,265020
4274,19,83,266270,268390,267770,267790,268090
4275,19,83,272900,274930,274400,274420,274630
4276,19,83,279020,281020,280520,280540,280720
4277,19,83,283470,285360,284970,284990,285060
4278,19,83,285130,287140,286630,286650,286840
4279,19,83,295530,297650,297030,297050,297350
4280,19,83,324100,326080,325600,325620,325780
4281,19,83,361100,363100,362600,362620,362800
4282,19,83,362880,364880,364380,364400,364580
4283,19,83,364730,366670,366230,366250,366370
4284,19,83,369020,370950,370520,370540,370650
4285,19,83,386720,388610,388220,388240,388310
4286,19,83,421710,423640,423210,423230,423340
4287,19,83,438140,440140,439640,439660,439840
4288,19,83,444180,446110,445680,445700,445810
4289,19,83,493340,495350,494840,494860,495050
4290,19,83,500360,502460,501860,501880,502160
4291,19,83,501730,503730,503230,503250,503430
4292,19,83,513800,515810,515300,515320,515510
4293,19,83,514940,516940,516440,516460,516640
4294,19,83,519230,521120,520730,520750,520820
4295,19,83,522200,524210,523700,523720,523910
4296,19,83,534700,536700,536200,536220,536400
4297,19,83,539750,541680,541250,541270,541380
4298,19,83,543560,545560,545060,545080,545260
4299,19,83,547980,549850,549480,549500,549550
4300,19,83,551100,553110,552600,552620,552810
4301,19,83,559480,561490,560980,561000,561190
4302,19,83,584990,586970,586490,586520,586670
4303,19,83,612700,614700,614200,614220,614400
4304,19,83,641470,643470,642970,642990,643170
4305,19,83,645630,647470,647130,647150,647170
4306,19,83,647540,649540,649040,649060,649240
4307,19,83,651650,653650,653150,653170,653350
4308,19,83,653740,655740,655240,655260,655440
4309,19,83,660730,662680,662230,662250,662380
4310,19,83,662280,664370,663780,663800,664070
4311,19,83,677530,679540,679030,679050,679240
4312,19,83,698120,700120,699620,699640,699820
4313,19,83,706460,708340,707960,707980,708040
4314,19,83,716530,718360,718030,718050,718060
4315,19,85,28490,30490,29990,30010,30190
4316,19,85,35890,37720,37390,37410,37420
4317,19,85,39880,41870,41380,41400,41570
4318,19,85,49870,51710,51370,51390,51410
4319,19,85,51450,53460,52950,52970,53160
4320,19,85,57000,59000,58500,58520,58700
4321,19,85,71480,73310,72980,73000,73010
4322,19,85,74390,76390,75890,75910,76090
4323,19,85,83520,85650,85020,85040,85350
4324,19,85,85850,87790,87350,87370,87490
4325,19,85,116830,118830,118330,118350,118530
4326,19,85,122990,124940,124490,124510,124640
4327,19,85,155200,157060,156700,156720,156760
4328,19,85,157700,159710,159200,159220,159410
4329,19,85,188200,190180,189700,189720,189880
4330,19,127,67070,69110,68570,68590,68810
4331,19,127,72870,74890,74370,74390,74590
4332,19,130,119010,121020,120510,120530,120720
4333,19,130,120690,122700,122190,122210,122400
4334,19,130,125090,127100,126590,126610,126800
4335,19,130,138880,140830,140380,140400,140530
4336,19,130,146480,148470,147980,148000,148170
4337,19,130,151180,153090,152680,152700,152790
4338,19,130,183400,185400,184900,184920,185100
4339,19,130,198510,200510,200010,200030,200210
4340,19,130,199740,201570,201240,201260,201270
4341,19,130,204610,206500,206110,206130,206200
4342,19,130,207340,209350,208840,208860,209050
4343,19,130,207370,212010,208870,211700,211710
4344,19,130,210210,212220,211710,211730,211920
4345,19,130,220290,222290,221790,221810,221990
4346,19,130,221880,223880,223380,223400,223580
4347,19,130,230850,232990,232350,232370,232690
4348,19,130,232570,234540,234070,234090,234240
4349,19,155,78620,80500,80120,80140,80200
4350,19,155,101840,103840,103340,103360,103540
4351,19,155,102780,104820,104280,104300,104520
4352,19,155,106150,108150,107650,107670,107850
4353,19,155,115700,117610,117200,117220,117310
4354,19,155,164520,166390,166020,166040,166090
4355,19,155,172730,174740,174230,174250,174440
4356,19,155,187800,189800,189300,189320,189500
4357,19,155,191670,193630,193170,193190,193330
4358,19,155,194210,196040,195710,195730,195740
4359,19,155,200510,202410,202010,202030,202110
4360,19,155,204460,206330,205960,205980,206030
4361,19,155,212210,214150,213710,213730,213850
4362,19,155,213580,215580,215080,215100,215280
4363,19,155,216430,218440,217930,217950,218140
4364,19,155,218780,220670,220280,220300,220370
4365,19,155,224480,226310,225980,226000,226010
4366,19,155,254350,256330,255850,255880,256030
4367,19,155,261300,263420,262800,262820,263120
4368,19,155,264130,266130,265630,265650,265830
4369,19,155,270290,272220,271790,271810,271920
4370,19,155,289130,291100,290630,290650,290800
4371,19,155,293360,295240,294860,294880,294940
4372,19,155,295220,297180,296720,296740,296880
4373,19,155,443670,445670,445170,445190,445370
4374,19,155,448990,450880,450490,450510,450580
4375,19,155,464140,466140,465640,465660,465840
4376,19,155,471590,473610,473090,473110,473310
4377,19,155,484270,486280,485770,485790,485980
4378,19,155,493110,495110,494610,494630,494810
4379,19,155,513150,515150,514650,514670,514850
4380,19,155,518170,520210,519670,519690,519910
4381,19,155,520090,522090,521590,521610,521790
4382,19,155,524240,526100,525740,525760,525800
4383,19,155,526990,528820,528490,528510,528520
4384,19,155,532520,534530,534020,534040,534230
4385,19,155,535300,537300,536800,536820,537000
4386,19,155,538710,540600,540210,540230,540300
4387,19,155,544780,546780,546280,546300,546480
4388,19,155,550060,551930,551560,551580,551630
4389,19,155,581100,583030,582600,582620,582730
4390,19,155,627460,629460,628960,628980,629160
4391,19,155,635580,637590,637080,637100,637290
4392,19,155,670800,672690,672300,672320,672390
4393,19,155,681050,682880,682550,682570,682580
4394,19,155,713060,715060,714560,714580,714760
4395,19,155,742210,744040,743710,743730,743740
4396,19,155,746400,748610,747900,747920,748310
4397,19,155,751950,753980,753450,753470,753680
4398,19,155,787550,789670,789050,789070,789370
4399,19,155,817020,818850,818520,818540,818550
4400,19,155,818630,820630,820130,820150,820330
4401,19,155,824650,826480,826150,826170,826180
4402,19,155,828450,830460,829950,829970,830160
4403,19,155,839860,841870,841360,841380,841570
4404,19,155,849870,852010,851370,851390,851710
4405,19,155,855510,857340,857010,857030,857040
4406,19,155,884050,886010,885550,885570,885710
4407,19,155,929990,932050,931490,931510,931750
4408,19,155,940880,942810,942380,942400,942510
4409,19,155,947310,949140,948810,948830,948840
4410,19,155,991790,993800,993290,993310,993500
4411,19,155,994790,996840,996290,996320,996540
4412,19,155,995470,997470,996970,996990,997170
4413,19,155,1062520,1064390,1064020,1064040,1064090
4414,19,155,1238160,1240170,1239660,1239680,1239870
4415,19,155,1241090,1243090,1242590,1242610,1242790
4416,19,155,1248800,1250800,1250300,1250320,1250500
4417,19,156,67700,69620,69200,69220,69320
4418,19,156,87260,89260,88760,88780,88960
4419,19,156,91480,93360,92980,93000,93060
4420,19,157,155010,157090,156510,156530,156790
4421,19,157,169010,170840,170510,170530,170540
4422,19,157,169040,176410,170540,176100,176110
4423,19,157,174610,176610,176110,176130,176310
4424,19,157,182800,184910,184300,184320,184610
4425,19,157,192860,194860,194360,194380,194560
4426,19,157,208150,210100,209650,209670,209800
4427,19,157,217280,219150,218780,218800,218850
4428,19,157,248320,250320,249820,249840,250020
4429,19,157,251950,254050,253450,253470,253750
4430,19,157,257300,259300,258800,258820,259000
4431,19,158,17950,20060,19450,19470,19760
4432,19,158,23920,25810,25420,25440,25510
4433,19,158,28090,30130,29590,29610,29830
4434,19,158,28120,36660,29620,36350,36360
4435,19,158,34860,36860,36360,36380,36560
4436,19,158,38770,40830,40270,40290,40530
4437,19,158,97940,100080,99440,99460,99780
4438,19,158,104640,106500,106140,106160,106200
4439,19,158,108220,110220,109720,109740,109920
4440,19,158,127940,130170,129440,129460,129870
4441,19,158,130340,132360,131840,131860,132060
4442,19,158,143430,145510,144930,144950,145210
4443,19,158,144930,146940,146430,146450,146640
4444,19,158,183640,185760,185140,185160,185460
4445,19,158,185420,187550,186920,186940,187250
4446,19,158,188450,190460,189950,189970,190160
4447,19,158,203300,205410,204800,204820,205110
4448,19,158,205970,207970,207470,207490,207670
4449,19,158,213420,215420,214920,214940,215120
4450,19,158,234080,236080,235580,235600,235780
4451,19,158,325790,327790,327290,327310,327490
4452,19,158,364940,366770,366440,366460,366470
4453,19,158,374390,376470,375890,375910,376170
4454,19,158,414360,416300,415860,415880,416000
4455,19,158,429680,431680,431180,431200,431380
4456,19,158,431500,433500,433000,433020,433200
4457,19,158,463020,464960,464520,464540,464660
4458,19,158,467440,469300,468940,468960,469000
4459,19,158,489930,491930,491430,491450,491630
4460,19,158,494850,496700,496350,496370,496400
4461,19,158,502190,504140,503690,503710,503840
4462,19,158,504160,506160,505660,505680,505860
4463,19,158,513960,515960,515460,515480,515660
4464,19,158,519930,521940,521430,521450,521640
4465,19,158,531710,533720,533210,533230,533420
4466,19,158,533510,535340,535010,535030,535040
4467,19,158,544970,546880,546470,546490,546580
4468,19,158,605140,607110,606640,606660,606810
4469,19,158,610300,612160,611800,611820,611860
4470,19,160,25380,27350,26880,26900,27050
4471,19,160,30220,32080,31720,31740,31780
4472,19,160,37460,39400,38960,38980,39100
4473,19,160,52380,54220,53880,53900,53920
4474,19,160,64910,66740,66410,66430,66440
4475,19,160,185250,187230,186750,186770,186930
4476,19,161,93060,95060,94560,94580,94760
4477,19,161,93090,102460,94590,102150,102160
4478,19,161,100660,102590,102160,102180,102290
4479,19,161,112940,114950,114440,114460,114650
4480,19,161,112970,120280,114470,119970,119980
4481,19,161,118480,120490,119980,120000,120190
4482,19,161,134860,136860,136360,136380,136560
4483,19,161,134890,152410,136390,152100,152110
4484,19,161,150610,152610,152110,152130,152310
4485,19,161,189150,191190,190650,190680,190890
4486,19,161,193740,195750,195240,195260,195450
4487,19,161,225870,227810,227370,227390,227510
4488,19,161,241250,243260,242750,242770,242960
4489,19,161,242870,244700,244370,244390,244400
4490,19,161,255700,257700,257200,257220,257400
4491,19,161,272140,274140,273640,273660,273840
4492,19,161,277430,279270,278930,278950,278970
4493,19,161,281210,283220,282710,282730,282920
4494,19,161,300060,302010,301560,301580,301710
4495,19,161,320100,322150,321600,321620,321850
4496,19,161,320130,332940,321630,332630,332640
4497,19,161,331140,332980,332640,332660,332680
4498,19,161,363160,365000,364660,364680,364700
4499,19,161,364420,366370,365920,365940,366070
4500,19,161,378900,380910,380400,380420,380610
4501,19,161,390930,393100,392430,392450,392800
4502,19,161,397510,399510,399010,399030,399210
4503,19,161,397540,400650,399040,400340,400350
4504,19,161,398850,400850,400350,400370,400550
4505,19,161,409930,411930,411430,411450,411630
4506,19,161,413280,415280,414780,414800,414980
4507,19,161,428450,430450,429950,429970,430150
4508,19,161,433300,435300,434800,434820,435000
4509,19,161,444200,446300,445700,445720,446000
4510,19,161,460470,462470,461970,461990,462170
4511,19,161,460500,463820,462000,463510,463520
4512,19,161,462020,464030,463520,463540,463730
4513,19,161,480540,482550,482040,482060,482250
4514,19,161,491810,493840,493310,493330,493540
4515,19,161,493300,495310,494800,494820,495010
4516,19,161,499150,501090,500650,500670,500790
4517,19,161,534190,536160,535690,535710,535860
4518,19,161,536400,538410,537900,537920,538110
4519,19,161,548080,550100,549580,549600,549800
4520,19,161,553400,555410,554900,554920,555110
4521,19,161,567890,569890,569390,569410,569590
4522,19,161,569770,571920,571270,571290,571620
4523,19,161,586590,588640,588090,588110,588340
4524,19,161,589600,591610,591100,591120,591310
4525,19,161,597440,599440,598940,598960,599140
4526,19,161,597470,602580,598970,602270,602280
4527,19,161,600780,602690,602280,602300,602390
4528,19,161,616170,618180,617670,617690,617880
4529,19,161,620740,622600,622240,622260,622300
4530,20,1,90530,92370,92030,92050,92070
4531,20,1,90560,99660,92060,99350,99360
4532,20,1,97860,99690,99360,99380,99390
4533,20,19,79100,81220,80600,80630,80920
4534,20,19,81140,83060,82640,82660,82760
4535,20,19,84600,86510,86100,86120,86210
4536,20,19,90980,92860,92480,92500,92560
4537,20,19,111890,113780,113390,113410,113480
4538,20,19,111920,115680,113420,115370,115380
4539,20,19,113880,115740,115380,115400,115440
4540,20,19,116040,117900,117540,117560,117600
4541,20,19,117730,119610,119230,119250,119310
4542,20,19,118460,120300,119960,119990,120000
4543,20,19,120690,122530,122190,122210,122230
4544,20,19,136450,138400,137950,137970,138100
4545,20,19,169200,171070,170700,170720,170770
4546,20,19,191090,193030,192590,192610,192730
4547,20,20,96710,98580,98210,98230,98280
4548,20,20,99250,101250,100750,100770,100950
4549,20,20,175620,177630,177120,177140,177330
4550,20,20,198090,200090,199590,199610,199790
4551,20,20,235520,237410,237020,237040,237110
4552,20,20,243220,245100,244720,244740,244800
4553,20,20,254820,256820,256320,256340,256520
4554,20,20,259360,261190,260860,260880,260890
4555,20,21,138970,141070,140470,140500,140770
4556,20,21,143680,145650,145180,145200,145350
4557,20,21,148000,150130,149500,149520,149830
4558,20,21,149920,151750,151420,151440,151450
4559,20,21,178470,180480,179970,179990,180180
4560,20,21,179620,181490,181120,181140,181190
4561,20,21,184270,186280,185770,185790,185980
4562,20,21,192410,194330,193910,193930,194030
4563,20,21,204700,206530,206200,206220,206230
4564,20,21,206460,208320,207960,207980,208020
4565,20,22,175720,177560,177220,177240,177260
4566,20,22,178600,180610,180100,180120,180310
4567,20,22,240430,242460,241930,241950,242160
4568,20,22,270630,272490,272130,272160,272190
4569,20,22,277280,279110,278780,278800,278810
4570,20,22,278410,280270,279910,279930,279970
4571,20,23,22350,24260,23850,23870,23960
4572,20,23,55220,57160,56720,56740,56860
4573,20,23,59830,61740,61330,61350,61440
4574,20,23,64000,65900,65500,65520,65600
4575,20,23,68630,70460,70130,70150,70160
4576,20,23,100200,102060,101700,101720,101760
4577,20,23,105080,106960,106580,106600,106660
4578,20,23,124540,126550,126040,126060,126250
4579,20,23,150060,151930,151560,151590,151630
4580,20,29,134730,136650,136230,136250,136350
4581,20,29,138500,140460,140000,140020,140160
4582,20,33,29570,31470,31070,31090,31170
4583,20,33,30240,32240,31740,31760,31940
4584,20,33,121880,123760,123380,123400,123460
4585,20,33,122810,125030,124310,124330,124730
4586,20,33,124030,126030,125530,125550,125730
4587,20,39,43990,46000,45490,45510,45700
4588,20,40,134110,136000,135610,135630,135700
4589,20,40,138010,139860,139510,139530,139560
4590,20,45,33220,35220,34720,34740,34920
4591,20,48,57310,59310,58810,58830,59010
4592,20,52,38620,40830,40120,40140,40530
4593,20,67,37980,39810,39480,39500,39510
4594,20,67,39340,41220,40840,40860,40920
4595,20,67,42000,43850,43500,43520,43550
4596,20,67,43720,45660,45220,45240,45360
4597,20,67,58930,60940,60430,60450,60640
4598,20,67,68490,70320,69990,70010,70020
4599,20,67,75280,77110,76780,76800,76810
4600,20,67,76630,78610,78130,78150,78310
4601,20,70,5090,7020,6590,6610,6720
4602,20,78,14960,16830,16460,16480,16530
4603,20,78,33150,35140,34650,34670,34840
4604,20,79,151930,153940,153430,153450,153640
4605,20,79,155780,157630,157280,157300,157330
4606,20,79,165310,167320,166810,166830,167020
4607,20,79,187380,189220,188880,188900,188920
4608,20,91,18070,19950,19570,19590,19650
4609,20,93,33560,35570,35060,35090,35270
4610,20,95,46520,48530,48020,48050,48230
4611,20,95,46560,48840,48060,48530,48540
4612,20,95,47040,48880,48540,48560,48580
4613,20,95,47550,49380,49050,49070,49080
4614,20,99,33460,35500,34960,34980,35200
4615,20,99,48160,50090,49660,49680,49790
4616,20,99,127030,128950,128530,128550,128650
4617,20,104,18430,20260,19930,19950,19960
4618,20,104,20240,22180,21740,21760,21880
4619,20,104,21690,23690,23190,23210,23390
4620,20,104,30880,32880,32380,32400,32580
4621,20,104,51300,53300,52800,52820,53000
4622,20,104,53670,55680,55170,55200,55380
4623,20,104,144450,146390,145950,145970,146090
4624,20,105,50540,52540,52040,52060,52240
4625,20,105,51700,53710,53200,53220,53410
4626,20,105,60480,62470,61980,62000,62170
4627,20,105,64430,66510,65930,65950,66210
4628,20,105,96900,98890,98400,98420,98590
4629,20,106,34960,36830,36460,36480,36530
4630,20,106,36460,38460,37960,37980,38160
4631,20,106,43880,45880,45380,45400,45580
4632,20,107,40520,42440,42020,42040,42140
4633,20,107,51390,53220,52890,52910,52920
4634,20,109,109090,110960,110590,110610,110660
4635,20,109,175840,177850,177340,177360,177550
4636,20,111,25420,27260,26920,26940,26960
4637,20,111,26770,28710,28270,28290,28410
4638,20,111,39760,41850,41260,41280,41550
4639,20,111,41870,43870,43370,43390,43570
4640,20,111,56000,57870,57500,57520,57570
4641,20,111,57420,59430,58920,58940,59130
4642,20,111,59600,61480,61100,61120,61180
4643,20,112,19850,22010,21350,21370,21710
4644,20,113,52690,54540,54190,54210,54240
4645,20,113,72670,74670,74170,74190,74370
4646,20,113,93220,95220,94720,94740,94920
4647,20,113,145310,147310,146810,146830,147010
4648,20,115,99210,101050,100710,100730,100750
4649,20,118,142920,144920,144420,144440,144620
4650,20,121,40640,42760,42140,42160,42460
4651,20,121,42010,44000,43510,43530,43700
4652,20,121,73240,75070,74740,74760,74770
4653,20,121,74160,76060,75660,75680,75760
4654,20,121,79560,81560,81060,81080,81260
4655,20,121,88330,90300,89830,89850,90000
4656,20,121,93540,95520,95040,95060,95220
4657,20,121,107880,109710,109380,109400,109410
4658,20,121,158820,160820,160320,160340,160520
4659,20,121,171310,173230,172810,172830,172930
4660,20,121,172180,174140,173680,173700,173840
4661,20,136,31560,33520,33060,33080,33220
4662,20,136,170840,172910,172340,172360,172610
4663,20,140,40760,42760,42260,42280,42460
4664,20,140,53430,55430,54930,54950,55130
4665,20,140,53460,79100,54960,78790,78800
4666,20,140,77300,79330,78800,78820,79030
4667,20,140,85910,87880,87410,87430,87580
4668,20,140,91170,93040,92670,92690,92740
4669,20,157,88110,89980,89610,89630,89680
4670,20,167,138270,140270,139770,139790,139970
4671,20,169,66710,68690,68210,68230,68390
4672,20,169,97580,99410,99080,99100,99110
4673,20,169,103880,105820,105380,105400,105520
4674,20,169,121030,123030,122530,122550,122730
4675,20,169,121610,123610,123110,123130,123310
4676,20,169,129000,130890,130500,130520,130590
4677,20,173,61850,63980,63350,63370,63680
4678,20,173,61880,70250,63380,69940,69950
4679,20,173,68450,70290,69950,69970,69990
4680,20,173,76470,78370,77970,77990,78070
4681,20,173,78460,80470,79960,79980,80170
4682,20,173,90660,92670,92160,92180,92370
4683,20,173,92240,94070,93740,93760,93770
4684,20,173,116000,117910,117500,117520,117610
4685,20,173,130140,131970,131640,131660,131670
4686,20,173,157620,159570,159120,159140,159270
4687,20,174,56730,58680,58230,58250,58380
4688,20,174,135440,137440,136940,136960,137140
4689,20,178,35670,37500,37170,37190,37200
4690,20,181,130540,132540,132040,132060,132240
4691,20,185,46480,48480,47980,48000,48180
4692,20,185,52420,54290,53920,53940,53990
4693,20,185,55460,57460,56960,56980,57160
4694,20,196,9990,11820,11490,11510,11520
4695,20,202,32070,34080,33570,33590,33780
4696,20,207,186410,188350,187910,187930,188050
4697,20,210,29470,31300,30970,30990,31000
4698,20,210,41410,43290,42910,42930,42990
4699,20,210,122880,124710,124380,124400,124410
4700,20,210,126500,128500,128000,128020,128200
4701,20,217,83250,85080,84750,84770,84780
4702,20,217,85250,87130,86750,86770,86830
4703,21,1,39730,41730,41230,41250,41430
4704,21,1,74810,76710,76310,76330,76410
4705,21,1,75620,77660,77120,77140,77360
4706,21,1,77750,79740,79250,79270,79440
4707,21,1,79120,81120,80620,80640,80820
4708,21,1,83490,85500,84990,85020,85200
4709,21,1,101120,103180,102620,102640,102880
4710,21,2,99300,101300,100800,100820,101000
4711,21,2,130780,132760,132280,132300,132460
4712,21,2,149040,151040,150540,150560,150740
4713,21,2,188760,190760,190260,190280,190460
4714,21,2,193770,195770,195270,195290,195470
4715,21,2,201430,203450,202930,202950,203150
4716,21,2,201460,218840,202960,218530,218540
4717,21,2,217040,219000,218540,218560,218700
4718,21,4,158000,160000,159500,159520,159700
4719,21,4,192720,194610,194220,194240,194310
4720,21,4,207000,209010,208500,208520,208710
4721,21,4,256670,258540,258170,258190,258240
4722,21,5,130200,132080,131700,131720,131780
4723,21,5,227020,229070,228520,228550,228770
4724,21,7,118760,120760,120260,120280,120460
4725,21,7,119430,121430,120930,120950,121130
4726,21,7,147020,149030,148520,148540,148730
4727,21,7,155370,157240,156870,156890,156940
4728,21,7,158310,160310,159810,159830,160010
4729,21,7,168440,170430,169940,169960,170130
4730,21,21,116240,118350,117740,117760,118050
4731,21,21,118260,120090,119760,119780,119790
4732,21,21,125620,127520,127120,127140,127220
4733,21,21,130320,132300,131820,131840,132000
4734,21,22,31080,33080,32580,32600,32780
4735,21,22,32100,34210,33600,33620,33910
4736,21,22,51390,53390,52890,52910,53090
4737,21,22,62010,63890,63510,63530,63590
4738,21,22,67330,69320,68830,68850,69020
4739,21,22,68720,70730,70220,70240,70430
4740,21,22,78890,80900,80390,80420,80600
4741,21,23,93480,95490,94980,95000,95190
4742,21,23,100930,103100,102430,102450,102800
4743,21,23,103130,105130,104630,104650,104830
4744,21,23,160830,162830,162330,162350,162530
4745,21,26,117270,119130,118770,118790,118830
4746,21,26,122660,124780,124160,124180,124480
4747,21,26,155520,157360,157020,157040,157060
4748,21,26,194900,196900,196400,196420,196600
4749,21,26,200210,202040,201710,201730,201740
4750,21,26,212840,214710,214340,214360,214410
4751,21,26,221350,223220,222850,222870,222920
4752,21,26,231500,233480,233000,233020,233180
4753,21,26,235470,237480,236970,236990,237180
4754,21,26,244390,246380,245890,245910,246080
4755,21,26,263780,265740,265280,265300,265440
4756,21,26,273490,275550,274990,275010,275250
4757,21,26,275120,277130,276620,276640,276830
4758,21,26,282770,284650,284270,284290,284350
4759,21,26,284590,286520,286090,286110,286220
4760,21,26,299070,301190,300570,300590,300890
4761,21,26,322590,324520,324090,324110,324220
4762,21,26,325150,327150,326650,326670,326850
4763,21,26,359550,361550,361050,361070,361250
4764,21,26,363160,365020,364660,364680,364720
4765,21,27,78910,81040,80410,80430,80740
4766,21,27,87560,89570,89060,89080,89270
4767,21,27,93400,95400,94900,94920,95100
4768,21,27,95580,97550,97080,97100,97250
4769,21,28,35960,38070,37460,37480,37770
4770,21,28,38090,40030,39590,39610,39730
4771,21,28,63640,65640,65140,65160,65340
4772,21,28,67460,69460,68960,68980,69160
4773,21,28,110010,112020,111510,111530,111720
4774,21,28,116340,118170,117840,117860,117870
4775,21,28,120590,122590,122090,122110,122290
4776,21,28,122240,124240,123740,123760,123940
4777,21,28,135800,137810,137300,137320,137510
4778,21,28,140410,142410,141910,141930,142110
4779,21,28,146800,148800,148300,148320,148500
4780,21,28,150950,152960,152450,152470,152660
4781,21,28,165190,167200,166690,166710,166900
4782,21,28,195560,197390,197060,197080,197090
4783,21,28,203730,205560,205230,205250,205260
4784,21,28,207780,209780,209280,209300,209480
4785,21,28,232460,234310,233960,233980,234010
4786,21,28,253060,254890,254560,254580,254590
4787,21,32,47960,49970,49460,49480,49670
4788,21,32,74820,76790,76320,76340,76490
4789,21,36,124210,126210,125710,125730,125910
4790,21,36,136960,138960,138460,138480,138660
4791,21,36,150570,152580,152070,152090,152280
4792,21,36,163160,165190,164660,164680,164890
4793,21,37,97180,99180,98680,98700,98880
4794,21,37,99590,101590,101090,101110,101290
4795,21,37,138570,140450,140070,140090,140150
4796,21,37,154450,156460,155950,155970,156160
4797,21,41,97030,99020,98530,98560,98720
4798,21,41,111490,113490,112990,113010,113190
4799,21,41,137480,139490,138980,139000,139190
4800,21,42,31040,33100,32540,32560,32800
4801,21,43,93280,95150,94780,94800,94850
4802,21,43,212680,214680,214180,214200,214380
4803,21,43,216900,218800,218400,218420,218500
4804,21,43,224210,226210,225710,225730,225910
4805,21,43,235260,237210,236760,236780,236910
4806,21,43,260560,262430,262060,262080,262130
4807,21,43,268500,270500,270000,270020,270200
4808,21,43,278660,280520,280160,280180,280220
4809,21,43,285340,287210,286840,286860,286910
4810,21,43,312640,314640,314140,314160,314340
4811,21,43,313740,315580,315240,315270,315280
4812,21,43,325270,327100,326770,326790,326800
4813,21,43,336860,338780,338360,338380,338480
4814,21,46,30710,32570,32210,32230,32270
4815,21,46,191470,193350,192970,192990,193050
4816,21,47,95420,97320,96920,96940,97020
4817,21,47,113220,115220,114720,114740,114920
4818,21,47,147850,149690,149350,149370,149390
4819,21,49,12100,14100,13600,13620,13800
4820,21,49,49310,51310,50810,50830,51010
4821,21,49,54270,56270,55770,55790,55970
4822,21,49,63670,65670,65170,65190,65370
4823,21,49,73570,75470,75070,75090,75170
4824,21,49,85630,87460,87130,87150,87160
4825,21,49,88060,90070,89560,89590,89770
4826,21,56,59350,61230,60850,60870,60930
4827,21,56,60800,62800,62300,62320,62500
4828,21,56,64540,66410,66040,66060,66110
4829,21,56,94680,96690,96180,96200,96390
4830,21,56,112250,114250,113750,113770,113950
4831,21,56,115970,117980,117470,117490,117680
4832,21,58,39920,41880,41420,41440,41580
4833,21,67,220890,222720,222390,222410,222420
4834,21,67,221540,223550,223040,223060,223250
4835,21,67,222740,224790,224240,224260,224490
4836,21,67,247250,249250,248750,248770,248950
4837,21,67,252270,254380,253770,253790,254080
4838,21,67,271520,273530,273020,273040,273230
4839,21,67,277490,279490,278990,279010,279190
4840,21,67,306200,308040,307700,307720,307740
4841,21,67,331420,333420,332920,332940,333120
4842,21,67,337460,339290,338960,338980,338990
4843,21,67,343890,345830,345390,345410,345530
4844,21,67,350020,351940,351520,351540,351640
4845,21,67,352750,354710,354250,354270,354410
4846,21,67,359120,361020,360620,360640,360720
4847,21,67,361770,363760,363270,363290,363460
4848,21,67,369720,371720,371220,371240,371420
4849,21,67,376410,378240,377910,377930,377940
4850,21,67,381170,383030,382670,382690,382730
4851,21,67,434820,436700,436320,436340,436400
4852,21,67,442520,444520,444020,444040,444220
4853,21,67,455540,457480,457040,457060,457180
4854,21,67,461790,463790,463290,463310,463490
4855,21,67,469450,471450,470950,470970,471150
4856,21,67,486730,488620,488230,488250,488320
4857,21,67,498560,500570,500060,500080,500270
4858,21,67,518890,521120,520390,520420,520820
4859,21,67,593960,595900,595460,595480,595600
4860,21,67,614340,616420,615840,615860,616120
4861,21,67,778260,780270,779760,779780,779970
4862,21,67,787940,790020,789440,789460,789720
4863,21,67,790220,792170,791720,791740,791870
4864,21,67,801170,803280,802670,802690,802980
4865,21,67,806500,808440,808000,808020,808140
4866,21,67,826170,828000,827670,827690,827700
4867,21,69,73920,75920,75420,75440,75620
4868,21,69,80190,82140,81690,81710,81840
4869,21,69,84410,86270,85910,85930,85970
4870,21,69,88450,90570,89950,89970,90270
4871,21,69,231590,233620,233090,233110,233320
4872,21,69,235290,237210,236790,236810,236910
4873,21,69,236720,238680,238220,238240,238380
4874,21,69,241490,243720,242990,243010,243420
4875,21,69,269170,271110,270670,270690,270810
4876,21,69,279070,280920,280570,280590,280620
4877,21,69,282180,284170,283680,283700,283870
4878,21,69,299290,301290,300790,300810,300990
4879,21,69,305580,307530,307080,307100,307230
4880,21,69,317070,319070,318570,318590,318770
4881,21,69,355140,357300,356640,356660,357000
4882,21,69,379420,381290,380920,380940,380990
4883,21,69,423260,425110,424760,424780,424810
4884,21,69,454960,456960,456460,456480,456660
4885,21,69,570910,572890,572410,572430,572590
4886,21,69,572980,575050,574480,574500,574750
4887,21,69,576050,578060,577550,577570,577760
4888,21,69,589530,591510,591030,591050,591210
4889,21,69,599770,601730,601270,601290,601430
4890,21,69,641740,643740,643240,643260,643440
4891,21,69,674180,676290,675680,675700,675990
4892,21,69,684070,685970,685570,685590,685670
4893,21,69,688990,691020,690490,690510,690720
4894,21,69,710350,712220,711850,711870,711920
4895,21,69,717420,719430,718920,718940,719130
4896,21,69,808360,810260,809860,809880,809960
4897,21,69,811000,812940,812500,812520,812640
4898,21,69,855220,857220,856720,856740,856920
4899,21,69,912660,914690,914160,914190,914390
4900,21,69,941990,944000,943490,943510,943700
4901,21,69,972700,974700,974200,974220,974400
4902,21,69,981500,983500,983000,983020,983200
4903,21,69,1001480,1003310,1002980,1003000,1003010
4904,21,69,1024820,1026740,1026320,1026340,1026440
4905,21,69,1025680,1027690,1027180,1027200,1027390
4906,21,69,1049340,1051340,1050840,1050860,1051040
4907,21,69,1116750,1118740,1118250,1118270,1118440
4908,21,69,1122430,1124430,1123930,1123950,1124130
4909,21,69,1137460,1139460,1138960,1138980,1139160
4910,21,69,1144020,1146050,1145520,1145540,1145750
4911,21,69,1180530,1182690,1182030,1182050,1182390
4912,21,77,100280,102280,101780,101800,101980
4913,21,77,107390,109300,108890,108910,109000
4914,21,77,174420,176420,175920,175940,176120
4915,21,77,186470,188470,187970,187990,188170
4916,21,77,189470,191470,190970,190990,191170
4917,21,77,209040,211200,210540,210560,210900
4918,21,77,275680,277690,277180,277200,277390
4919,21,77,286310,288430,287810,287830,288130
4920,21,77,330820,332830,332320,332340,332530
4921,21,77,373890,375720,375390,375410,375420
4922,21,77,415850,417980,417350,417380,417680
4923,21,77,423910,425910,425410,425430,425610
4924,21,77,436710,438640,438210,438230,438340
4925,21,77,449920,451820,451420,451440,451520
4926,21,77,493550,495640,495050,495070,495340
4927,21,77,497730,499600,499230,499250,499300
4928,21,77,523940,525940,525440,525460,525640
4929,21,77,568960,570960,570460,570480,570660
4930,21,77,585030,587140,586530,586550,586840
4931,21,77,587110,589040,588610,588630,588740
4932,21,77,613730,615730,615230,615250,615430
4933,21,77,615080,617220,616580,616600,616920
4934,21,77,663210,665210,664710,664730,664910
4935,21,77,664000,665900,665500,665520,665600
4936,21,77,676630,678630,678130,678150,678330
4937,21,77,680680,682540,682180,682200,682240
4938,21,77,691340,693230,692840,692860,692930
4939,21,84,139130,141140,140630,140650,140840
4940,21,85,18460,20290,19960,19980,19990
4941,21,85,57540,59640,59040,59060,59340
4942,21,85,62260,64260,63760,63780,63960
4943,21,85,74390,76550,75890,75910,76250
4944,21,85,101790,103800,103290,103310,103500
4945,21,85,167800,169890,169300,169320,169590
4946,21,85,171200,173450,172700,172720,173150
4947,21,85,192690,194520,194190,194210,194220
4948,21,85,198850,200850,200350,200370,200550
4949,21,85,246430,248430,247930,247950,248130
4950,21,85,259660,261660,261160,261180,261360
4951,21,85,292110,294120,293610,293630,293820
4952,21,85,297720,299720,299220,299240,299420
4953,21,85,307260,309260,308760,308780,308960
4954,21,85,310980,313030,312480,312500,312730
4955,21,85,320030,322130,321530,321550,321830
4956,21,85,323230,325240,324730,324750,324940
4957,21,85,325400,327680,326900,326920,327380
4958,21,85,340840,342850,342340,342360,342550
4959,21,85,343740,345820,345240,345260,345520
4960,21,85,360930,363060,362430,362450,362760
4961,21,85,393010,394950,394510,394530,394650
4962,21,85,400270,402120,401770,401790,401820
4963,21,85,554660,556620,556160,556180,556320
4964,21,85,572550,574560,574050,574070,574260
4965,21,85,573620,575620,575120,575140,575320
4966,21,85,578230,580230,579730,579750,579930
4967,21,85,618230,620240,619730,619750,619940
4968,21,85,627980,630080,629480,629500,629780
4969,21,85,665110,667120,666610,666630,666820
4970,21,85,665140,672970,666640,672660,672670
4971,21,85,671170,673170,672670,672690,672870
4972,21,85,682370,684370,683870,683890,684070
4973,21,85,730470,732610,731970,731990,732310
4974,21,85,732660,734500,734160,734180,734200
4975,21,85,734220,736230,735720,735740,735930
4976,21,85,742740,744740,744240,744260,744440
4977,21,85,742770,755920,744270,755610,755620
4978,21,85,754120,756120,755620,755640,755820
4979,21,85,767670,769720,769170,769190,769420
4980,21,85,811970,814010,813470,813490,813710
4981,21,85,858780,860890,860280,860300,860590
4982,21,85,871720,873550,873220,873240,873250
4983,21,85,883510,885510,885010,885030,885210
4984,21,85,896480,898310,897980,898000,898010
4985,21,85,900150,902140,901650,901670,901840
4986,21,85,943480,945340,944980,945000,945040
4987,21,85,943510,947040,945010,946730,946740
4988,21,85,945240,947220,946740,946760,946920
4989,21,85,949840,951720,951340,951360,951420
4990,21,85,949870,953350,951370,953040,953050
4991,21,85,951550,953400,953050,953070,953100
4992,21,85,957750,959880,959250,959270,959580
4993,21,85,959490,961460,960990,961010,961160
4994,21,85,970090,972210,971590,971610,971910
4995,21,85,979210,981210,980710,980730,980910
4996,21,85,984920,986760,986420,986440,986460
4997,21,85,996740,998740,998240,998260,998440
4998,21,85,996770,1015430,998270,1015120,1015130
4999,21,85,1013630,1015550,1015130,1015150,1015250
5000,21,85,1030140,1032150,1031640,1031660,1031850
5001,21,85,1035240,1037240,1036740,1036760,1036940
5002,21,85,1035270,1064010,1036770,1063700,1063710
5003,21,85,1062210,1064220,1063710,1063730,1063920
5004,21,85,1062240,1069830,1063740,1069520,1069530
5005,21,85,1068030,1070040,1069530,1069550,1069740
5006,21,85,1079460,1081310,1080960,1080980,1081010
5007,21,85,1132360,1134190,1133860,1133880,1133890
5008,21,85,1149220,1151230,1150720,1150740,1150930
5009,21,87,93510,95410,95010,95030,95110
5010,21,87,100990,102880,102490,102510,102580
5011,21,87,142090,144090,143590,143610,143790
5012,21,87,155610,157580,157110,157130,157280
5013,21,87,178560,180640,180060,180080,180340
5014,21,87,181170,183110,182670,182690,182810
5015,21,87,181200,202360,182700,202050,202060
5016,21,87,200560,202560,202060,202080,202260
5017,21,87,202160,204180,203660,203680,203880
5018,21,87,234630,236750,236130,236150,236450
5019,21,87,237090,239180,238590,238610,238880
5020,21,87,243050,245250,244550,244570,244950
5021,21,87,247610,249610,249110,249130,249310
5022,21,87,254000,256040,255500,255520,255740
5023,21,87,258360,260370,259860,259880,260070
5024,21,87,285370,287220,286870,286890,286920
5025,21,87,297060,298890,298560,298580,298590
5026,21,87,298840,301020,300340,300360,300720
5027,21,87,317760,319590,319260,319280,319290
5028,21,87,317790,331990,319290,331680,331690
5029,21,87,330190,332170,331690,331710,331870
5030,21,87,345200,347230,346700,346720,346930
5031,21,87,348920,350900,350420,350450,350600
5032,21,87,390980,392810,392480,392500,392510
5033,21,87,391010,407320,392510,407010,407020
5034,21,87,405520,407460,407020,407040,407160
5035,21,87,479350,481430,480850,480870,481130
5036,21,87,479380,483040,480880,482730,482740
5037,21,87,481240,483240,482740,482760,482940
5038,21,87,498030,499890,499530,499550,499590
5039,21,87,511320,513320,512820,512840,513020
5040,21,87,517480,519310,518980,519000,519010
5041,21,87,538560,540570,540060,540090,540270
5042,21,87,548810,550900,550310,550330,550600
5043,21,87,571280,573280,572780,572800,572980
5044,21,87,622540,624540,624040,624060,624240
5045,21,87,623370,625370,624870,624890,625070
5046,21,87,637170,639280,638670,638690,638980
5047,21,87,676180,678180,677680,677700,677880
5048,21,87,813330,815270,814830,814850,814970
5049,21,87,826710,828750,828210,828230,828450
5050,21,87,830690,833000,832190,832210,832700
5051,21,87,885430,887440,886930,886950,887140
5052,21,87,887000,889120,888500,888520,888820
5053,21,87,953710,955640,955210,955230,955340
5054,21,87,964420,966330,965920,965940,966030
5055,21,87,969740,971740,971240,971260,971440
5056,21,87,971610,973610,973110,973130,973310
5057,21,87,984280,986130,985780,985800,985830
5058,21,87,992170,994170,993670,993690,993870
5059,21,87,1002870,1004710,1004370,1004390,1004410
5060,21,87,1011800,1013800,1013300,1013320,1013500
5061,21,88,18160,20160,19660,19680,19860
5062,21,88,60940,62950,62440,62460,62650
5063,21,88,62580,64700,64080,64110,64400
5064,21,88,79020,80970,80520,80540,80670
5065,21,88,82150,84320,83650,83670,84020
5066,21,88,94730,96710,96230,96250,96410
5067,21,88,94760,104840,96260,104530,104540
5068,21,88,106750,108850,108250,108270,108550
5069,21,88,107600,109540,109100,109120,109240
5070,21,88,121590,123610,123090,123110,123310
5071,21,88,138160,140040,139660,139690,139740
5072,21,88,142820,144670,144320,144340,144370
5073,21,88,142850,148480,144350,148170,148180
5074,21,88,146680,148680,148180,148200,148380
5075,21,88,153730,155560,155230,155250,155260
5076,21,88,153760,157400,155260,157090,157100
5077,21,88,155600,157500,157100,157120,157200
5078,21,88,429430,431280,430930,430950,430980
5079,21,88,436390,438420,437890,437910,438120
5080,21,88,437460,439470,438960,438980,439170
5081,21,88,445940,447950,447440,447460,447650
5082,21,88,445970,464050,447470,463740,463750
5083,21,88,462250,464250,463750,463770,463950
5084,21,88,471700,473740,473200,473220,473440
5085,21,88,510210,512210,511710,511730,511910
5086,21,88,539510,541650,541010,541030,541350
5087,21,88,594410,596410,595910,595930,596110
5088,21,88,596140,598140,597640,597660,597840
5089,21,88,603000,604860,604500,604520,604560
5090,21,88,605340,607450,606840,606860,607150
5091,21,90,194460,196360,195960,195990,196060
5092,21,98,123510,125510,125010,125040,125210
5093,21,98,156520,158400,158020,158040,158100
5094,21,106,158480,160470,159980,160000,160170
5095,21,106,165180,167180,166680,166700,166880
5096,21,106,171700,173700,173200,173220,173400
5097,21,106,186040,188060,187540,187560,187760
5098,21,106,312360,314330,313860,313880,314030
5099,21,106,314840,316860,316340,316360,316560
5100,21,106,340440,342450,341940,341970,342150
5101,21,107,105450,107350,106950,106970,107050
5102,21,107,141420,143540,142920,142940,143240
5103,21,109,22860,24860,24360,24380,24560
5104,21,109,24370,26250,25870,25890,25950
5105,21,109,46870,49020,48370,48390,48720
5106,21,109,71890,73720,73390,73410,73420
5107,21,109,337730,339730,339230,339250,339430
5108,21,109,340700,342700,342200,342220,342400
5109,21,109,349660,351660,351160,351180,351360
5110,21,109,351370,353230,352870,352890,352930
5111,21,109,362570,364570,364070,364090,364270
5112,21,109,378920,380950,380420,380440,380650
5113,21,109,427460,429310,428960,428980,429010
5114,21,109,452020,454030,453520,453540,453730
5115,21,109,454670,456670,456170,456190,456370
5116,21,109,492960,494960,494460,494480,494660
5117,21,109,501210,503320,502710,502730,503020
5118,21,109,597470,599480,598970,598990,599180
5119,21,109,642420,644420,643920,643940,644120
5120,21,114,126190,128050,127690,127710,127750
5121,21,114,208670,210660,210170,210190,210360
5122,21,114,230370,232300,231870,231890,232000
5123,21,114,234010,236020,235510,235530,235720
5124,21,114,258410,260390,259910,259930,260090
5125,21,114,261290,263120,262790,262810,262820
5126,21,115,45080,47080,46580,46600,46780
5127,21,115,56160,58110,57660,57680,57810
5128,21,115,57640,59620,59140,59160,59320
5129,21,115,72500,74360,74000,74020,74060
5130,21,115,89770,91770,91270,91290,91470
5131,21,115,105950,108050,107450,107470,107750
5132,21,115,105980,155390,107480,155080,155090
5133,21,115,153590,155640,155090,155110,155340
5134,21,118,104700,106670,106200,106220,106370
5135,21,118,177880,179880,179380,179400,179580
5136,21,118,188930,190760,190430,190450,190460
5137,21,118,214400,216410,215900,215920,216110
5138,21,118,233150,235090,234650,234670,234790
5139,21,118,248590,250420,250090,250110,250120
5140,21,118,265450,267320,266950,266970,267020
5141,21,118,268590,270590,270090,270110,270290
5142,21,118,280600,282610,282100,282120,282310
5143,21,118,358470,360470,359970,359990,360170
5144,21,118,419730,421730,421230,421260,421430
5145,21,118,457170,459180,458670,458690,458880
5146,21,118,461560,463390,463060,463080,463090
5147,21,118,462920,464920,464420,464440,464620
5148,21,118,465040,467040,466540,466560,466740
5149,21,118,466130,468130,467630,467650,467830
5150,21,118,469430,471510,470930,470950,471210
5151,21,118,556210,558210,557710,557730,557910
5152,21,134,175330,177330,176830,176850,177030
5153,21,135,20360,22370,21860,21880,22070
5154,21,135,36400,38240,37900,37920,37940
5155,21,135,39760,41770,41260,41280,41470
5156,21,135,77740,79750,79240,79260,79450
5157,21,135,83100,84970,84600,84620,84670
5158,21,138,23840,25840,25340,25360,25540
5159,21,138,35900,37870,37400,37420,37570
5160,21,138,49470,51470,50970,50990,51170
5161,21,139,52080,54040,53580,53600,53740
5162,21,139,56980,58980,58480,58500,58680
5163,21,142,65940,67770,67440,67460,67470
5164,21,142,107940,109950,109440,109460,109650
5165,21,143,101210,103210,102710,102730,102910
5166,21,143,136570,138570,138070,138090,138270
5167,21,143,164450,166420,165950,165980,166120
5168,21,143,179430,181500,180930,180950,181200
5169,21,143,324680,326700,326180,326200,326400
5170,21,143,327720,329790,329220,329240,329490
5171,21,143,333250,335190,334750,334770,334890
5172,21,143,362380,364390,363880,363900,364090
5173,21,143,364380,366390,365880,365900,366090
5174,21,143,366690,368690,368190,368210,368390
5175,21,143,371350,373180,372850,372870,372880
5176,21,144,48940,50820,50440,50460,50520
5177,21,144,51630,53520,53130,53150,53220
5178,21,144,68940,70940,70440,70460,70640
5179,21,144,122530,124420,124030,124050,124120
5180,21,144,124010,126020,125510,125530,125720
5181,21,144,128540,130650,130040,130060,130350
5182,21,144,136190,138180,137690,137710,137880
5183,21,145,8100,10110,9600,9620,9810
5184,21,145,14080,16110,15580,15600,15810
5185,21,145,14110,30490,15610,30180,30190
5186,21,145,28690,30690,30190,30210,30390
5187,21,145,34210,36210,35710,35730,35910
5188,21,145,43120,44970,44620,44640,44670
5189,21,145,56840,58840,58340,58360,58540
5190,21,145,56870,62470,58370,62160,62170
5191,21,145,60670,62670,62170,62190,62370
5192,21,145,64520,66350,66020,66040,66050
5193,21,145,67470,69470,68970,68990,69170
5194,21,145,73670,75500,75170,75190,75200
5195,21,145,103170,105170,104670,104690,104870
5196,21,145,106720,108750,108220,108240,108450
5197,21,145,116540,118550,118040,118060,118250
5198,21,145,119710,121710,121210,121230,121410
5199,21,145,160980,162990,162480,162500,162690
5200,21,145,172250,174140,173750,173770,173840
5201,21,145,210920,212780,212420,212440,212480
5202,21,148,121950,124010,123450,123470,123710
5203,21,148,130440,132410,131940,131960,132110
5204,21,148,142430,144520,143930,143950,144220
5205,21,148,157420,159420,158920,158940,159120
5206,21,148,161590,163590,163090,163110,163290
5207,21,148,168290,170290,169790,169810,169990
5208,21,148,169640,171660,171140,171160,171360
5209,21,148,203980,205880,205480,205500,205580
5210,21,149,53370,55380,54870,54890,55080
5211,21,149,65260,67120,66760,66780,66820
5212,21,151,55110,57120,56610,56630,56820
5213,21,151,92220,94150,93720,93740,93850
5214,21,151,98940,100940,100440,100460,100640
5215,21,152,104670,106510,106170,106190,106210
5216,21,152,106860,108920,108360,108380,108620
5217,21,152,122780,124720,124280,124300,124420
5218,21,152,131550,133550,133050,133070,133250
5219,21,152,132400,134280,133900,133920,133980
5220,21,152,135080,136980,136580,136600,136680
5221,21,152,151160,153170,152660,152690,152870
5222,21,161,61160,63050,62660,62680,62750
5223,21,169,64510,66510,66010,66030,66210
5224,21,171,65970,68070,67470,67490,67770
5225,21,171,72550,74380,74050,74070,74080
5226,21,180,13940,15940,15440,15460,15640
5227,21,180,15700,17700,17200,17220,17400
5228,21,180,24570,26580,26070,26090,26280
5229,21,180,69810,71810,71310,71330,71510
5230,21,182,36030,37900,37530,37550,37600
5231,21,182,38980,40980,40480,40500,40680
5232,21,182,96890,98950,98390,98410,98650
5233,21,182,104000,105860,105500,105520,105560
5234,21,182,106440,108440,107940,107960,108140
5235,21,182,109580,111580,111080,111100,111280
5236,21,183,137900,139730,139400,139420,139430
5237,21,183,139680,141680,141180,141200,141380
5238,21,185,264020,265920,265520,265540,265620
5239,21,185,264050,266090,265550,265780,265790
5240,21,185,264950,266970,266450,266470,266670
5241,21,185,267410,269420,268910,268930,269120
5242,21,185,273270,275270,274770,274790,274970
5243,21,185,274730,276640,276230,276250,276340
5244,21,185,289080,291190,290580,290600,290890
5245,21,185,295020,297020,296520,296540,296720
5246,21,185,298680,300690,300180,300200,300390
5247,21,187,542900,544900,544400,544420,544600
5248,21,187,543610,545620,545110,545130,545320
5249,21,194,177950,179950,179450,179470,179650
5250,21,194,185150,187150,186650,186670,186850
5251,21,194,191290,193330,192790,192810,193030
5252,21,194,198480,200480,199980,200000,200180
5253,21,194,205940,208020,207440,207460,207720
5254,21,194,238510,240510,240010,240030,240210
5255,21,194,244200,246210,245700,245720,245910
5256,21,194,252480,254320,253980,254000,254020
5257,21,194,254920,256750,256420,256440,256450
5258,21,194,260480,262480,261980,262000,262180
5259,21,194,269420,271420,270920,270940,271120
5260,21,194,271680,273690,273180,273200,273390
5261,21,194,272390,274400,273890,273910,274100
5262,21,194,312250,314120,313750,313770,313820
5263,21,195,93330,95160,94830,94850,94860
5264,21,195,120220,122180,121720,121740,121880
5265,21,195,129030,131040,130530,130550,130740
5266,21,195,149240,151170,150740,150760,150870
5267,21,195,154040,156050,155540,155560,155750
5268,21,195,159470,161470,160970,160990,161170
5269,21,195,165680,167680,167180,167200,167380
5270,21,195,180360,182450,181860,181880,182150
5271,21,195,192030,194130,193530,193550,193830
5272,21,195,192060,195840,193560,195530,195540
5273,21,195,197500,199330,199000,199020,199030
5274,21,195,209090,211100,210590,210610,210800
5275,21,195,210030,211860,211530,211550,211560
5276,21,195,257390,259390,258890,258910,259090
5277,21,195,267690,269690,269190,269210,269390
5278,21,195,269280,271280,270780,270800,270980
5279,21,195,334220,336230,335720,335740,335930
5280,21,196,53030,55040,54530,54550,54740
5281,21,196,67260,69290,68760,68780,68990
5282,21,205,89180,91220,90680,90700,90920
5283,21,205,94540,96540,96040,96060,96240
5284,21,205,100770,102710,102270,102290,102410
5285,21,205,117640,119470,119140,119160,119170
5286,21,206,83880,85890,85380,85400,85590
5287,21,206,97860,99860,99360,99380,99560
5288,21,206,105990,107990,107490,107510,107690
5289,21,210,139080,141080,140580,140600,140780
5290,21,210,142680,144840,144180,144200,144540
5291,21,210,153230,155240,154730,154750,154940
5292,21,211,49810,51810,51310,51330,51510
5293,21,211,54580,56650,56080,56100,56350
5294,21,214,35870,37870,37370,37390,37570
5295,21,214,40960,42850,42460,42480,42550
5296,21,214,132460,134470,133960,133990,134170
5297,21,214,132500,141740,134000,141430,141440
5298,21,214,139940,141920,141440,141460,141620
5299,21,214,171820,173820,173320,173340,173520
5300,21,214,187830,189780,189330,189350,189480
5301,21,216,29250,31250,30750,30770,30950
5302,21,216,38110,40070,39610,39640,39770
5303,21,216,61630,63630,63130,63150,63330
5304,21,216,84690,86730,86190,86210,86430
5305,21,216,90880,92900,92380,92400,92600
5306,21,216,97760,99770,99260,99290,99470
5307,21,216,114620,116630,116120,116150,116330
5308,21,216,116480,118480,117980,118000,118180
5309,21,216,126320,128320,127820,127840,128020
5310,21,222,162220,164190,163720,163740,163890
5311,21,222,164870,166770,166370,166390,166470
5312,21,224,127000,129060,128500,128520,128760
5313,21,224,128380,130300,129880,129900,130000
5314,21,224,138140,140120,139640,139660,139820
5315,21,224,148990,150900,150490,150510,150600
5316,21,224,158780,160780,160280,160300,160480
5317,21,224,160480,162460,161980,162000,162160
5318,21,224,300620,302620,302120,302140,302320
5319,21,228,92490,94480,93990,94010,94180
5320,21,228,98630,100630,100130,100150,100330
5321,21,228,101560,103660,103060,103080,103360
5322,21,228,101590,161940,103090,161630,161640
5323,21,228,162390,164260,163890,163910,163960
5324,21,228,162420,165840,163920,165530,165540
5325,21,228,164040,166050,165540,165560,165750
5326,21,228,166830,168680,168330,168350,168380
5327,21,228,205020,206850,206520,206540,206550
5328,21,228,207970,209980,209470,209490,209680
5329,21,228,355180,357180,356680,356700,356880
5330,21,228,364880,366880,366380,366400,366580
5331,21,228,380400,382400,381900,381920,382100
5332,21,228,463720,465820,465220,465240,465520
5333,21,228,466180,468100,467680,467700,467800
5334,21,228,467920,469920,469420,469440,469620
5335,21,228,491040,493050,492540,492560,492750
5336,21,228,564840,566790,566340,566360,566490
5337,21,228,568840,570860,570340,570360,570560
5338,21,228,574120,576120,575620,575640,575820
5339,21,238,78430,80430,79930,79950,80130
5340,21,238,80080,82090,81580,81600,81790
5341,21,238,83960,85970,85460,85480,85670
5342,21,238,88990,90900,90490,90510,90600
5343,21,238,91620,93560,93120,93140,93260
5344,21,238,104370,106380,105870,105890,106080
5345,21,238,141160,143090,142660,142680,142790
5346,21,238,145090,147090,146590,146610,146790
5347,22,5,66140,68040,67640,67660,67740
5348,22,5,69070,71170,70570,70590,70870
5349,22,5,129340,131270,130840,130860,130970
5350,22,5,132620,134470,134120,134140,134170
5351,22,5,154080,156080,155580,155600,155780
5352,22,8,71150,73030,72650,72670,72730
5353,22,13,185080,187070,186580,186600,186770
5354,22,13,187860,190000,189360,189380,189700
5355,22,13,216010,218020,217510,217530,217720
5356,22,16,92180,94190,93680,93700,93890
5357,22,16,100740,102750,102240,102260,102450
5358,22,16,102700,104750,104200,104220,104450
5359,22,17,73160,75170,74660,74680,74870
5360,22,17,75140,77080,76640,76660,76780
5361,22,17,78890,80860,80390,80410,80560
5362,22,17,91440,93350,92940,92960,93050
5363,22,22,25380,27210,26880,26900,26910
5364,22,27,39830,41840,41330,41360,41540
5365,22,27,46640,48540,48140,48160,48240
5366,22,27,51760,53770,53260,53280,53470
5367,22,27,61360,63360,62860,62880,63060
5368,22,29,125370,127230,126870,126890,126930
5369,22,29,133190,135090,134690,134710,134790
5370,22,31,56070,58080,57570,57590,57780
5371,22,31,60120,62140,61620,61650,61840
5372,22,31,95200,97440,96700,96720,97140
5373,22,33,78940,80940,80440,80460,80640
5374,22,33,81340,83300,82840,82860,83000
5375,22,33,119800,121790,121300,121320,121490
5376,22,33,147330,149340,148830,148850,149040
5377,22,43,67080,68980,68580,68600,68680
5378,22,43,113200,115110,114700,114720,114810
5379,22,43,117960,119890,119460,119480,119590
5380,22,44,59690,61650,61190,61210,61350
5381,22,44,174750,176710,176250,176270,176410
5382,22,46,57830,59720,59330,59350,59420
5383,22,47,63980,65980,65480,65500,65680
5384,22,47,65940,67960,67440,67460,67660
5385,22,47,72160,74190,73660,73680,73890
5386,22,47,74860,76690,76360,76380,76390
5387,22,47,78730,80580,80230,80250,80280
5388,22,47,120450,122450,121950,121970,122150
5389,22,49,15680,17690,17180,17200,17390
5390,22,49,18100,19990,19600,19620,19690
5391,22,49,189040,190870,190540,190560,190570
5392,22,50,148670,150520,150170,150190,150220
5393,22,53,61910,63740,63410,63430,63440
5394,22,53,68320,70250,69820,69840,69950
5395,22,54,146450,148300,147950,147970,148000
5396,22,54,155810,157820,157310,157330,157520
5397,22,56,93930,95880,95430,95450,95580
5398,22,56,99260,101090,100760,100780,100790
5399,22,56,123800,125820,125300,125320,125520
5400,22,57,162510,164630,164010,164030,164330
5401,22,59,20340,22290,21840,21860,21990
5402,22,59,65260,67120,66760,66780,66820
5403,22,59,66720,68600,68220,68240,68300
5404,22,59,116190,118230,117690,117710,117930
5405,22,59,149730,151710,151230,151250,151410
5406,22,59,150930,152960,152430,152450,152660
5407,22,59,152440,154560,153940,153960,154260
5408,22,59,157200,159200,158700,158720,158900
5409,22,59,168820,170960,170320,170350,170660
5410,22,60,82420,84430,83920,83950,84130
5411,22,60,120680,122520,122180,122200,122220
5412,22,60,124390,126290,125890,125910,125990
5413,22,60,144250,146160,145750,145770,145860
5414,22,60,146870,148990,148370,148390,148690
5415,22,60,152600,154600,154100,154120,154300
5416,22,61,102470,104570,103970,103990,104270
5417,22,61,108170,110150,109670,109690,109850
5418,22,61,108690,110540,110190,110210,110240
5419,22,66,146690,148550,148190,148210,148250
5420,22,66,151240,153240,152740,152760,152940
5421,22,66,338230,340280,339730,339750,339980
5422,22,66,340840,342750,342340,342360,342450
5423,22,66,360960,362840,362460,362480,362540
5424,22,70,23870,25840,25370,25390,25540
5425,22,70,27840,29780,29340,29360,29480
5426,22,70,32050,33880,33550,33570,33580
5427,22,70,35480,37330,36980,37000,37030
5428,22,70,98920,100840,100420,100440,100540
5429,22,70,101060,103060,102560,102580,102760
5430,22,70,319000,321120,320500,320520,320820
5431,22,70,332050,333920,333550,333570,333620
5432,22,78,229830,231940,231330,231350,231640
5433,22,81,61600,63430,63100,63120,63130
5434,22,82,158660,160530,160160,160180,160230
5435,22,82,161780,163790,163280,163300,163490
5436,22,82,175070,177080,176570,176590,176780
5437,22,82,177790,179790,179290,179310,179490
5438,22,82,281990,284000,283490,283510,283700
5439,22,82,307390,309390,308890,308910,309090
5440,22,83,19020,20910,20520,20540,20610
5441,22,83,35560,37560,37060,37080,37260
5442,22,83,45730,47710,47230,47250,47410
5443,22,83,192800,194670,194300,194320,194370
5444,22,83,284080,286340,285580,285600,286040
5445,22,84,62950,64990,64450,64470,64690
5446,22,84,66600,68670,68100,68120,68370
5447,22,84,96550,98440,98050,98070,98140
5448,22,95,21690,23700,23190,23210,23400
5449,22,95,24100,26030,25600,25620,25730
5450,22,95,28730,30730,30230,30250,30430
5451,22,95,36150,38150,37650,37670,37850
5452,22,95,38340,40340,39840,39860,40040
5453,22,98,62360,64360,63860,63880,64060
5454,22,98,69020,71030,70520,70540,70730
5455,22,98,87350,89460,88850,88870,89160
5456,22,105,226640,228640,228140,228160,228340
5457,22,107,12580,14430,14080,14100,14130
5458,22,107,14030,16030,15530,15550,15730
5459,22,107,45290,47370,46790,46810,47070
5460,22,107,60770,62780,62270,62290,62480
5461,22,108,188670,190670,190170,190190,190370
5462,22,108,220930,222920,222430,222450,222620
5463,22,108,221430,223430,222930,222950,223130
5464,22,109,28540,30550,30040,30060,30250
5465,22,109,130200,132200,131700,131720,131900
5466,22,109,144200,146150,145700,145720,145850
5467,22,109,146590,148590,148090,148110,148290
5468,22,109,148370,150310,149870,149890,150010
5469,22,109,149540,151540,151040,151060,151240
5470,22,109,157210,159210,158710,158730,158910
5471,22,109,181380,183480,182880,182900,183180
5472,22,109,185820,187750,187320,187340,187450
5473,22,109,199080,201070,200580,200600,200770
5474,22,109,211860,213740,213360,213380,213440
5475,22,110,80290,82300,81790,81820,82000
5476,22,110,103080,104990,104580,104600,104690
5477,22,110,129000,131000,130500,130520,130700
5478,22,110,132190,134150,133690,133710,133850
5479,22,111,61070,63070,62570,62590,62770
5480,22,111,64560,66560,66060,66080,66260
5481,22,121,130300,132410,131800,131820,132110
5482,22,121,146240,148210,147740,147760,147910
5483,22,121,151340,153590,152840,152860,153290
5484,22,121,159530,161530,161030,161050,161230
5485,22,123,27340,29220,28840,28860,28920
5486,22,123,116770,118780,118270,118290,118480
5487,22,123,117320,119150,118820,118840,118850
5488,22,132,89110,91110,90610,90630,90810
5489,22,132,91900,93750,93400,93420,93450
5490,22,132,102180,104420,103680,103700,104120
5491,22,132,106160,108160,107660,107680,107860
5492,22,132,114290,116120,115790,115810,115820
5493,22,132,115770,117770,117270,117290,117470
5494,22,136,53810,55640,55310,55330,55340
5495,22,136,56380,58340,57880,57900,58040
5496,22,136,65380,67220,66880,66900,66920
5497,22,136,68750,70750,70250,70270,70450
5498,22,136,86460,88340,87960,87980,88040
5499,22,136,88890,90730,90390,90410,90430
5500,22,136,116810,118760,118310,118330,118460
5501,22,136,117450,119460,118950,118970,119160
5502,22,136,119460,121460,120960,120980,121160
5503,22,136,124860,126860,126360,126380,126560
5504,22,136,129330,131330,130830,130850,131030
5505,22,136,185190,187200,186690,186710,186900
5506,22,136,218070,220040,219570,219590,219740
5507,22,138,159470,161470,160970,160990,161170
5508,22,138,202650,204650,204150,204170,204350
5509,22,139,33450,35450,34950,34970,35150
5510,22,139,65190,67030,66690,66710,66730
5511,22,139,67380,69380,68880,68900,69080
5512,22,139,75150,77240,76650,76670,76940
5513,22,139,90480,92490,91980,92000,92190
5514,22,139,97390,99280,98890,98910,98980
5515,22,142,225330,227330,226830,226850,227030
5516,22,142,231570,233570,233070,233090,233270
5517,22,145,59960,61790,61460,61480,61490
5518,22,145,61380,63230,62880,62900,62930
5519,22,145,106490,108490,107990,108010,108190
5520,22,145,111150,113050,112650,112670,112750
5521,22,145,113300,115240,114800,114820,114940
5522,22,145,141200,143070,142700,142720,142770
5523,22,145,141700,143550,143200,143220,143250
5524,22,145,143390,145370,144890,144910,145070
5525,22,145,150770,152700,152270,152290,152400
5526,23,1,66990,69000,68490,68510,68700
5527,23,1,70540,72640,72040,72060,72340
5528,23,1,78950,80950,80450,80470,80650
5529,23,1,85210,87210,86710,86730,86910
5530,23,1,98640,100640,100140,100160,100340
5531,23,1,102430,104430,103930,103950,104130
5532,23,1,104590,106420,106090,106110,106120
5533,23,1,116350,118350,117850,117870,118050
5534,23,1,117770,119660,119270,119290,119360
5535,23,1,144370,146260,145870,145890,145960
5536,23,1,164780,166680,166280,166300,166380
5537,23,1,181570,183670,183070,183090,183370
5538,23,1,182540,184730,184040,184060,184430
5539,23,1,202860,204860,204360,204380,204560
5540,23,1,277560,279560,279060,279080,279260
5541,23,1,301300,303270,302800,302820,302970
5542,23,1,315020,317020,316520,316540,316720
5543,23,5,101780,103760,103280,103300,103460
5544,23,5,121760,123690,123260,123280,123390
5545,23,6,299320,301330,300820,300840,301030
5546,23,6,330080,332140,331580,331600,331840
5547,23,50,78330,80310,79830,79850,80010
5548,23,50,97240,99390,98740,98760,99090
5549,23,62,188570,190570,190070,190090,190270
5550,23,62,220330,222260,221830,221850,221960
5551,23,62,221770,223770,223270,223290,223470
5552,23,62,247660,249660,249160,249180,249360
5553,23,62,277710,279720,279210,279230,279420
5554,23,62,285860,287870,287360,287380,287570
5555,23,62,303780,305790,305280,305300,305490
5556,23,62,343240,345250,344740,344770,344950
5557,23,62,349910,351760,351410,351430,351460
5558,23,62,354220,356120,355720,355740,355820
5559,23,62,358090,359990,359590,359610,359690
5560,23,62,374150,376090,375650,375670,375790
5561,23,62,381080,383090,382580,382610,382790
5562,23,62,415140,417140,416640,416660,416840
5563,23,62,417740,419740,419240,419260,419440
5564,23,62,446460,448300,447960,447980,448000
5565,23,62,449600,451600,451100,451120,451300
5566,23,62,476670,478530,478170,478190,478230
5567,23,62,480640,482680,482140,482160,482380
5568,23,62,514950,516810,516450,516470,516510
5569,23,62,523070,525110,524570,524590,524810
5570,23,62,534200,536180,535700,535720,535880
5571,23,62,548520,550530,550020,550050,550230
5572,23,62,571710,573680,573210,573230,573380
5573,23,62,583450,585580,584950,584970,585280
5574,23,62,587060,589060,588560,588580,588760
5575,23,62,640140,642250,641640,641660,641950
5576,23,62,652110,654120,653610,653630,653820
5577,23,63,22570,24570,24070,24090,24270
5578,23,63,36470,38470,37970,37990,38170
5579,23,63,41940,44080,43440,43460,43780
5580,23,63,52390,54400,53890,53910,54100
5581,23,63,62260,64180,63760,63780,63880
5582,23,63,65720,67660,67220,67240,67360
5583,23,63,75610,77720,77110,77130,77420
5584,23,63,83910,85750,85410,85430,85450
5585,23,63,132560,134620,134060,134080,134320
5586,23,63,162270,164100,163770,163790,163800
5587,23,63,166560,168560,168060,168080,168260
5588,23,63,168850,170680,170350,170370,170380
5589,23,63,168880,185790,170380,185480,185490
5590,23,63,183990,186090,185490,185510,185790
5591,23,63,190640,192470,192140,192160,192170
5592,23,63,204980,206990,206480,206500,206690
5593,23,63,209170,211180,210670,210690,210880
5594,23,63,209200,214940,210700,214630,214640
5595,23,63,213140,215140,214640,214660,214840
5596,23,63,224100,225930,225600,225620,225630
5597,23,63,226220,228270,227720,227740,227970
5598,23,84,606980,608980,608480,608500,608680
5599,23,86,32340,34330,33840,33860,34030
5600,23,86,40110,42110,41610,41630,41810
5601,23,86,47830,49850,49330,49350,49550
5602,23,86,58090,60040,59590,59610,59740
5603,23,86,87030,89040,88530,88550,88740
5604,23,86,87060,94290,88560,93980,93990
5605,23,86,92490,94490,93990,94010,94190
5606,23,86,102190,104020,103690,103710,103720
5607,23,86,105280,107120,106780,106800,106820
5608,23,86,110700,112530,112200,112220,112230
5609,23,86,128410,130240,129910,129930,129940
5610,23,86,147360,149480,148860,148880,149180
5611,23,86,169840,171850,171340,171360,171550
5612,23,86,171740,173700,173240,173260,173400
5613,23,86,231350,233340,232850,232870,233040
5614,23,86,263840,265710,265340,265360,265410
5615,23,86,365920,367780,367420,367440,367480
5616,23,86,432660,434520,434160,434180,434220
5617,23,86,457890,459780,459390,459410,459480
5618,23,86,664720,666550,666220,666240,666250
5619,23,86,676650,678650,678150,678170,678350
5620,23,86,685520,687350,687020,687040,687050
5621,23,86,690260,692260,691760,691780,691960
5622,23,86,696460,698330,697960,697980,698030
5623,23,86,713450,715440,714950,714970,715140
5624,23,86,718570,720520,720070,720090,720220
5625,23,86,722540,724500,724040,724060,724200
5626,23,90,224390,226500,225890,225910,226200
5627,23,90,226540,228550,228040,228060,228250
5628,23,101,78080,80110,79580,79600,79810
5629,23,143,75350,77360,76850,76870,77060
5630,23,157,25420,27420,26920,26940,27120
5631,23,157,29010,31010,30510,30530,30710
5632,23,157,31500,33500,33000,33020,33200
5633,23,162,69240,71240,70740,70760,70940
5634,23,162,85760,87620,87260,87280,87320
5635,23,162,87550,89550,89050,89070,89250
5636,23,169,69860,71810,71360,71380,71510
5637,23,171,67280,69400,68780,68800,69100
5638,23,171,78400,80340,79900,79920,80040
5639,23,171,116980,118980,118480,118500,118680
5640,23,171,121410,123410,122910,122930,123110
5641,23,171,135030,137030,136530,136550,136730
5642,23,171,150560,152520,152060,152080,152220
5643,23,171,236680,238770,238180,238200,238470
5644,23,171,238460,240620,239960,239980,240320
5645,23,171,281230,283230,282730,282750,282930
5646,23,171,284070,286360,285570,285590,286060
5647,23,171,287140,289140,288640,288660,288840
5648,23,171,305600,307560,307100,307120,307260
5649,23,171,309310,311310,310810,310830,311010
5650,23,171,316750,318620,318250,318270,318320
5651,23,171,318070,320010,319570,319590,319710
5652,24,1,23070,25170,24570,24590,24870
5653,24,1,33160,35210,34660,34680,34910
5654,24,1,55000,56860,56500,56520,56560
5655,24,1,96430,98430,97930,97950,98130
5656,24,4,98820,100820,100320,100340,100520
5657,24,4,112940,114920,114440,114460,114620
5658,24,9,81830,83920,83330,83350,83620
5659,24,9,88610,90610,90110,90130,90310
5660,24,22,64090,66210,65590,65610,65910
5661,24,22,85480,87560,86980,87000,87260
5662,24,24,64680,66640,66180,66200,66340
5663,24,24,73800,75660,75300,75320,75360
5664,24,24,73830,79900,75330,79590,79600
5665,24,24,78100,79950,79600,79620,79650
5666,24,30,113300,115200,114800,114820,114900
5667,24,30,138880,140880,140380,140400,140580
5668,24,45,144480,146520,145980,146000,146220
5669,24,50,54580,56420,56080,56100,56120
5670,24,50,55080,57010,56580,56600,56710
5671,24,50,56320,58160,57820,57840,57860
5672,24,50,175530,177530,177030,177050,177230
5673,24,51,79100,81070,80600,80620,80770
5674,24,53,98320,100330,99820,99840,100030
5675,24,53,98830,100760,100330,100360,100460
5676,24,53,143470,145470,144970,144990,145170
5677,24,58,69240,71120,70740,70760,70820
5678,24,58,69270,75800,70770,75490,75500
5679,24,58,74000,75870,75500,75520,75570
5680,24,68,149610,151610,151110,151130,151310
5681,24,69,62310,64310,63810,63830,64010
5682,24,69,73120,75120,74620,74640,74820
5683,24,75,119290,121350,120790,120810,121050
5684,24,78,73870,75730,75370,75390,75430
5685,24,78,75740,77650,77240,77260,77350
5686,24,93,58530,60460,60030,60050,60160
5687,24,99,51950,53940,53450,53470,53640
5688,24,99,55850,57860,57350,57370,57560
5689,24,99,81970,83970,83470,83490,83670
5690,24,99,132030,134060,133530,133550,133760
5691,24,104,74200,76200,75700,75720,75900
5692,24,112,84720,86570,86220,86240,86270
5693,24,122,138380,140520,139880,139900,140220
5694,24,132,52060,53960,53560,53580,53660
5695,24,132,103170,105070,104670,104690,104770
5696,24,133,22530,24520,24030,24050,24220
5697,24,133,24990,26990,26490,26510,26690
5698,24,133,67980,69980,69480,69500,69680
5699,24,133,112250,114260,113750,113770,113960
5700,24,152,117010,119010,118510,118530,118710
5701,24,159,53770,55850,55270,55290,55550
5702,24,166,26530,28470,28030,28050,28170
5703,24,166,103120,105120,104620,104640,104820
5704,24,174,28000,29830,29500,29520,29530
5705,24,174,28990,30850,30490,30510,30550
5706,24,174,51520,53510,53020,53040,53210
5707,24,174,90960,92960,92460,92480,92660
5708,24,176,63900,65800,65400,65420,65500
5709,24,176,80240,82250,81740,81760,81950
5710,24,176,98540,100550,100040,100060,100250
5711,24,177,62460,64370,63960,63980,64070
5712,24,177,67560,69560,69060,69080,69260
5713,24,185,53740,55680,55240,55260,55380
5714,24,189,102200,104210,103700,103720,103910
5715,24,189,111000,112860,112500,112520,112560
5716,24,197,43860,45990,45360,45380,45690
5717,24,197,44500,46570,46000,46020,46270
5718,24,197,73480,75480,74980,75000,75180
5719,24,198,40530,42540,42030,42050,42240
5720,24,201,57990,60020,59490,59510,59720
5721,24,201,95340,97350,96840,96860,97050
5722,24,202,99520,101370,101020,101040,101070
5723,24,211,57390,59550,58890,58920,59250
5724,24,211,138370,140410,139870,139890,140110
5725,24,219,50770,52770,52270,52290,52470
5726,24,219,113550,115440,115050,115070,115140
5727,24,223,87660,89660,89160,89180,89360
5728,24,223,113740,115670,115240,115260,115370
5729,24,224,95050,97050,96550,96570,96750
5730,24,236,61380,63210,62880,62900,62910
5731,24,237,241920,243920,243420,243440,243620
5732,24,262,69290,71260,70790,70810,70960
5733,24,271,97480,99480,98980,99000,99180
5734,24,272,94700,96700,96200,96220,96400
5735,24,272,107530,109530,109030,109050,109230
5736,24,291,108660,110720,110160,110180,110420
5737,24,291,115890,117890,117390,117410,117590
5738,24,303,103480,105310,104980,105000,105010
5739,24,308,64100,66060,65600,65620,65760
5740,24,308,64130,128450,65630,128140,128150
5741,24,308,126650,128760,128150,128170,128460
5742,24,309,114390,116380,115890,115910,116080
5743,24,309,127750,129760,129250,129270,129460
5744,24,316,153390,155230,154890,154910,154930
5745,24,328,53330,55340,54830,54860,55040
5746,24,328,118820,120830,120320,120340,120530
5747,25,4,30480,32590,31980,32000,32290
5748,25,4,41800,43960,43300,43320,43660
5749,25,4,49480,51360,50980,51000,51060
5750,25,4,56840,58870,58340,58360,58570
5751,25,4,59870,61910,61370,61400,61610
5752,25,4,62630,64530,64130,64150,64230
5753,25,9,23680,25910,25180,25200,25610
5754,25,9,26180,28350,27680,27700,28050
5755,25,9,27830,30010,29330,29350,29710
5756,25,9,74330,76350,75830,75850,76050
5757,25,9,76020,78130,77520,77540,77830
5758,25,9,80130,82290,81630,81650,81990
5759,25,10,35250,37330,36750,36770,37030
5760,25,10,44540,46850,46040,46060,46550
5761,25,10,46190,48320,47690,47720,48020
5762,25,10,81420,83510,82920,82940,83210
5763,25,10,86530,88690,88030,88050,88390
5764,25,10,207550,209610,209050,209070,209310
5765,25,10,211640,213720,213140,213160,213420
5766,25,10,212800,215050,214300,214320,214750
5767,25,10,214740,216860,216240,216260,216560
5768,25,10,217200,219210,218700,218720,218910
5769,25,10,219420,221400,220920,220940,221100
5770,25,10,220550,222560,222050,222070,222260
5771,25,11,109510,111630,111010,111030,111330
5772,25,13,34360,36190,35860,35880,35890
5773,25,13,65920,67890,67420,67440,67590
5774,25,15,39090,41010,40590,40610,40710
5775,25,33,42130,44110,43630,43650,43810
5776,25,33,45840,47810,47340,47360,47510
5777,25,33,51210,53340,52710,52740,53040
5778,25,37,41360,43370,42860,42880,43070
5779,25,37,42890,44720,44390,44410,44420
5780,25,37,62030,63970,63530,63550,63670
5781,25,37,63370,65510,64870,64890,65210
5782,25,37,80870,83020,82370,82390,82720
5783,25,37,82830,84830,84330,84350,84530
5784,25,37,171280,173190,172780,172800,172890
5785,25,37,193050,195080,194550,194570,194780
5786,25,45,42760,44970,44260,44280,44670
5787,25,45,108360,110430,109860,109880,110130
5788,25,45,114490,116500,115990,116010,116200
5789,25,45,126750,128680,128250,128270,128380
5790,25,45,131590,133430,133090,133110,133130
5791,25,80,32600,34750,34100,34120,34450
5792,25,92,27820,29890,29320,29340,29590
5793,25,92,32620,34750,34120,34140,34450
5794,25,92,36230,38090,37730,37750,37790
5795,25,92,61130,63160,62630,62650,62860
5796,25,92,64880,66980,66380,66400,66680
5797,25,92,65670,67730,67170,67190,67430
5798,25,92,67770,69750,69270,69290,69450
5799,25,92,71430,73430,72930,72950,73130
5800,25,100,29850,31850,31350,31370,31550
5801,25,100,30470,32340,31970,31990,32040
5802,25,100,31520,33550,33020,33040,33250
5803,25,114,68180,70260,69680,69700,69960
5804,25,116,189560,191610,191060,191080,191310
5805,25,119,64020,66280,65520,65540,65980
5806,25,142,20280,22110,21780,21800,21810
5807,25,142,26980,28920,28480,28500,28620
5808,25,142,51210,53280,52710,52730,52980
5809,25,142,64280,66130,65780,65800,65830
5810,25,142,65450,67490,66950,66970,67190
5811,25,142,66280,68120,67780,67800,67820
5812,25,143,32440,34500,33940,33960,34200
5813,25,143,34310,36230,35810,35830,35930
5814,25,152,13190,15130,14690,14710,14830
5815,25,152,16480,18470,17980,18000,18170
5816,25,152,16510,18780,18010,18470,18480
5817,25,152,16980,18990,18480,18500,18690
5818,25,152,20960,22930,22460,22480,22630
5819,25,152,57760,59870,59260,59280,59570
5820,25,153,33100,35120,34600,34620,34820
5821,25,153,36380,38480,37880,37900,38180
5822,25,156,57090,59130,58590,58610,58830
5823,25,158,73470,75580,74970,74990,75280
5824,25,158,90470,92570,91970,91990,92270
5825,25,158,133980,136060,135480,135500,135760
5826,25,158,134780,136970,136280,136300,136670
5827,25,158,139140,141150,140640,140660,140850
5828,25,158,139980,141860,141480,141500,141560
5829,25,158,143750,145850,145250,145270,145550
5830,25,158,144780,146850,146280,146300,146550
5831,25,161,53210,55040,54710,54730,54740
5832,25,161,63440,65290,64940,64960,64990
5833,25,161,64070,66150,65570,65590,65850
5834,25,161,66030,68120,67530,67550,67820
5835,25,161,73370,75580,74870,74890,75280
5836,25,163,19690,21680,21190,21210,21380
5837,25,163,22090,24030,23590,23610,23730
5838,25,163,47190,49180,48690,48710,48880
5839,25,163,47690,49610,49190,49210,49310
5840,25,163,47720,59190,49220,58880,58890
5841,25,163,57390,59310,58890,58910,59010
5842,25,164,31480,33610,32980,33000,33310
5843,25,164,34760,36860,36260,36280,36560
5844,25,164,55800,57940,57300,57320,57640
5845,25,168,19780,21780,21280,21300,21480
5846,25,168,27800,29820,29300,29320,29520
5847,25,173,35300,37130,36800,36820,36830
5848,25,173,38460,40470,39960,39980,40170
5849,25,173,65460,67570,66960,66980,67270
5850,25,173,73730,75830,75230,75250,75530
5851,25,176,4820,6830,6320,6340,6530
5852,25,176,8900,11040,10400,10420,10740
5853,25,176,9620,11580,11120,11140,11280
5854,25,176,11250,13410,12750,12770,13110
5855,25,176,32820,34840,34320,34340,34540
5856,25,177,38840,40890,40340,40360,40590
5857,25,177,41100,43080,42600,42620,42780
5858,25,186,68140,70000,69640,69660,69700
5859,25,188,8090,10190,9590,9610,9890
5860,25,188,8120,11930,9620,11620,11630
5861,25,188,10130,12180,11630,11650,11880
5862,25,188,11700,13760,13200,13220,13460
5863,25,189,57310,59160,58810,58830,58860
5864,25,189,62700,64880,64200,64220,64580
5865,25,196,43620,45600,45120,45140,45300
5866,25,196,44930,46920,46430,46450,46620
5867,25,196,47210,49220,48710,48730,48920
5868,25,196,48280,50280,49780,49800,49980
5869,25,196,48900,50930,50400,50420,50630
5870,25,196,80460,82430,81960,81980,82130
5871,25,197,36960,38790,38460,38480,38490
5872,25,197,40420,42410,41920,41940,42110
5873,25,199,56060,58020,57560,57580,57720
5874,25,199,56840,58870,58340,58360,58570
5875,25,199,57750,60000,59250,59270,59700
5876,25,199,58750,60880,60250,60270,60580
5877,25,202,36290,38490,37790,37810,38190
5878,25,202,66040,68030,67540,67560,67730
5879,25,202,70130,71980,71630,71650,71680
5880,25,202,89560,91420,91060,91080,91120
5881,25,202,91480,93450,92980,93000,93150
5882,25,202,95330,97430,96830,96850,97130
5883,25,202,98070,100120,99570,99590,99820
5884,25,202,120790,122880,122290,122310,122580
5885,25,202,152640,154710,154140,154160,154410
5886,25,202,153440,155330,154940,154960,155030
5887,25,202,157070,159070,158570,158590,158770
5888,25,202,161710,163840,163210,163230,163540
5889,25,202,161740,177870,163240,177560,177570
5890,25,202,176070,178030,177570,177590,177730
5891,25,202,179010,181090,180510,180530,180790
5892,25,202,183040,184950,184540,184560,184650
5893,25,202,184910,186900,186410,186430,186600
5894,25,202,195470,197480,196970,196990,197180
5895,25,202,199980,202070,201480,201500,201770
5896,25,202,202360,204210,203860,203880,203910
5897,25,202,208320,210180,209820,209840,209880
5898,25,202,225230,227210,226730,226750,226910
5899,25,202,234610,236600,236110,236130,236300
5900,25,202,240160,242210,241660,241680,241910
5901,25,202,242290,244250,243790,243810,243950
5902,25,202,243370,245250,244870,244890,244950
5903,25,202,256600,258760,258100,258120,258460
5904,25,202,259150,261130,260650,260670,260830
5905,25,202,285680,287860,287180,287200,287560
5906,25,202,288430,290440,289930,289950,290140
5907,25,202,296250,298340,297750,297770,298040
5908,25,202,306880,308820,308380,308400,308520
5909,25,202,310980,312980,312480,312500,312680
5910,25,202,314500,316430,316000,316020,316130
5911,25,202,320930,322840,322430,322450,322540
5912,25,202,324460,326570,325960,325980,326270
5913,25,202,336970,339110,338470,338490,338810
5914,25,202,342920,344930,344420,344440,344630
5915,25,202,364040,365900,365540,365560,365600
5916,25,202,365770,367870,367270,367290,367570
5917,25,202,404980,407190,406480,406500,406890
5918,25,202,407270,409270,408770,408790,408970
5919,25,202,414310,416250,415810,415830,415950
5920,25,202,473850,476040,475350,475370,475740
5921,25,202,481910,483850,483410,483430,483550
5922,25,202,514960,516860,516460,516480,516560
5923,25,202,527910,529760,529410,529430,529460
5924,25,202,579030,581180,580530,580550,580880
5925,25,204,19400,21510,20900,20920,21210
5926,25,204,25070,26900,26570,26590,26600
5927,25,204,26640,28610,28140,28160,28310
5928,25,204,38370,40210,39870,39890,39910
5929,25,204,62260,64160,63760,63780,63860
5930,25,204,62290,69130,63790,68820,68830
5931,25,204,67330,69540,68830,68850,69240
5932,25,204,74710,76720,76210,76230,76420
5933,25,204,74740,89720,76240,89410,89420
5934,25,204,87920,90010,89420,89440,89710
5935,25,204,89470,91450,90970,90990,91150
5936,25,204,119160,121000,120660,120680,120700
5937,25,204,127110,129110,128610,128630,128810
5938,25,204,132200,134030,133700,133720,133730
5939,25,204,136560,138710,138060,138080,138410
5940,25,204,161940,163870,163440,163460,163570
5941,25,204,180520,182640,182020,182040,182340
5942,25,204,189330,191220,190830,190850,190920
5943,25,204,192080,193910,193580,193600,193610
5944,25,204,194740,196720,196240,196260,196420
5945,25,204,212280,214380,213780,213800,214080
5946,25,204,222610,224600,224110,224130,224300
5947,25,204,232900,234920,234400,234420,234620
5948,25,204,235100,237070,236600,236620,236770
5949,25,204,238080,240100,239580,239600,239800
5950,25,204,238110,252700,239610,252390,252400
5951,25,204,250900,252910,252400,252420,252610
5952,25,204,258830,260900,260330,260350,260600
5953,25,204,265210,267110,266710,266730,266810
5954,25,204,279410,281380,280910,280930,281080
5955,25,204,309250,311270,310750,310770,310970
5956,25,204,311200,313100,312700,312720,312800
5957,25,204,320760,322790,322260,322280,322490
5958,25,204,332520,334410,334020,334040,334110
5959,25,204,334670,336770,336170,336190,336470
5960,25,204,336030,337970,337530,337550,337670
5961,25,204,361110,363110,362610,362630,362810
5962,25,204,380760,382940,382260,382280,382640
5963,25,204,382980,384940,384480,384500,384640
5964,25,204,384990,386960,386490,386510,386660
5965,25,204,392800,395010,394300,394320,394710
5966,25,204,394610,396560,396110,396130,396260
5967,25,204,398240,400530,399740,399760,400230
5968,25,204,434720,436960,436220,436240,436660
5969,25,210,50370,52400,51870,51890,52100
5970,25,211,77700,79660,79200,79220,79360
5971,25,211,80230,82340,81730,81750,82040
5972,25,211,90390,92220,91890,91910,91920
5973,25,211,93130,95020,94630,94650,94720
5974,25,211,207050,209060,208550,208570,208760
5975,25,211,209500,211350,211000,211020,211050
5976,25,211,230400,232240,231900,231920,231940
5977,25,211,254020,255880,255520,255540,255580
5978,25,211,254050,262770,255550,262460,262470
5979,25,211,260970,262840,262470,262490,262540
5980,25,211,273430,275370,274930,274950,275070
5981,25,211,318000,319970,319500,319520,319670
5982,25,211,321730,323750,323230,323250,323450
5983,25,211,326970,328940,328470,328490,328640
5984,25,211,341590,343580,343090,343110,343280
5985,25,211,355600,357710,357100,357120,357410
5986,25,211,379440,381270,380940,380960,380970
5987,25,211,398650,400490,400150,400170,400190
5988,25,211,400820,402650,402320,402340,402350
5989,25,211,402150,404130,403650,403670,403830
5990,25,211,419220,421110,420720,420740,420810
5991,25,211,422530,424540,424030,424050,424240
5992,25,211,430260,432410,431760,431780,432110
5993,25,211,432400,434620,433900,433920,434320
5994,25,211,467430,469620,468930,468950,469320
5995,25,211,473610,475550,475110,475130,475250
5996,25,211,518300,520370,519800,519820,520070
5997,25,211,523080,524950,524580,524600,524650
5998,25,212,27880,29740,29380,29400,29440
5999,25,212,111170,113170,112670,112690,112870
6000,25,212,113340,115490,114840,114860,115190
6001,25,212,165510,167520,167010,167030,167220
6002,25,212,228740,230890,230240,230260,230590
6003,25,212,242230,244120,243730,243750,243820
6004,25,212,243030,245240,244530,244550,244940
6005,25,212,247020,248880,248520,248540,248580
6006,25,212,249640,251800,251140,251160,251500
6007,25,212,262710,264710,264210,264230,264410
6008,25,212,272710,274810,274210,274230,274510
6009,25,212,285710,287710,287210,287230,287410
6010,25,212,301950,304060,303450,303470,303760
6011,25,212,313200,315070,314700,314720,314770
6012,25,212,326600,328580,328100,328130,328280
6013,25,212,331390,333220,332890,332910,332920
6014,25,212,338710,340720,340210,340230,340420
6015,25,212,379230,381330,380730,380750,381030
6016,25,212,403810,405710,405310,405330,405410
6017,25,212,407970,410070,409470,409490,409770
6018,25,212,416430,418260,417930,417950,417960
6019,25,212,429950,431950,431450,431470,431650
6020,25,212,433040,434900,434540,434560,434600
6021,25,212,449650,451660,451150,451170,451360
6022,25,212,486860,488950,488360,488380,488650
6023,25,212,498000,500010,499500,499520,499710
6024,25,212,498030,500300,499530,499990,500000
6025,25,212,498500,500510,500000,500020,500210
6026,25,217,23730,25900,25230,25250,25600
6027,25,217,25350,27180,26850,26870,26880
6028,25,217,31490,33490,32990,33010,33190
6029,25,217,32710,34710,34210,34230,34410
6030,25,217,65420,67520,66920,66940,67220
6031,25,220,43390,45410,44890,44910,45110
6032,25,220,47120,49120,48620,48640,48820
6033,25,220,51410,53460,52910,52930,53160
6034,25,220,51440,54830,52940,54520,54530
6035,25,220,53030,54870,54530,54550,54570
6036,25,220,71590,73620,73090,73110,73320
6037,25,220,81280,83510,82780,82800,83210
6038,25,220,86240,88340,87740,87760,88040
6039,25,220,88230,90350,89730,89750,90050
6040,25,220,89670,91860,91170,91190,91560
6041,25,220,90710,92810,92210,92230,92510
6042,25,223,21160,23380,22660,22680,23080
6043,25,223,61190,63180,62690,62710,62880
6044,25,227,35170,37070,36670,36690,36770
6045,25,227,65060,66960,66560,66580,66660
6046,25,242,31020,32890,32520,32540,32590
6047,25,242,61060,63180,62560,62580,62880
6048,25,242,62700,64840,64200,64220,64540
6049,25,246,33680,35670,35180,35200,35370
6050,25,246,36540,38510,38040,38060,38210
6051,25,246,37270,39200,38770,38790,38900
6052,25,249,22890,24960,24390,24410,24660
6053,25,249,27610,29500,29110,29130,29200
6054,25,249,69850,71690,71350,71370,71390
6055,25,249,74960,77090,76460,76480,76790
6056,25,249,76280,78430,77780,77800,78130
6057,25,249,81510,83610,83010,83030,83310
6058,25,249,82970,85070,84470,84490,84770
6059,25,249,88580,90480,90080,90100,90180
6060,25,249,101180,103180,102680,102700,102880
6061,25,249,106230,108140,107730,107750,107840
6062,25,249,107060,108910,108560,108580,108610
6063,25,249,110680,112780,112180,112200,112480
6064,25,249,111920,114130,113420,113440,113830
6065,25,251,229170,231250,230670,230690,230950
6066,25,251,230030,232040,231530,231550,231740
6067,25,251,230790,232860,232290,232310,232560
6068,25,251,236410,238250,237910,237930,237950
6069,25,253,29750,31860,31250,31270,31560
6070,25,253,36200,38100,37700,37720,37800
6071,25,254,47910,50000,49410,49430,49700
6072,25,254,68260,70350,69760,69790,70050
6073,25,256,26940,29190,28440,28460,28890
6074,25,257,31940,34030,33440,33460,33730
6075,25,258,36730,38710,38230,38250,38410
6076,25,258,39990,41950,41490,41510,41650
6077,25,258,43510,45740,45010,45030,45440
6078,25,260,11190,13200,12690,12710,12900
6079,25,260,15310,17370,16810,16830,17070
6080,25,260,33100,35250,34600,34620,34950
6081,25,269,29330,31290,30830,30850,30990
6082,25,269,66420,68530,67920,67940,68230
6083,25,269,71200,73230,72700,72720,72930
6084,25,270,31800,33920,33300,33320,33620
6085,25,270,35220,37270,36720,36740,36970
6086,25,270,42850,44920,44350,44370,44620
6087,25,270,60680,62640,62180,62200,62340
6088,25,276,21100,23010,22600,22620,22710
6089,25,276,22280,24110,23780,23800,23810
6090,25,276,23140,25080,24640,24660,24780
6091,25,276,37320,39210,38820,38840,38910
6092,25,276,50510,52510,52010,52030,52210
6093,25,276,56220,58310,57720,57740,58010
6094,25,276,60470,62320,61970,61990,62020
6095,25,276,72550,74680,74050,74070,74380
6096,25,276,77680,79600,79180,79200,79300
6097,25,276,88480,90420,89980,90000,90120
6098,25,276,90600,92710,92100,92120,92410
6099,25,280,132200,134410,133700,133720,134110
6100,25,280,149980,151830,151480,151500,151530
6101,25,280,150570,152600,152070,152090,152300
6102,25,280,152430,154430,153930,153950,154130
6103,25,280,175700,177830,177200,177220,177530
6104,25,280,176820,178930,178320,178340,178630
6105,25,280,189980,192190,191480,191500,191890
6106,25,280,191540,193530,193040,193060,193230
6107,25,280,200990,203100,202490,202510,202800
6108,25,293,37390,39520,38890,38910,39220
6109,25,293,39850,41940,41350,41370,41640
6110,25,293,57570,59630,59070,59090,59330
6111,25,301,32890,34720,34390,34410,34420
6112,25,301,41530,43510,43030,43050,43210
6113,25,308,25710,27720,27210,27230,27420
6114,25,315,40670,42660,42170,42190,42360
6115,25,315,46880,48880,48380,48400,48580
6116,25,322,39720,41860,41220,41240,41560
6117,25,322,44320,46420,45820,45840,46120
6118,25,322,47400,49380,48900,48920,49080
6119,25,327,31270,33320,32770,32790,33020
6120,25,327,32320,34410,33820,33840,34110
6121,25,327,70160,72230,71660,71680,71930
6122,25,335,34540,36570,36040,36060,36270
6123,25,335,73860,76010,75360,75380,75710
6124,25,335,74820,76770,76320,76340,76470
6125,25,335,74850,78470,76350,78160,78170
6126,25,335,76670,78820,78170,78190,78520
6127,25,335,78260,80250,79760,79780,79950
6128,25,335,78860,80870,80360,80380,80570
6129,25,335,79440,81350,80940,80960,81050
6130,25,338,27150,29220,28650,28670,28920
6131,25,344,35320,37430,36820,36850,37130
6132,25,344,58350,60480,59850,59870,60180
6133,25,344,61590,63600,63090,63110,63300
6134,25,344,62910,64980,64410,64430,64680
6135,25,344,65520,67520,67020,67040,67220
6136,25,346,27940,29930,29440,29460,29630
6137,25,347,99660,102060,101160,101180,101760
6138,25,347,105260,107330,106760,106780,107030
6139,25,347,108400,110650,109900,109920,110350
6140,25,347,121550,123410,123050,123070,123110
6141,25,347,127470,129640,128970,128990,129340
6142,25,347,134320,136420,135820,135840,136120
6143,25,347,137490,139660,138990,139010,139360
6144,25,348,53160,54990,54660,54680,54690
6145,25,348,58060,60160,59560,59580,59860
6146,25,348,73000,75110,74500,74520,74810
6147,25,348,97840,99900,99340,99360,99600
6148,25,348,112850,114680,114350,114370,114380
6149,25,349,29860,31820,31360,31380,31520
6150,25,349,34300,36160,35800,35820,35860
6151,25,349,67540,69530,69040,69060,69230
6152,25,350,37640,39730,39140,39160,39430
6153,25,350,60450,62690,61950,61970,62390
6154,25,359,35410,37590,36910,36930,37290
6155,25,359,60900,63100,62400,62420,62800
6156,25,360,28650,30680,30150,30170,30380
6157,25,376,31540,33520,33040,33060,33220
6158,25,376,34670,36770,36170,36190,36470
6159,25,376,38390,40630,39890,39910,40330
6160,25,382,21460,23420,22960,22980,23120
6161,25,382,22370,24200,23870,23890,23900
6162,25,382,22400,24670,23900,24360,24370
6163,25,382,22870,24970,24370,24390,24670
6164,25,382,59200,61060,60700,60720,60760
6165,25,382,60720,62930,62220,62240,62630
6166,25,383,21700,23810,23200,23220,23510
6167,25,383,27360,29470,28860,28880,29170
6168,25,384,28370,30390,29870,29890,30090
6169,25,384,47520,49530,49020,49040,49230
6170,25,384,49800,51870,51300,51320,51570
6171,25,384,51290,53290,52790,52810,52990
6172,25,384,63840,65920,65340,65360,65620
6173,25,384,63870,67740,65370,67430,67440
6174,25,384,65940,68050,67440,67460,67750
6175,25,384,74630,76730,76130,76150,76430
6176,25,384,76650,78600,78150,78170,78300
6177,25,384,80230,82480,81730,81750,82180
6178,25,384,81620,83560,83120,83140,83260
6179,25,384,94770,96920,96270,96290,96620
6180,25,384,96360,98280,97860,97880,97980
6181,25,384,117810,119790,119310,119330,119490
6182,25,387,40170,42170,41670,41690,41870
6183,25,387,44780,46880,46280,46300,46580
6184,25,387,97480,99800,98980,99000,99500
6185,25,404,29830,31740,31330,31350,31440
6186,25,404,33220,35160,34720,34740,34860
6187,25,404,38290,40320,39790,39810,40020
6188,25,404,66010,67980,67510,67530,67680
6189,25,404,67100,68950,68600,68620,68650
6190,25,405,32620,34550,34120,34140,34250
6191,25,405,36230,38310,37730,37750,38010
6192,25,405,36780,38830,38280,38300,38530
6193,25,405,36810,44760,38310,44450,44460
6194,25,405,42960,44950,44460,44480,44650
6195,25,410,43250,45320,44750,44770,45020
6196,25,410,43880,46030,45380,45400,45730
6197,25,410,65640,67660,67140,67160,67360
6198,25,410,67160,69040,68660,68680,68740
6199,25,410,77420,79520,78920,78940,79220
6200,25,410,96730,98800,98230,98250,98500
6201,25,410,97720,99790,99220,99240,99490
6202,25,411,36250,38380,37750,37770,38080
6203,25,411,46050,48080,47550,47570,47780
6204,25,411,76050,77930,77550,77570,77630
6205,25,413,65300,67460,66800,66820,67160
6206,25,413,69840,72000,71340,71360,71700
6207,25,430,59460,61530,60960,60980,61230
6208,25,430,60990,62950,62490,62510,62650
6209,25,430,76070,77900,77570,77590,77600
6210,25,430,83030,84910,84530,84550,84610
6211,25,430,83540,85500,85040,85060,85200
6212,25,430,113350,115460,114850,114870,115160
6213,26,14,33650,35700,35150,35170,35400
6214,26,14,41900,43800,43400,43420,43500
6215,26,14,47380,49380,48880,48900,49080
6216,26,14,47410,53030,48910,52720,52730
6217,26,14,51230,53230,52730,52750,52930
6218,26,14,53190,55060,54690,54710,54760
6219,26,14,54390,56400,55890,55910,56100
6220,26,14,153840,155840,155340,155360,155540
6221,26,14,156650,158650,158150,158170,158350
6222,26,14,213090,215100,214590,214610,214800
6223,26,16,74870,76790,76370,76390,76490
6224,26,16,75970,77950,77470,77490,77650
6225,26,16,77800,79910,79300,79320,79610
6226,26,19,43240,45360,44740,44760,45060
6227,26,45,36330,38400,37830,37850,38100
6228,26,45,41580,43580,43080,43100,43280
6229,26,45,58960,60960,60460,60480,60660
6230,26,46,54140,56140,55640,55660,55840
6231,26,49,26750,28730,28250,28270,28430
6232,26,49,28700,30750,30200,30220,30450
6233,26,49,36780,38790,38280,38300,38490
6234,26,49,60270,62280,61770,61790,61980
6235,26,49,63070,64980,64570,64590,64680
6236,26,49,66100,68100,67600,67620,67800
6237,26,58,24520,26520,26020,26040,26220
6238,26,58,27360,29370,28860,28880,29070
6239,26,58,36160,38010,37660,37680,37710
6240,26,58,37920,39940,39420,39440,39640
6241,26,58,46270,48280,47770,47790,47980
6242,26,58,120930,122860,122430,122450,122560
6243,26,58,134460,136460,135960,135980,136160
6244,26,58,139640,141640,141140,141160,141340
6245,26,58,141290,143290,142790,142810,142990
6246,27,1,63850,65850,65350,65370,65550
6247,27,1,113370,115370,114870,114890,115070
6248,27,1,130750,132830,132250,132270,132530
6249,27,4,27340,29420,28840,28860,29120
6250,27,4,28890,30800,30390,30410,30500
6251,27,4,35200,37200,36700,36720,36900
6252,27,4,48970,50970,50470,50490,50670
6253,27,4,50530,52380,52030,52050,52080
6254,27,4,72750,74750,74250,74270,74450
6255,27,4,77480,79530,78980,79000,79230
6256,27,4,83420,85350,84920,84940,85050
6257,27,4,88000,89850,89500,89520,89550
6258,27,4,89010,94570,90510,94250,94270
6259,27,4,92760,94600,94260,94280,94300
6260,27,4,118250,120110,119750,119770,119810
6261,27,4,138980,140940,140480,140500,140640
6262,27,4,144730,146750,146230,146250,146450
6263,27,5,68580,70580,70080,70100,70280
6264,27,5,102910,104910,104410,104430,104610
6265,27,5,102940,110190,104440,109880,109890
6266,27,5,108390,110390,109890,109910,110090
6267,27,5,111460,113460,112960,112980,113160
6268,27,5,114270,116270,115770,115790,115970
6269,27,5,120850,122860,122350,122370,122560
6270,27,5,128370,130370,129870,129890,130070
6271,27,5,152140,154050,153640,153660,153750
6272,27,5,155870,157960,157370,157390,157660
6273,27,5,178170,180150,179670,179690,179850
6274,27,5,185520,187550,187020,187040,187250
6275,27,5,186080,188270,187580,187600,187970
6276,27,6,41880,43720,43380,43400,43420
6277,27,6,45760,47880,47260,47280,47580
6278,27,7,172650,174700,174150,174170,174400
6279,27,7,173150,175010,174650,174670,174710
6280,27,7,173980,175980,175480,175500,175680
6281,27,7,199560,201560,201060,201080,201260
6282,27,8,64880,66800,66380,66400,66500
6283,27,10,48990,50990,50490,50510,50690
6284,27,10,53840,55840,55340,55360,55540
6285,27,10,68090,70020,69590,69610,69720
6286,27,10,72060,73930,73560,73580,73630
6287,27,11,101670,103690,103170,103190,103390
6288,27,11,103940,105940,105440,105460,105640
6289,27,11,137980,140000,139480,139500,139700
6290,27,11,150620,152620,152120,152140,152320
6291,27,11,151630,153510,153130,153150,153210
6292,27,11,154060,156060,155560,155580,155760
6293,27,11,157910,159920,159410,159430,159620
6294,27,11,163920,165920,165420,165440,165620
6295,27,11,180780,182780,182280,182300,182480
6296,27,11,182290,184300,183790,183810,184000
6297,27,11,188540,190540,190040,190060,190240
6298,27,11,190110,192130,191610,191630,191830
6299,27,11,194670,196630,196170,196190,196330
6300,27,12,30370,32340,31870,31890,32040
6301,27,12,44900,46900,46400,46420,46600
6302,27,12,49360,51370,50860,50880,51070
6303,27,12,77100,79110,78600,78620,78810
6304,27,12,125810,127820,127310,127330,127520
6305,27,12,141390,143360,142890,142910,143060
6306,27,12,145190,147040,146690,146710,146740
6307,27,12,152750,154750,154250,154270,154450
6308,27,13,64210,66220,65710,65730,65920
6309,27,13,93940,95940,95440,95460,95640
6310,27,13,93970,120570,95470,120260,120270
6311,27,13,118770,120770,120270,120290,120470
6312,27,13,128340,130340,129840,129860,130040
6313,27,13,132420,134430,133920,133940,134130
6314,27,13,138880,140920,140380,140400,140620
6315,27,13,175110,177110,176610,176630,176810
6316,27,13,186860,188900,188360,188380,188600
6317,27,13,189070,191140,190570,190590,190840
6318,27,15,32010,34030,33510,33530,33730
6319,27,15,63440,65360,64940,64960,65060
6320,27,15,82200,84140,83700,83720,83840
6321,27,15,87610,89620,89110,89130,89320
6322,27,15,97020,99020,98520,98540,98720
6323,27,15,118320,120330,119820,119840,120030
6324,27,15,118350,120660,119850,120350,120360
6325,27,15,118860,120870,120360,120380,120570
6326,27,15,121090,123090,122590,122610,122790
6327,27,15,121120,123390,122620,123080,123090
6328,27,15,121590,123590,123090,123110,123290
6329,27,15,162160,164160,163660,163680,163860
6330,27,15,166540,168540,168040,168060,168240
6331,27,17,60050,62060,61550,61580,61760
6332,27,17,101560,103460,103060,103080,103160
6333,27,17,104800,106810,106300,106320,106510
6334,27,17,110400,112280,111900,111920,111980
6335,27,17,141340,143350,142840,142860,143050
6336,27,17,170430,172380,171930,171950,172080
6337,27,17,173130,175200,174630,174650,174900
6338,27,17,174350,176370,175850,175870,176070
6339,27,17,174850,176690,176350,176370,176390
6340,27,17,178140,180120,179640,179660,179820
6341,27,18,42800,44680,44300,44320,44380
6342,27,18,51500,53410,53000,53020,53110
6343,27,19,24470,26470,25970,25990,26170
6344,27,19,34010,36020,35510,35530,35720
6345,27,19,38170,40170,39670,39690,39870
6346,27,19,39140,41260,40640,40660,40960
6347,27,19,41390,43390,42890,42910,43090
6348,27,20,30800,32630,32300,32320,32330
6349,27,20,140670,142670,142170,142190,142370
6350,27,20,147310,149170,148810,148830,148870
6351,27,20,196780,198790,198280,198300,198490
6352,27,20,198360,200310,199860,199880,200010
6353,27,20,229410,231350,230910,230930,231050
6354,27,21,89870,91870,91370,91390,91570
6355,27,21,89900,112640,91400,112330,112340
6356,27,21,110840,112850,112340,112360,112550
6357,27,21,118860,120860,120360,120380,120560
6358,27,21,172030,173980,173530,173560,173680
6359,27,21,185160,187180,186660,186680,186880
6360,27,25,44130,46130,45630,45650,45830
6361,27,25,64040,66250,65540,65560,65950
6362,27,25,77060,79170,78560,78580,78870
6363,27,25,81320,83150,82820,82840,82850
6364,27,25,84510,86570,86010,86030,86270
6365,27,25,95280,97280,96780,96800,96980
6366,27,25,104440,106280,105940,105960,105980
6367,27,25,115560,117570,117060,117080,117270
6368,27,25,146840,148840,148340,148360,148540
6369,27,25,167800,169740,169300,169320,169440
6370,27,26,62890,64900,64390,64410,64600
6371,27,27,17770,19770,19270,19290,19470
6372,27,27,19770,21780,21270,21290,21480
6373,27,27,30930,32950,32430,32450,32650
6374,27,28,73270,75190,74770,74790,74890
6375,27,28,91830,93850,93330,93350,93550
6376,27,28,104360,106360,105860,105880,106060
6377,27,28,108880,110880,110380,110400,110580
6378,27,28,108910,121440,110410,121130,121140
6379,27,28,119640,121640,121140,121160,121340
6380,27,28,122510,124510,124010,124030,124210
6381,27,28,139370,141420,140870,140890,141120
6382,27,28,193040,194980,194540,194560,194680
6383,27,28,195390,197380,196890,196910,197080
6384,27,29,36630,38460,38130,38150,38160
6385,27,29,76190,78040,77690,77710,77740
6386,27,29,78890,80930,80390,80410,80630
6387,27,29,95620,97630,97120,97140,97330
6388,27,29,103210,105220,104710,104730,104920
6389,27,29,119580,121580,121080,121100,121280
6390,27,29,123030,125030,124530,124550,124730
6391,27,30,63600,65600,65100,65120,65300
6392,27,30,72980,74840,74480,74500,74540
6393,27,30,85430,87430,86930,86950,87130
6394,27,30,87040,89070,88540,88560,88770
6395,27,30,95910,97910,97410,97430,97610
6396,27,30,99330,101340,100830,100850,101040
6397,27,30,149030,151040,150530,150550,150740
6398,27,30,152750,154750,154250,154270,154450
6399,27,30,158540,160550,160040,160060,160250
6400,27,30,174230,176240,175730,175750,175940
6401,27,30,182700,184700,184200,184220,184400
6402,27,30,186070,188270,187570,187590,187970
6403,27,30,190690,192680,192190,192220,192380
6404,27,31,27570,29580,29070,29090,29280
6405,27,31,36280,38300,37780,37800,38000
6406,27,31,37850,39990,39350,39370,39690
6407,27,31,38760,40610,40260,40280,40310
6408,27,31,62710,64540,64210,64230,64240
6409,27,31,65320,67150,66820,66840,66850
6410,27,31,76460,78430,77960,77990,78130
6411,27,31,82520,84480,84020,84040,84180
6412,27,31,89730,91730,91230,91250,91430
6413,27,31,159370,161370,160870,160890,161070
6414,27,31,159960,161970,161460,161480,161670
6415,27,31,161380,163390,162880,162900,163090
6416,27,31,200230,202120,201730,201750,201820
6417,27,33,71670,73680,73170,73190,73380
6418,27,33,71700,105230,73200,104920,104930
6419,27,33,103430,105420,104930,104950,105120
6420,27,33,133240,135240,134740,134760,134940
6421,27,33,140600,142600,142100,142120,142300
6422,27,33,180590,182600,182090,182110,182300
6423,27,33,183190,185160,184690,184710,184860
6424,27,33,201790,203790,203290,203310,203490
6425,27,33,214580,216590,216080,216100,216290
6426,27,34,46680,48680,48180,48200,48380
6427,27,34,69290,71290,70790,70810,70990
6428,27,34,70570,72580,72070,72090,72280
6429,27,34,83400,85240,84900,84920,84940
6430,27,34,87490,89500,88990,89010,89200
6431,27,34,124090,126130,125590,125610,125830
6432,27,34,130150,132290,131650,131670,131990
6433,27,34,132740,134750,134240,134260,134450
6434,27,34,155120,157130,156620,156650,156830
6435,27,35,99090,101100,100590,100610,100800
6436,27,35,99120,103210,100620,102900,102910
6437,27,35,101410,103420,102910,102940,103120
6438,27,35,105400,107400,106900,106920,107100
6439,27,35,158340,160300,159840,159860,160000
6440,27,35,158990,161000,160490,160510,160700
6441,27,35,162750,164750,164250,164270,164450
6442,27,35,163720,165570,165220,165240,165270
6443,27,35,180990,182950,182490,182510,182650
6444,27,35,182340,184420,183840,183860,184120
6445,27,35,185150,187030,186650,186670,186730
6446,27,35,186630,188690,188130,188150,188390
6447,27,36,22510,24370,24010,24030,24070
6448,27,36,31990,33950,33490,33510,33650
6449,27,36,40770,42770,42270,42290,42470
6450,27,36,41910,43910,43410,43430,43610
6451,27,38,40160,42150,41660,41680,41850
6452,27,38,60670,62770,62170,62190,62470
6453,27,39,61810,63810,63310,63330,63510
6454,27,39,104540,106390,106040,106060,106090
6455,27,39,113870,115730,115370,115390,115430
6456,27,39,126020,128020,127520,127540,127720
6457,27,39,132750,134610,134250,134270,134310
6458,27,39,141230,143290,142730,142750,142990
6459,27,39,144590,146450,146090,146110,146150
6460,27,39,173240,175240,174740,174760,174940
6461,27,39,175570,177510,177070,177090,177210
6462,27,39,176940,178880,178440,178460,178580
6463,27,39,182160,183990,183660,183680,183690
6464,27,39,187730,189860,189230,189250,189560
6465,27,39,188800,190810,190300,190330,190510
6466,27,42,23180,25120,24680,24700,24820
6467,27,42,33530,35530,35030,35050,35230
6468,27,42,39540,41440,41040,41070,41140
6469,27,42,43340,45320,44840,44860,45020
6470,27,42,65680,67520,67180,67200,67220
6471,27,42,66940,69070,68440,68460,68770
6472,27,43,69100,70960,70600,70620,70660
6473,27,43,98430,100440,99930,99950,100140
6474,27,43,118090,120050,119590,119620,119750
6475,27,43,128600,134020,130100,133710,133720
6476,27,43,132220,134210,133720,133740,133910
6477,27,43,136940,138890,138440,138460,138590
6478,27,43,175560,177610,177060,177080,177310
6479,27,43,198310,200300,199810,199830,200000
6480,27,43,204510,206500,206010,206030,206200
6481,27,44,40380,42380,41880,41900,42080
6482,27,44,42790,44790,44290,44310,44490
6483,27,44,43990,45850,45490,45510,45550
6484,27,44,69090,71090,70590,70610,70790
6485,27,44,70600,72450,72100,72120,72150
6486,27,44,72340,74340,73840,73860,74040
6487,27,44,87200,89210,88700,88720,88910
6488,27,44,88620,90620,90120,90140,90320
6489,27,44,102640,104640,104140,104160,104340
6490,27,44,113650,115660,115150,115180,115360
6491,27,44,124330,126340,125830,125860,126040
6492,27,44,143980,145880,145480,145500,145580
6493,27,44,148660,150500,150160,150180,150200
6494,27,44,166540,168540,168040,168060,168240
6495,27,46,89490,91580,90990,91010,91280
6496,27,46,91230,93230,92730,92750,92930
6497,27,46,91260,93730,92760,93420,93430
6498,27,46,91930,93930,93430,93450,93630
6499,27,46,94880,96890,96380,96400,96590
6500,27,46,97290,99290,98790,98810,98990
6501,27,46,110210,112210,111710,111730,111910
6502,27,46,117360,119360,118860,118880,119060
6503,27,46,138560,140560,140060,140080,140260
6504,27,46,139650,141650,141150,141170,141350
6505,27,46,146620,148470,148120,148140,148170
6506,27,46,150830,152850,152330,152350,152550
6507,27,46,185150,187150,186650,186670,186850
6508,27,47,28370,30230,29870,29890,29930
6509,27,48,56020,58030,57520,57540,57730
6510,27,48,62800,64800,64300,64320,64500
6511,27,48,66470,68490,67970,67990,68190
6512,27,49,91150,93050,92650,92670,92750
6513,27,49,94120,96120,95620,95640,95820
6514,27,49,94620,96530,96120,96140,96230
6515,27,49,98870,100870,100370,100390,100570
6516,27,49,117320,119150,118820,118840,118850
6517,27,49,120300,122310,121800,121820,122010
6518,27,49,128170,130170,129670,129690,129870
6519,27,49,136140,138150,137640,137660,137850
6520,27,49,138770,140710,140270,140290,140410
6521,27,49,150100,152350,151600,151620,152050
6522,27,49,175090,176920,176590,176610,176620
6523,27,49,178950,181170,180450,180470,180870
6524,27,49,187870,189870,189370,189390,189570
6525,27,50,64680,66700,66180,66200,66400
6526,27,50,67150,69150,68650,68670,68850
6527,27,50,116800,118660,118300,118320,118360
6528,27,50,118220,120070,119720,119740,119770
6529,27,50,130930,132930,132430,132450,132630
6530,27,50,163190,165090,164690,164710,164790
6531,27,51,64050,66060,65550,65570,65760
6532,27,51,86010,88020,87510,87530,87720
6533,27,51,90170,92170,91670,91690,91870
6534,27,51,146650,148580,148150,148170,148280
6535,27,51,148050,149890,149550,149570,149590
6536,27,51,171100,173160,172600,172620,172860
6537,27,51,175680,177520,177180,177200,177220
6538,27,51,175710,181320,177210,181010,181020
6539,27,51,179520,181530,181020,181040,181230
6540,27,51,181500,183340,183000,183020,183040
6541,27,51,182850,185110,184350,184370,184810
6542,27,51,183870,185880,185370,185390,185580
6543,27,51,185020,186990,186520,186540,186690
6544,27,53,60980,63010,62480,62510,62710
6545,27,53,79360,81260,80860,80880,80960
6546,27,53,85560,87720,87060,87080,87420
6547,27,53,93050,95170,94550,94570,94870
6548,27,53,105230,107100,106730,106750,106800
6549,27,54,9850,11820,11350,11370,11520
6550,27,55,73880,75890,75380,75400,75590
6551,27,55,100230,102230,101730,101750,101930
6552,27,55,157670,159910,159170,159190,159610
6553,27,55,166830,168830,168330,168350,168530
6554,27,55,172410,174460,173910,173930,174160
6555,27,56,33980,35960,35480,35500,35660
6556,27,56,39000,40830,40500,40520,40530
6557,27,56,52790,54730,54290,54310,54430
6558,27,56,65700,67700,67200,67220,67400
6559,27,56,71970,73980,73470,73490,73680
6560,27,56,81790,83970,83290,83310,83670
6561,27,56,90470,92470,91970,91990,92170
6562,27,56,94480,96460,95980,96000,96160
6563,27,56,121610,123450,123110,123130,123150
6564,27,56,121640,130290,123140,129980,129990
6565,27,56,128490,130470,129990,130010,130170
6566,27,57,80660,82630,82160,82190,82330
6567,27,57,105660,107680,107160,107180,107380
6568,27,57,121800,123740,123300,123320,123440
6569,27,57,124200,126150,125700,125720,125850
6570,27,57,131050,132990,132550,132570,132690
6571,27,57,140930,142920,142430,142450,142620
6572,27,57,217740,219980,219240,219260,219680
6573,27,58,52730,54580,54230,54250,54280
6574,27,58,80540,82540,82040,82060,82240
6575,27,58,96390,98220,97890,97910,97920
6576,27,58,97020,99170,98520,98540,98870
6577,27,58,99980,102110,101480,101500,101810
6578,27,58,103540,105400,105040,105060,105100
6579,27,58,113830,115840,115330,115350,115540
6580,27,58,113860,116130,115360,115820,115830
6581,27,58,114330,116160,115830,115850,115860
6582,27,59,16330,18380,17830,17850,18080
6583,27,59,27210,29120,28710,28730,28820
6584,27,59,27240,34160,28740,33850,33860
6585,27,59,32360,34340,33860,33880,34040
6586,27,59,34400,36340,35900,35920,36040
6587,27,60,59460,61420,60960,60980,61120
6588,27,60,61660,63580,63160,63180,63280
6589,27,60,65330,67230,66830,66850,66930
6590,27,60,72840,74670,74340,74360,74370
6591,27,60,88900,90900,90400,90420,90600
6592,27,60,115840,117980,117340,117360,117680
6593,27,60,128820,130940,130320,130340,130640
6594,27,60,131120,133140,132620,132640,132840
6595,27,60,146370,148370,147870,147890,148070
6596,27,60,148290,150320,149790,149810,150020
6597,27,60,168160,170180,169660,169680,169880
6598,27,60,176260,178270,177760,177780,177970
6599,27,61,72380,74380,73880,73900,74080
6600,27,61,112100,114220,113600,113620,113920
6601,27,62,38790,40920,40290,40310,40620
6602,27,62,53970,55910,55470,55490,55610
6603,27,62,77680,79640,79180,79200,79340
6604,27,62,88350,90360,89850,89870,90060
6605,27,62,89500,91470,91000,91020,91170
6606,27,65,280160,282160,281660,281680,281860
6607,27,65,314390,316290,315890,315910,315990
6608,27,65,323010,325050,324510,324530,324750
6609,27,65,339460,341660,340960,340980,341360
6610,27,65,359710,361730,361210,361230,361430
6611,27,65,360590,362590,362090,362110,362290
6612,27,65,378520,380620,380020,380040,380320
6613,27,65,384870,386990,386370,386390,386690
6614,27,65,384900,388240,386400,387930,387940
6615,27,65,386440,388390,387940,387960,388090
6616,27,65,393960,395960,395460,395480,395660
6617,27,69,68540,70490,70040,70060,70190
6618,27,69,73730,75730,75230,75250,75430
6619,27,69,79810,81750,81310,81330,81450
6620,27,69,127470,129360,128970,128990,129060
6621,27,69,128750,130590,130250,130280,130290
6622,27,69,129560,131560,131060,131080,131260
6623,27,69,135610,137610,137110,137130,137310
6624,27,69,159220,161200,160720,160740,160900
6625,27,69,163500,165660,165000,165020,165360
6626,27,70,46170,48160,47670,47690,47860
6627,27,70,55120,57060,56620,56640,56760
6628,27,70,61300,63300,62800,62820,63000
6629,27,70,69350,71460,70850,70870,71160
6630,27,70,73800,75810,75300,75320,75510
6631,27,70,75950,77950,77450,77470,77650
6632,27,70,95860,97840,97360,97380,97540
6633,27,70,142280,144280,143780,143800,143980
6634,27,71,62290,64130,63790,63810,63830
6635,27,71,70130,72140,71630,71650,71840
6636,27,71,78490,80390,79990,80010,80090
6637,27,71,135560,137560,137060,137080,137260
6638,27,71,151570,153520,153070,153100,153220
6639,27,71,154980,156990,156480,156500,156690
6640,27,71,155010,183320,156510,183010,183020
6641,27,74,23660,25710,25160,25180,25410
6642,27,74,31170,33170,32670,32690,32870
6643,27,75,146030,147910,147530,147550,147610
6644,27,75,156540,158370,158040,158060,158070
6645,27,75,156990,159340,158490,158510,159040
6646,27,75,158070,160030,159570,159590,159730
6647,27,76,21220,23240,22720,22740,22940
6648,27,76,23840,25810,25340,25360,25510
6649,27,76,32320,34310,33820,33840,34010
6650,27,76,36780,38610,38280,38300,38310
6651,27,76,41140,42980,42640,42660,42680
6652,27,76,42880,44880,44380,44400,44580
6653,27,76,45850,47720,47350,47370,47420
6654,27,77,95940,97960,97440,97460,97660
6655,27,77,120970,122960,122470,122490,122660
6656,27,77,136750,138580,138250,138270,138280
6657,27,77,140110,142200,141610,141630,141900
6658,27,77,193420,195410,194920,194940,195110
6659,27,77,194170,196130,195670,195690,195830
6660,27,77,214680,216730,216180,216200,216430
6661,27,78,39330,41340,40830,40850,41040
6662,27,78,46690,48690,48190,48210,48390
6663,27,78,48560,50570,50060,50080,50270
6664,27,78,58610,60620,60110,60130,60320
6665,27,78,93810,95810,95310,95330,95510
6666,27,78,125560,127390,127060,127080,127090
6667,27,78,139940,141810,141440,141460,141510
6668,27,79,64170,66110,65670,65690,65810
6669,27,79,68050,70060,69550,69570,69760
6670,27,79,84870,86780,86370,86390,86480
6671,27,79,97650,99650,99150,99170,99350
6672,27,79,131990,133990,133490,133510,133690
6673,27,79,162030,164020,163530,163550,163720
6674,27,82,18510,20410,20010,20030,20110
6675,27,82,41540,43500,43040,43060,43200
6676,27,82,77280,79220,78780,78800,78920
6677,27,82,82430,84430,83930,83950,84130
6678,27,82,97740,99750,99240,99260,99450
6679,27,82,112540,114390,114040,114060,114090
6680,27,82,127590,129760,129090,129110,129460
6681,27,82,138260,140260,139760,139780,139960
6682,27,83,49470,51420,50970,50990,51120
6683,27,83,51380,53370,52880,52900,53070
6684,27,83,59870,61870,61370,61390,61570
6685,27,83,67820,69920,69320,69340,69620
6686,27,83,80370,82340,81870,81890,82040
6687,27,83,96390,98390,97890,97910,98090
6688,27,83,151780,153780,153280,153300,153480
6689,27,83,154330,156360,155830,155850,156060
6690,27,84,80980,82830,82480,82500,82530
6691,27,84,82620,84490,84120,84140,84190
6692,27,84,88570,90530,90070,90090,90230
6693,27,84,101930,103930,103430,103450,103630
6694,27,84,126720,128690,128220,128240,128390
6695,27,84,138620,140450,140120,140140,140150
6696,27,84,154790,156780,156290,156310,156480
6697,27,84,157720,159720,159220,159240,159420
6698,27,84,162380,164360,163880,163900,164060
6699,27,84,186710,188550,188210,188230,188250
6700,27,85,47590,49620,49090,49110,49320
6701,27,85,73070,74970,74570,74590,74670
6702,27,85,73870,75850,75370,75390,75550
6703,27,85,75050,76940,76550,76570,76640
6704,27,85,107230,109070,108730,108750,108770
6705,27,85,110030,111860,111530,111550,111560
6706,27,85,135020,136890,136520,136540,136590
6707,27,85,144550,146550,146050,146070,146250
6708,27,85,146990,149010,148490,148510,148710
6709,27,86,69990,71820,71490,71510,71520
6710,28,1,54190,56130,55690,55710,55830
6711,28,1,103840,105850,105340,105360,105550
6712,28,1,139380,141510,140880,140900,141210
6713,28,4,50780,52670,52280,52300,52370
6714,28,4,61500,63420,63000,63020,63120
6715,28,4,70240,72250,71740,71760,71950
6716,28,4,87900,89900,89400,89420,89600
6717,28,4,89170,91170,90670,90690,90870
6718,28,5,63440,65450,64940,64960,65150
6719,28,5,107780,109660,109280,109300,109360
6720,28,13,158950,160960,160450,160470,160660
6721,28,13,172520,174550,174020,174040,174250
6722,28,13,177550,179560,179050,179070,179260
6723,28,13,182460,184460,183960,183980,184160
6724,28,13,188900,190920,190400,190430,190620
6725,28,14,49110,51120,50610,50630,50820
6726,28,14,50860,52860,52360,52380,52560
6727,28,14,54500,56500,56000,56020,56200
6728,28,14,104210,106210,105710,105730,105910
6729,28,14,105090,107100,106590,106610,106800
6730,28,19,29210,31290,30710,30730,30990
6731,28,19,81840,83850,83340,83360,83550
6732,28,21,63210,65220,64710,64730,64920
6733,28,21,99960,101890,101460,101480,101590
6734,28,21,103260,105260,104760,104780,104960
6735,28,23,52110,53940,53610,53630,53640
6736,28,23,53860,55860,55360,55380,55560
6737,28,23,63090,65090,64590,64610,64790
6738,28,23,78490,80460,79990,80010,80160
6739,28,23,86010,88100,87510,87530,87800
6740,28,23,88850,90860,90350,90370,90560
6741,28,24,55490,57490,56990,57010,57190
6742,28,24,63000,65010,64500,64520,64710
6743,28,24,86820,88780,88320,88340,88480
6744,28,24,113150,115010,114650,114670,114710
6745,28,24,113680,115790,115180,115200,115490
6746,28,24,114220,116140,115720,115740,115840
6747,28,27,63210,65220,64710,64730,64920
6748,28,27,80270,82300,81770,81790,82000
6749,28,27,84090,86090,85590,85610,85790
6750,28,27,88270,90340,89770,89790,90040
6751,28,27,99770,101780,101270,101290,101480
6752,28,27,102510,104340,104010,104030,104040
6753,28,35,73130,75290,74630,74650,74990
6754,28,35,75860,77700,77360,77380,77400
6755,28,35,101190,103020,102690,102710,102720
6756,28,39,63090,65090,64590,64610,64790
6757,28,39,66690,68700,68190,68210,68400
6758,28,39,69740,71750,71240,71260,71450
6759,28,39,96140,98140,97640,97660,97840
6760,28,42,45310,47310,46810,46830,47010
6761,28,42,60210,62210,61710,61730,61910
6762,28,42,64280,66420,65780,65800,66120
6763,28,43,59140,60970,60640,60660,60670
6764,28,43,104740,106620,106240,106260,106320
6765,28,43,105240,107150,106740,106760,106850
6766,28,48,65940,67940,67440,67460,67640
6767,28,48,74710,76680,76210,76230,76380
6768,28,49,56340,58340,57840,57860,58040
6769,28,49,104230,106060,105730,105750,105760
6770,28,49,107690,109690,109190,109210,109390
6771,28,54,56070,58000,57570,57590,57700
6772,28,54,59670,61710,61170,61190,61410
6773,28,54,91410,93410,92910,92930,93110
6774,28,55,59940,61950,61440,61460,61650
6775,28,57,90150,92020,91650,91670,91720
6776,28,59,54200,56270,55700,55720,55970
6777,28,59,98250,100080,99750,99770,99780
6778,28,59,135450,137330,136950,136970,137030
6779,28,59,153310,155310,154810,154830,155010
6780,28,59,154080,155910,155580,155600,155610
6781,28,61,79230,81240,80730,80750,80940
6782,28,61,81520,83350,83020,83040,83050
6783,28,61,82320,84310,83820,83840,84010
6784,28,61,105300,107190,106800,106820,106890
6785,28,62,72950,74840,74450,74470,74540
6786,28,62,82230,84320,83730,83750,84020
6787,28,62,114880,116730,116380,116400,116430
6788,28,62,154430,156270,155930,155950,155970
6789,28,63,35740,37600,37240,37260,37300
6790,28,63,101980,103980,103480,103500,103680
6791,28,64,46900,48910,48400,48430,48610
6792,28,64,46940,49210,48440,48900,48910
6793,28,64,47410,49290,48910,48930,48990
6794,28,64,68360,70440,69860,69880,70140
6795,28,64,85590,87590,87090,87110,87290
6796,28,64,491110,493250,492610,492630,492950
6797,28,64,506790,508650,508290,508320,508350
6798,28,64,517100,519110,518600,518620,518810
6799,28,64,533960,535830,535460,535480,535530
6800,28,65,43050,45080,44550,44570,44780
6801,28,65,71080,73090,72580,72600,72790
6802,28,65,91110,92990,92610,92630,92690
6803,28,65,152110,154080,153610,153630,153780
6804,28,68,23790,25750,25290,25310,25450
6805,28,68,46350,48360,47850,47870,48060
6806,28,68,76750,78750,78250,78270,78450
6807,28,71,51340,53340,52840,52860,53040
6808,28,71,55120,56950,56620,56640,56650
6809,28,71,71390,73390,72890,72910,73090
6810,28,71,79760,81700,81260,81280,81400
6811,28,72,235210,237040,236710,236730,236740
6812,28,72,281400,283230,282900,282920,282930
6813,28,72,299570,301410,301070,301100,301110
6814,28,73,142810,144640,144310,144330,144340
6815,28,74,69900,71900,71400,71420,71600
6816,28,76,102830,104830,104330,104350,104530
6817,28,76,154210,156270,155710,155730,155970
6818,28,77,186900,188980,188400,188420,188680
6819,28,78,108850,110850,110350,110370,110550
6820,28,78,117190,119030,118690,118710,118730
6821,28,78,127310,129150,128810,128830,128850
6822,28,81,48180,50180,49680,49700,49880
6823,28,81,49980,51920,51480,51500,51620
6824,28,81,96630,98630,98130,98150,98330
6825,28,84,37580,39580,39080,39100,39280
6826,28,84,44800,46810,46300,46320,46510
6827,28,85,93200,95180,94700,94720,94880
6828,28,85,93230,95500,94730,95190,95200
6829,28,85,93700,95700,95200,95220,95400
6830,28,87,55940,57940,57440,57460,57640
6831,28,87,62740,64620,64240,64260,64320
6832,28,87,95740,97740,97240,97260,97440
6833,28,87,99840,101780,101340,101360,101480
6834,28,88,58210,60330,59710,59730,60030
6835,28,88,67770,69810,69270,69290,69510
6836,28,88,87150,89210,88650,88670,88910
6837,28,89,65910,67910,67410,67430,67610
6838,28,89,98890,100730,100390,100410,100430
6839,28,92,63820,65650,65320,65340,65350
6840,28,93,53800,55720,55300,55320,55420
6841,28,93,114600,116480,116100,116130,116180
6842,28,93,119460,121640,120960,120980,121340
6843,28,94,87900,89730,89400,89420,89430
6844,28,94,89640,91650,91140,91160,91350
6845,28,101,38440,40300,39940,39960,40000
6846,28,101,46230,48130,47730,47750,47830
6847,28,101,85460,87420,86960,86980,87120
6848,28,101,101220,103120,102720,102740,102820
6849,28,102,37710,39710,39210,39230,39410
6850,28,102,39620,41620,41120,41140,41320
6851,28,102,47080,49080,48580,48600,48780
6852,28,102,61180,63180,62680,62700,62880
6853,28,102,75790,77720,77290,77310,77420
6854,28,107,45460,47460,46960,46980,47160
6855,28,107,49740,51750,51240,51260,51450
6856,28,107,87780,89640,89280,89300,89340
6857,28,107,96620,98710,98120,98140,98410
6858,28,107,103580,105420,105080,105110,105120
6859,28,109,102270,104270,103770,103790,103970
6860,28,112,47660,49660,49160,49180,49360
6861,28,112,50800,52700,52300,52320,52400
6862,28,112,77810,79840,79310,79330,79540
6863,28,112,82390,84360,83890,83910,84060
6864,28,115,42810,44810,44310,44330,44510
6865,28,115,48570,50410,50070,50090,50110
6866,28,115,83410,85320,84910,84930,85020
6867,28,115,86120,88120,87620,87640,87820
6868,28,118,61990,64060,63490,63510,63760
6869,28,118,64580,66580,66080,66100,66280
6870,28,118,94990,96990,96490,96510,96690
6871,28,120,50730,52610,52230,52250,52310
6872,28,120,62170,64190,63670,63690,63890
6873,28,120,83600,85600,85100,85120,85300
6874,28,120,87110,89110,88610,88630,88810
6875,28,123,61490,63320,62990,63010,63020
6876,28,123,106050,108050,107550,107570,107750
6877,28,123,106670,108680,108170,108190,108380
6878,28,124,45960,47960,47460,47480,47660
6879,28,124,63260,65290,64760,64790,64990
6880,28,124,86760,88800,88260,88280,88500
6881,28,125,50110,52120,51610,51630,51820
6882,28,125,52150,54150,53650,53670,53850
6883,28,125,92950,94900,94450,94470,94600
6884,28,128,67150,69160,68650,68670,68860
6885,28,128,84990,86930,86490,86510,86630
6886,28,135,47560,49560,49060,49080,49260
6887,28,135,93020,94930,94520,94550,94630
6888,28,135,97390,99280,98890,98910,98980
6889,28,136,80950,82950,82450,82470,82650
6890,28,136,92570,94570,94070,94090,94270
6891,28,137,60580,62420,62080,62100,62120
6892,28,137,68560,70620,70060,70080,70320
6893,28,137,106050,108050,107550,107570,107750
6894,28,146,36930,38820,38430,38450,38520
6895,28,146,68710,70710,70210,70230,70410
6896,28,148,59580,61440,61080,61100,61140
6897,28,149,47510,49350,49010,49030,49050
6898,28,149,49200,51080,50700,50720,50780
6899,28,149,55400,57380,56900,56920,57080
6900,28,149,59270,61280,60770,60790,60980
6901,28,149,79130,81140,80630,80650,80840
6902,28,150,12830,14850,14330,14350,14550
6903,28,150,14950,16960,16450,16470,16660
6904,28,163,130560,132560,132060,132080,132260
6905,28,163,143480,145330,144980,145000,145030
6906,28,163,149790,151800,151290,151310,151500
6907,28,163,159510,161510,161010,161030,161210
6908,28,163,165620,167460,167120,167140,167160
6909,28,164,68380,70210,69880,69900,69910
6910,28,164,74000,76000,75500,75520,75700
6911,28,164,84290,86290,85790,85810,85990
6912,28,164,101250,103260,102750,102770,102960
6913,28,164,103560,105570,105060,105080,105270
6914,28,165,115030,116880,116530,116550,116580
6915,28,168,221330,223270,222830,222850,222970
6916,28,168,239200,241200,240700,240720,240900
6917,28,168,245910,247770,247410,247430,247470
6918,28,168,248700,250930,250200,250230,250630
6919,28,168,252340,254170,253840,253860,253870
6920,28,169,64120,65950,65620,65640,65650
6921,28,169,68920,70920,70420,70440,70620
6922,28,169,102780,104780,104280,104300,104480
6923,28,169,104090,105920,105590,105610,105620
6924,28,173,79630,81460,81130,81150,81160
6925,28,173,104090,106100,105590,105610,105800
6926,28,173,110240,112310,111740,111760,112010
6927,28,173,111700,113810,113200,113220,113510
6928,28,174,15270,17230,16770,16790,16930
6929,28,174,20750,22580,22250,22270,22280
6930,28,174,24120,26120,25620,25640,25820
6931,28,174,32710,34710,34210,34230,34410
6932,28,174,59330,61330,60830,60850,61030
6933,28,177,103220,105220,104720,104740,104920
6934,28,177,105030,106880,106530,106550,106580
6935,28,177,108490,110500,109990,110010,110200
6936,29,2,53090,55070,54590,54610,54770
6937,29,2,86520,88410,88020,88040,88110
6938,29,2,100000,101930,101500,101520,101630
6939,29,2,170760,172600,172260,172290,172300
6940,29,2,175110,177050,176610,176640,176750
6941,29,2,283130,285110,284630,284650,284810
6942,29,2,288080,290060,289580,289600,289760
6943,29,2,290330,292340,291830,291850,292040
6944,29,3,167190,169190,168690,168710,168890
6945,29,3,191780,193780,193280,193300,193480
6946,29,3,213810,215720,215310,215330,215420
6947,29,3,215810,217640,217310,217330,217340
6948,29,4,127390,129390,128890,128910,129090
6949,29,4,133650,135650,135150,135170,135350
6950,29,4,143420,145590,144920,144940,145290
6951,29,4,147040,148950,148540,148560,148650
6952,29,4,443330,445240,444830,444850,444940
6953,29,4,445970,447810,447470,447490,447510
6954,29,4,487210,489210,488710,488730,488910
6955,29,4,498170,500080,499670,499690,499780
6956,29,4,514300,516300,515800,515820,516000
6957,29,4,515970,517970,517470,517490,517670
6958,29,4,531640,533650,533140,533170,533350
6959,29,4,562980,565020,564480,564500,564720
6960,29,4,572480,574310,573980,574000,574010
6961,29,13,75460,77460,76960,76980,77160
6962,29,13,95440,97400,96940,96960,97100
6963,29,13,112800,114680,114300,114320,114380
6964,29,13,117590,119570,119090,119110,119270
6965,29,13,119920,121870,121420,121440,121570
6966,29,13,131890,133840,133390,133410,133540
6967,29,13,138770,140710,140270,140290,140410
6968,29,13,150720,152680,152220,152240,152380
6969,29,13,152760,154590,154260,154280,154290
6970,29,13,154690,156690,156190,156210,156390
6971,29,13,155860,157860,157360,157380,157560
6972,29,16,213850,215840,215350,215370,215540
6973,29,16,242870,244880,244370,244390,244580
6974,29,16,253730,255560,255230,255250,255260
6975,29,16,271470,273410,272970,272990,273110
6976,29,16,274170,276040,275670,275690,275740
6977,29,16,278230,280230,279730,279750,279930
6978,29,16,342180,344020,343680,343700,343720
6979,29,16,343780,345740,345280,345300,345440
6980,29,46,50820,52870,52320,52340,52570
6981,29,46,53230,55060,54730,54750,54760
6982,29,46,54260,56310,55760,55780,56010
6983,29,46,55440,57400,56940,56960,57100
6984,29,46,58560,60560,60060,60080,60260
6985,29,46,69820,71820,71320,71340,71520
6986,29,54,42530,44540,44030,44050,44240
6987,29,54,44530,46530,46030,46050,46230
6988,29,54,48660,50560,50160,50180,50260
6989,29,54,48690,61030,50190,60720,60730
6990,29,54,59230,61200,60730,60750,60900
6991,29,54,60970,62990,62470,62490,62690
6992,29,54,62080,64030,63580,63600,63730
6993,29,54,65330,67270,66830,66850,66970
6994,29,54,72650,74520,74150,74170,74220
6995,29,54,75960,77830,77460,77480,77530
6996,29,54,79650,81650,81150,81170,81350
6997,29,54,83280,85130,84780,84800,84830
6998,29,54,84840,86830,86340,86360,86530
6999,29,54,87840,89810,89340,89360,89510
7000,29,54,93320,95170,94820,94850,94870
7001,29,54,105460,107340,106960,106980,107040
7002,29,54,112300,114470,113800,113820,114170
7003,29,54,114790,116750,116290,116310,116450
7004,29,54,118480,120410,119980,120000,120110
7005,29,54,139550,141440,141050,141070,141140
7006,29,54,144030,145960,145530,145550,145660
7007,29,54,152390,154270,153890,153910,153970
7008,29,54,160170,162030,161670,161690,161730
7009,29,54,185540,187520,187040,187060,187220
7010,29,54,189560,191420,191060,191080,191120
7011,29,54,193140,195200,194640,194660,194900
7012,29,54,196790,198640,198290,198310,198340
7013,29,54,279520,281350,281020,281040,281050
7014,29,54,281550,283600,283050,283070,283300
7015,29,54,307400,309620,308900,308920,309320
7016,29,54,356570,358400,358070,358090,358100
7017,29,54,367240,369250,368740,368760,368950
7018,29,54,368580,370420,370080,370100,370120
7019,29,54,374260,376140,375760,375780,375840
7020,29,54,377500,379500,379000,379020,379200
7021,29,54,417160,419100,418660,418680,418800
7022,29,54,425510,427510,427010,427030,427210
7023,29,54,442240,444240,443740,443760,443940
7024,29,59,30810,33040,32310,32330,32740
7025,29,59,63550,65560,65050,65070,65260
7026,29,59,70240,72240,71740,71760,71940
7027,29,59,124400,126400,125900,125920,126100
7028,29,59,125110,127110,126610,126630,126810
7029,29,59,142410,144280,143910,143930,143980
7030,29,59,153380,155650,154880,154910,155350
7031,29,59,230600,232520,232100,232120,232220
7032,29,59,234480,236550,235980,236000,236250
7033,29,59,245700,247650,247200,247220,247350
7034,29,59,258990,261100,260490,260510,260800
7035,29,59,264770,266770,266270,266290,266470
7036,29,59,313950,315880,315450,315470,315580
7037,29,59,324100,325930,325600,325620,325630
7038,29,59,346860,348750,348360,348380,348450
7039,29,59,350750,352620,352250,352270,352320
7040,29,59,387950,389950,389450,389470,389650
7041,29,59,392770,394710,394270,394290,394410
7042,29,62,160900,162880,162400,162420,162580
7043,29,62,179400,181410,180900,180930,181110
7044,29,62,190900,192920,192400,192420,192620
7045,29,62,192310,194310,193810,193830,194010
7046,29,62,193130,194970,194630,194650,194670
7047,29,62,193160,195130,194660,194820,194830
7048,29,62,193330,195160,194830,194850,194860
7049,29,62,201840,203840,203340,203360,203540
7050,29,62,203940,205810,205440,205460,205510
7051,29,62,209680,211790,211180,211200,211490
7052,29,62,225500,227510,227000,227030,227210
7053,29,62,239990,242030,241490,241510,241730
7054,29,62,279690,281710,281190,281210,281410
7055,29,62,309110,311110,310610,310630,310810
7056,29,62,315630,317590,317130,317150,317290
7057,29,62,319800,321830,321300,321330,321530
7058,29,62,356220,358090,357720,357740,357790
7059,29,62,358090,360130,359590,359610,359830
7060,29,62,385870,387830,387370,387390,387530
7061,29,62,391810,393690,393310,393330,393390
7062,29,62,414980,416960,416480,416500,416660
7063,29,62,415010,417280,416510,416970,416980
7064,29,62,415480,417480,416980,417000,417180
7065,29,63,22770,24790,24270,24290,24490
7066,29,63,25330,27300,26830,26850,27000
7067,29,63,30050,32240,31550,31570,31940
7068,29,63,38930,40790,40430,40450,40490
7069,29,63,42120,44240,43620,43640,43940
7070,29,63,43990,45960,45490,45510,45660
7071,29,63,50040,52110,51540,51560,51810
7072,29,63,53420,55350,54920,54940,55050
7073,29,63,71330,73340,72830,72850,73040
7074,29,63,76870,78890,78370,78390,78590
7075,29,63,85820,87880,87320,87340,87580
7076,29,63,88270,90310,89770,89790,90010
7077,29,63,90510,92510,92010,92030,92210
7078,29,64,27340,29310,28840,28860,29010
7079,29,64,49430,51430,50930,50950,51130
7080,29,64,55880,57880,57380,57400,57580
7081,29,64,179000,180990,180500,180520,180690
7082,29,64,236560,238560,238060,238080,238260
7083,29,64,236590,238650,238090,238310,238350
7084,29,64,236820,238650,238320,238340,238350
7085,29,64,237920,239910,239420,239440,239610
7086,29,64,373030,375040,374530,374550,374740
7087,29,64,376800,378750,378300,378320,378450
7088,29,68,36030,37990,37530,37550,37690
7089,29,68,116870,118960,118370,118390,118660
7090,29,68,131860,133860,133360,133380,133560
7091,29,68,136950,138830,138450,138470,138530
7092,29,68,140060,142050,141560,141580,141750
7093,29,68,145980,147870,147480,147500,147570
7094,29,69,64050,66050,65550,65570,65750
7095,29,69,114060,115960,115560,115580,115660
7096,29,69,130140,132010,131640,131660,131710
7097,29,69,163380,165320,164880,164900,165020
7098,29,85,72320,74320,73820,73840,74020
7099,29,85,79080,81090,80580,80600,80790
7100,29,85,95520,97360,97020,97040,97060
7101,29,85,101470,103470,102970,102990,103170
7102,29,85,102560,104560,104060,104080,104260
7103,29,85,108380,110320,109880,109900,110020
7104,29,85,120950,122960,122450,122470,122660
7105,29,85,156300,158260,157800,157820,157960
7106,29,85,159870,161840,161370,161390,161540
7107,29,85,197000,199000,198500,198520,198700
7108,29,85,200180,202190,201680,201700,201890
7109,29,85,228670,230670,230170,230190,230370
7110,29,85,230490,232500,231990,232010,232200
7111,29,85,235830,237660,237330,237350,237360
7112,29,85,276930,278850,278430,278460,278550
7113,29,85,327110,329010,328610,328630,328710
7114,29,85,343440,345450,344940,344960,345150
7115,29,85,349670,351670,351170,351190,351370
7116,29,85,449890,451890,451390,451410,451590
7117,29,85,458200,460030,459700,459720,459730
7118,29,85,495600,497610,497100,497120,497310
7119,29,85,504280,506280,505780,505800,505980
7120,29,85,523710,525560,525210,525230,525260
7121,29,85,527500,529350,529000,529020,529050
7122,29,85,536370,538340,537870,537890,538040
7123,29,85,541760,543610,543260,543280,543310
7124,29,85,688470,690470,689970,689990,690170
7125,29,85,690890,692740,692390,692410,692440
7126,29,85,692350,694260,693850,693870,693960
7127,29,85,695750,697780,697250,697270,697480
7128,29,85,698130,700130,699630,699650,699830
7129,29,85,701200,703100,702700,702720,702800
7130,29,85,703110,705110,704610,704640,704810
7131,29,85,708490,710340,709990,710010,710040
7132,29,85,711470,713470,712970,712990,713170
7133,29,85,717110,718960,718610,718630,718660
7134,29,85,743800,745810,745300,745320,745510
7135,29,85,757280,759280,758780,758800,758980
7136,29,85,760770,762630,762270,762290,762330
7137,29,85,790290,792250,791790,791810,791950
7138,29,85,793030,795030,794530,794550,794730
7139,29,85,800940,802870,802440,802460,802570
7140,29,85,830430,832280,831930,831950,831980
7141,29,85,836730,838730,838230,838250,838430
7142,29,85,859800,861910,861300,861320,861610
7143,29,85,864140,866140,865640,865660,865840
7144,29,85,866410,868410,867910,867930,868110
7145,29,85,874980,876980,876480,876500,876680
7146,29,86,28430,30440,29930,29950,30140
7147,29,86,34750,36710,36250,36270,36410
7148,29,86,46330,48340,47830,47850,48040
7149,29,86,52090,54060,53590,53610,53760
7150,29,86,55750,57670,57250,57270,57370
7151,29,86,57470,59300,58970,58990,59000
7152,29,86,82220,84080,83720,83740,83780
7153,29,86,99180,101350,100680,100700,101050
7154,29,86,99880,101890,101380,101400,101590
7155,29,86,102110,104040,103610,103630,103740
7156,29,86,114620,116740,116120,116140,116440
7157,29,86,121080,123080,122580,122600,122780
7158,29,86,123920,125830,125420,125440,125530
7159,29,86,208010,210010,209510,209530,209710
7160,29,86,214920,216770,216420,216440,216470
7161,29,86,247090,249090,248590,248610,248790
7162,29,86,330980,333010,332480,332500,332710
7163,29,86,340020,342000,341520,341540,341700
7164,29,86,345840,347850,347340,347360,347550
7165,29,86,345870,364420,347370,364110,364120
7166,29,86,362620,364510,364120,364140,364210
7167,29,86,409350,411210,410850,410870,410910
7168,29,86,415240,417090,416740,416760,416790
7169,29,86,423390,425500,424890,424910,425200
7170,29,86,423940,425940,425440,425460,425640
7171,29,86,428690,430710,430190,430210,430410
7172,29,86,455960,457790,457460,457480,457490
7173,29,86,457950,459870,459450,459470,459570
7174,29,86,460930,462990,462430,462450,462690
7175,29,86,469800,471680,471300,471320,471380
7176,29,86,470710,472810,472210,472230,472510
7177,29,86,472760,474650,474260,474280,474350
7178,29,86,473790,475890,475290,475310,475590
7179,29,86,500130,502110,501630,501650,501810
7180,29,86,511320,513430,512820,512840,513130
7181,29,86,514280,516150,515780,515800,515850
7182,29,86,534920,536750,536420,536440,536450
7183,29,86,541000,542970,542500,542520,542670
7184,29,86,544030,546040,545530,545550,545740
7185,29,86,547420,549270,548920,548940,548970
7186,29,86,553080,555040,554580,554600,554740
7187,29,86,572850,574740,574350,574370,574440
7188,29,86,576240,578250,577740,577760,577950
7189,29,86,578060,580060,579560,579580,579760
7190,29,86,580460,582500,581960,581980,582200
7191,29,86,612290,614200,613790,613810,613900
7192,29,86,614450,616430,615950,615970,616130
7193,29,87,6890,8750,8390,8410,8450
7194,29,87,6920,9190,8420,8880,8890
7195,29,87,7390,9220,8890,8910,8920
7196,29,87,78860,80860,80360,80380,80560
7197,29,87,101310,103320,102810,102830,103020
7198,29,87,102610,104590,104110,104130,104290
7199,29,87,110850,112710,112350,112370,112410
7200,29,87,126720,128730,128220,128240,128430
7201,29,87,144260,146270,145760,145780,145970
7202,29,87,164540,166370,166040,166060,166070
7203,29,87,175690,177550,177190,177220,177250
7204,29,87,213450,215290,214950,214970,214990
7205,29,87,227460,229440,228960,228980,229140
7206,29,87,238920,240930,240420,240450,240630
7207,29,87,258690,260520,260190,260210,260220
7208,29,87,260840,262680,262340,262360,262380
7209,29,87,265410,267520,266910,266930,267220
7210,29,87,272520,274520,274020,274040,274220
7211,29,87,281910,283930,283410,283430,283630
7212,29,87,283890,285840,285390,285410,285540
7213,29,87,298760,300590,300260,300280,300290
7214,29,87,306800,308770,308300,308320,308470
7215,29,87,321230,323240,322730,322750,322940
7216,29,91,17140,19140,18640,18660,18840
7217,29,91,18750,20760,20250,20270,20460
7218,29,91,27350,29350,28850,28870,29050
7219,29,91,38400,40410,39900,39920,40110
7220,29,91,40570,42670,42070,42090,42370
7221,29,91,126170,128190,127670,127690,127890
7222,29,91,127540,129670,129040,129070,129370
7223,29,91,160620,162620,162120,162140,162320
7224,29,91,169920,171920,171420,171440,171620
7225,29,92,75300,77180,76800,76820,76880
7226,29,92,104450,106460,105950,105980,106160
7227,29,92,143600,145930,145100,145120,145630
7228,29,92,153070,155070,154570,154590,154770
7229,29,92,171270,173270,172770,172790,172970
7230,29,92,190520,192520,192020,192040,192220
7231,29,92,207160,209160,208660,208680,208860
7232,29,92,211080,213090,212580,212600,212790
7233,29,92,212980,214980,214480,214500,214680
7234,29,92,213670,215630,215170,215190,215330
7235,29,92,216030,218040,217530,217550,217740
7236,29,101,23570,25570,25070,25090,25270
7237,29,101,28180,30180,29680,29700,29880
7238,29,101,34260,36420,35760,35780,36120
7239,29,101,41520,43350,43020,43040,43050
7240,29,101,82220,84190,83720,83740,83890
7241,29,101,103100,105100,104600,104620,104800
7242,29,101,105190,107200,106690,106710,106900
7243,29,101,110580,112420,112080,112100,112120
7244,29,101,114790,116790,116290,116310,116490
7245,29,101,115940,117790,117440,117460,117490
7246,29,101,151320,153460,152820,152840,153160
7247,29,101,168460,170350,169960,169980,170050
7248,29,101,178360,180400,179860,179880,180100
7249,29,101,182210,184370,183710,183740,184070
7250,29,101,182250,187330,183750,187020,187030
7251,29,101,185530,187480,187030,187050,187180
7252,29,101,185560,187840,187060,187530,187540
7253,29,101,186040,187870,187540,187560,187570
7254,29,105,52380,54380,53880,53900,54080
7255,29,105,55860,57870,57360,57390,57570
7256,29,105,84800,86830,86300,86320,86530
7257,29,105,94240,96130,95740,95760,95830
7258,29,105,98760,100760,100260,100280,100460
7259,29,105,100250,102190,101750,101770,101890
7260,29,105,143110,144950,144610,144630,144650
7261,29,105,162430,164430,163930,163950,164130
7262,29,105,165120,166950,166620,166640,166650
7263,29,105,176400,178240,177900,177920,177940
7264,29,105,186480,188680,187980,188000,188380
7265,29,105,210880,212880,212380,212400,212580
7266,29,107,42360,44370,43860,43880,44070
7267,29,107,44720,46650,46220,46240,46350
7268,29,107,45780,47780,47280,47300,47480
7269,29,107,50000,51830,51500,51520,51530
7270,29,107,50860,52860,52360,52380,52560
7271,29,107,51860,53700,53360,53380,53400
7272,29,107,55550,57570,57050,57070,57270
7273,29,107,92090,94090,93590,93610,93790
7274,29,107,101580,103580,103080,103100,103280
7275,29,107,103100,105100,104600,104620,104800
7276,29,107,123560,125440,125060,125080,125140
7277,29,107,123590,130750,125090,130440,130450
7278,29,107,128950,130960,130450,130470,130660
7279,29,107,145820,147870,147320,147340,147570
7280,29,107,146940,148940,148440,148460,148640
7281,29,107,153290,155290,154790,154810,154990
7282,29,107,154510,156510,156010,156030,156210
7283,29,107,159280,161280,160780,160800,160980
7284,29,107,162510,164520,164010,164030,164220
7285,29,107,164920,166920,166420,166440,166620
7286,29,107,187860,189940,189360,189380,189640
7287,29,107,189160,191270,190660,190680,190970
7288,29,107,194330,196170,195830,195850,195870
7289,29,107,195340,197360,196840,196860,197060
7290,29,107,196580,198660,198080,198100,198360
7291,29,107,198270,200290,199770,199790,199990
7292,29,107,199540,201480,201040,201060,201180
7293,29,107,200230,202280,201730,201760,201980
7294,29,107,203440,205330,204940,204960,205030
7295,29,107,203960,205840,205460,205480,205540
7296,29,116,110630,112750,112130,112150,112450
7297,29,117,18440,20440,19940,19960,20140
7298,29,117,25910,27800,27410,27430,27500
7299,29,117,113240,115240,114740,114760,114940
7300,29,117,118950,120950,120450,120470,120650
7301,29,118,16800,18810,18300,18320,18510
7302,29,118,19080,20910,20580,20600,20610
7303,29,118,19110,29980,20610,29670,29680
7304,29,118,28180,30180,29680,29700,29880
7305,29,118,33950,35950,35450,35470,35650
7306,29,118,33980,45220,35480,44910,44920
7307,29,118,43420,45430,44920,44950,45130
7308,29,118,48340,50340,49840,49860,50040
7309,29,118,85850,88000,87350,87370,87700
7310,29,118,136070,137950,137570,137590,137650
7311,29,118,151820,153820,153320,153340,153520
7312,29,118,176940,178850,178440,178470,178550
7313,29,118,220590,222550,222090,222110,222250
7314,29,118,220620,237830,222120,237520,237530
7315,29,118,236030,238030,237530,237550,237730
7316,29,118,247160,249280,248660,248680,248980
7317,29,118,256320,258430,257820,257840,258130
7318,29,118,265520,267520,267020,267040,267220
7319,29,118,274820,276830,276320,276340,276530
7320,29,118,281650,283650,283150,283170,283350
7321,29,118,342000,343850,343500,343520,343550
7322,29,118,371200,373050,372700,372720,372750
7323,29,118,378880,381030,380380,380400,380730
7324,29,118,387800,389810,389300,389320,389510
7325,29,118,399390,401610,400890,400910,401310
7326,29,118,411540,413520,413040,413060,413220
7327,29,118,414610,416620,416110,416130,416320
7328,29,118,415210,417190,416710,416730,416890
7329,29,119,15730,17840,17230,17250,17540
7330,29,119,16250,18090,17750,17770,17790
7331,29,119,18770,20770,20270,20290,20470
7332,29,119,244700,246710,246200,246220,246410
7333,29,119,256780,258610,258280,258300,258310
7334,29,119,260620,262580,262120,262140,262280
7335,29,119,283060,285070,284560,284580,284770
7336,29,119,288910,290740,290410,290430,290440
7337,29,119,304350,306230,305850,305870,305930
7338,29,119,342030,344040,343530,343550,343740
7339,29,119,352900,354760,354400,354420,354460
7340,29,119,353720,355750,355220,355240,355450
7341,29,119,373380,375210,374880,374900,374910
7342,29,119,402450,404490,403950,403970,404190
7343,29,119,405060,407180,406560,406580,406880
7344,29,119,456050,457880,457550,457570,457580
7345,29,119,456080,463140,457580,462830,462840
7346,29,119,461340,463340,462840,462860,463040
7347,29,119,472790,474790,474290,474310,474490
7348,29,119,472820,482700,474320,482390,482400
7349,29,119,480900,482900,482400,482420,482600
7350,29,119,490590,492590,492090,492110,492290
7351,29,119,495870,497880,497370,497390,497580
7352,29,119,498070,500070,499570,499590,499770
7353,29,119,507190,509040,508690,508710,508740
7354,29,119,543260,545090,544760,544780,544790
7355,29,119,545020,546850,546520,546540,546550
7356,29,119,576700,578700,578200,578220,578400
7357,29,119,578110,579940,579610,579630,579640
7358,29,119,603940,605860,605440,605460,605560
7359,29,119,606500,608330,608000,608020,608030
7360,29,119,607810,609750,609310,609330,609450
7361,29,119,616910,618870,618410,618430,618570
7362,29,119,622800,624680,624300,624320,624380
7363,29,119,631150,632980,632650,632670,632680
7364,29,119,658530,660470,660030,660050,660170
7365,29,119,660330,662180,661830,661850,661880
7366,29,119,662670,664680,664170,664190,664380
7367,29,119,667780,669790,669280,669310,669490
7368,29,119,729210,731220,730710,730730,730920
7369,29,119,731590,733450,733090,733110,733150
7370,29,119,732570,734580,734070,734090,734280
7371,29,119,739590,741490,741090,741110,741190
7372,29,119,830220,832200,831720,831740,831900
7373,29,119,836900,838900,838400,838420,838600
7374,29,119,837970,839930,839470,839490,839630
7375,29,119,841920,843920,843420,843440,843620
7376,29,119,843850,845810,845350,845370,845510
7377,29,119,861000,862970,862500,862520,862670
7378,29,119,866860,868870,868360,868380,868570
7379,29,119,869460,871310,870960,870980,871010
7380,29,119,966150,968150,967650,967670,967850
7381,29,119,973910,975760,975410,975430,975460
7382,29,119,1169540,1171540,1171040,1171060,1171240
7383,29,119,1171560,1173540,1173060,1173080,1173240
7384,29,148,11710,13710,13210,13230,13410
7385,29,156,100440,102440,101940,101960,102140
7386,29,168,165680,167680,167180,167200,167380
7387,29,168,167020,168940,168520,168540,168640
7388,29,168,172150,174180,173650,173670,173880
7389,29,168,204710,206780,206210,206230,206480
7390,29,168,205290,207320,206790,206820,207020
7391,29,168,213120,215020,214620,214640,214720
7392,29,202,27200,29150,28700,28720,28850
7393,29,202,56610,58610,58110,58130,58310
7394,29,202,59020,61020,60520,60540,60720
7395,29,202,60240,62250,61740,61760,61950
7396,29,203,44120,46200,45620,45640,45900
7397,29,203,47280,49290,48780,48800,48990
7398,29,203,48550,50550,50050,50070,50250
7399,29,203,51720,53720,53220,53240,53420
7400,29,203,52540,54540,54040,54060,54240
7401,29,203,57760,60000,59260,59280,59700
7402,29,203,61680,63530,63180,63200,63230
7403,29,211,25110,27110,26610,26630,26810
7404,29,211,32110,33970,33610,33630,33670
7405,29,215,16260,18130,17760,17780,17830
7406,29,215,20500,22500,22000,22020,22200
7407,29,247,33940,35940,35440,35460,35640
7408,29,255,19900,21900,21400,21420,21600
7409,29,255,31040,33050,32540,32560,32750
7410,29,256,48670,50680,50170,50190,50380
7411,30,1,57720,59610,59220,59240,59310
7412,30,1,142700,144690,144200,144220,144390
7413,30,1,143960,146030,145460,145480,145730
7414,30,1,172840,174840,174340,174360,174540
7415,30,1,193230,195500,194730,194750,195200
7416,30,20,49970,52210,51470,51490,51910
7417,30,69,258690,260580,260190,260210,260280
7418,30,69,268560,270410,270060,270080,270110
7419,30,69,268590,270860,270090,270550,270560
7420,30,69,269060,270900,270560,270580,270600
7421,30,69,312690,314780,314190,314210,314480
7422,30,69,317280,319310,318780,318800,319010
7423,30,69,338820,340660,340320,340350,340360
7424,30,70,105330,107330,106830,106850,107030
7425,30,70,109360,111360,110860,110880,111060
7426,30,70,116670,118680,118170,118190,118380
7427,30,70,123370,125320,124870,124890,125020
7428,30,70,124790,126830,126290,126310,126530
7429,30,70,207430,209440,208930,208950,209140
7430,30,70,216740,218890,218240,218260,218590
7431,30,70,257730,259770,259230,259250,259470
7432,30,70,409900,411900,411400,411420,411600
7433,30,110,51010,53030,52510,52530,52730
7434,30,110,53670,55500,55170,55190,55200
7435,30,110,112640,114530,114140,114160,114230
7436,30,110,121320,123290,122820,122840,122990
7437,30,110,143750,145750,145250,145270,145450
7438,30,110,143780,146050,145280,145740,145750
7439,30,110,144250,146250,145750,145770,145950
7440,30,111,65520,67370,67020,67040,67070
7441,30,120,97420,99560,98920,98940,99260
7442,30,120,105360,107360,106860,106880,107060
7443,30,120,109220,111140,110720,110740,110840
7444,30,120,124530,126440,126030,126050,126140
7445,30,128,93210,95290,94710,94740,94990
7446,30,128,175700,177620,177200,177220,177320
7447,30,134,76830,78690,78330,78350,78390
7448,30,135,114620,116750,116120,116140,116450
7449,30,135,144160,146110,145660,145680,145810
7450,30,135,156530,158550,158030,158050,158250
7451,30,146,91850,93960,93350,93370,93660
7452,30,191,22710,24720,24210,24230,24420
7453,30,195,52860,55030,54360,54380,54730
7454,30,214,176410,178520,177910,177930,178220
7455,30,257,55410,57420,56910,56930,57120
7456,30,257,89450,91390,90950,90970,91090
7457,30,257,94300,96310,95800,95820,96010
7458,30,273,38090,40110,39590,39610,39810
7459,30,273,39910,41860,41410,41430,41560
7460,30,273,45280,47330,46780,46810,47030
7461,30,273,51150,53150,52650,52670,52850
7462,30,273,66770,68770,68270,68290,68470
7463,30,273,71560,73400,73060,73080,73100
7464,30,273,82500,84520,84000,84020,84220
7465,30,274,132870,134880,134370,134390,134580
7466,30,274,161770,163770,163270,163290,163470
7467,30,274,163150,165160,164650,164670,164860
7468,30,274,163180,165450,164680,165140,165150
7469,30,274,163650,165650,165150,165170,165350
7470,30,274,176830,178670,178330,178350,178370
7471,30,285,113010,115130,114510,114530,114830
7472,30,285,130860,132840,132360,132380,132540
7473,30,285,133240,135250,134740,134760,134950
7474,30,285,156530,158530,158030,158050,158230
7475,30,285,199980,201990,201480,201500,201690
7476,31,1,30950,32950,32450,32470,32650
7477,31,1,33490,35510,34990,35010,35210
7478,31,1,35160,37140,36660,36680,36840
7479,31,1,42660,44590,44160,44180,44290
7480,31,1,44320,46330,45820,45850,46030
7481,31,1,48660,50540,50160,50180,50240
7482,31,17,49960,51980,51460,51480,51680
7483,31,17,53020,54920,54520,54540,54620
7484,31,25,52300,54240,53800,53820,53940
7485,31,28,102620,104560,104120,104140,104260
7486,31,28,107260,109260,108760,108780,108960
7487,31,28,114540,116450,116040,116060,116150
7488,31,28,121560,123530,123060,123080,123230
7489,31,28,141330,143220,142830,142850,142920
7490,31,28,145410,147340,146910,146930,147040
7491,31,28,157580,159510,159080,159100,159210
7492,31,28,175700,177690,177200,177220,177390
7493,31,28,185020,186960,186520,186550,186660
7494,31,28,187170,189010,188670,188690,188710
7495,31,28,189360,191280,190860,190880,190980
7496,31,28,190030,191930,191530,191550,191630
7497,31,28,204750,206930,206250,206270,206630
7498,31,28,210420,212550,211920,211940,212250
7499,31,28,215300,217160,216800,216820,216860
7500,31,28,219470,221430,220970,221000,221130
7501,31,28,225850,227850,227350,227370,227550
7502,31,28,231800,233660,233300,233320,233360
7503,31,28,233280,235210,234780,234800,234910
7504,31,28,271950,274040,273450,273470,273740
7505,31,28,273820,275690,275320,275340,275390
7506,31,28,289910,291740,291410,291430,291440
7507,31,28,292290,294130,293790,293810,293830
7508,31,28,340900,342900,342400,342420,342600
7509,31,28,341860,343730,343360,343380,343430
7510,31,28,354520,356520,356020,356040,356220
7511,31,30,44880,46760,46380,46400,46460
7512,31,30,49970,51970,51470,51490,51670
7513,31,30,66920,69080,68420,68440,68780
7514,31,30,69530,71530,71030,71050,71230
7515,31,30,77010,78910,78510,78530,78610
7516,31,30,85750,87580,87250,87270,87280
7517,31,30,98920,100750,100420,100440,100450
7518,31,30,100240,102240,101740,101760,101940
7519,31,30,106850,108700,108350,108370,108400
7520,31,30,126940,128940,128440,128460,128640
7521,31,30,128120,130120,129620,129640,129820
7522,31,30,190600,192430,192100,192120,192130
7523,31,34,605970,607980,607470,607500,607680
7524,31,34,608510,610370,610010,610030,610070
7525,31,34,647580,649680,649080,649100,649380
7526,31,34,660840,662840,662340,662360,662540
7527,31,34,668200,670200,669700,669720,669900
7528,31,34,687160,688990,688660,688680,688690
7529,31,34,689550,691550,691050,691070,691250
7530,31,34,717000,718970,718500,718520,718670
7531,31,34,725170,727110,726670,726690,726810
7532,31,35,49320,51230,50820,50840,50930
7533,31,35,67960,70060,69460,69480,69760
7534,31,35,67990,71580,69490,71270,71280
7535,31,35,69780,71950,71280,71300,71650
7536,31,35,73990,75820,75490,75510,75520
7537,31,35,74730,76760,76230,76250,76460
7538,31,35,85960,87940,87460,87480,87640
7539,31,35,110540,112680,112040,112060,112380
7540,31,35,113340,115580,114840,114860,115280
7541,31,35,161740,163900,163240,163260,163600
7542,31,35,181270,183420,182770,182790,183120
7543,31,35,186880,188730,188380,188400,188430
7544,31,35,198820,200690,200320,200340,200390
7545,31,35,204160,206130,205660,205680,205830
7546,31,35,225490,227400,226990,227010,227100
7547,31,35,227800,229810,229300,229320,229510
7548,31,35,249350,251370,250850,250870,251070
7549,31,35,263640,265580,265140,265160,265280
7550,31,35,269630,271530,271130,271150,271230
7551,31,35,272030,273910,273530,273550,273610
7552,31,35,282510,284440,284010,284030,284140
7553,31,36,48310,50310,49810,49830,50010
7554,31,37,46940,48920,48440,48460,48620
7555,31,37,47820,49670,49320,49340,49370
7556,31,49,48270,50250,49770,49790,49950
7557,31,49,49220,51050,50720,50740,50750
7558,31,68,49470,51490,50970,50990,51190
7559,31,72,47140,48970,48640,48660,48670
7560,31,73,52780,54780,54280,54300,54480
7561,31,76,45880,47880,47380,47400,47580
7562,31,86,41630,43760,43130,43150,43460
7563,31,86,43580,45590,45080,45100,45290
7564,31,95,44270,46280,45770,45790,45980
7565,31,95,45850,47850,47350,47370,47550
7566,31,96,51810,53820,53310,53330,53520
7567,31,96,51840,55700,53340,55390,55400
7568,31,96,53900,55930,55400,55420,55630
7569,31,100,41770,43890,43270,43290,43590
7570,31,100,46590,48440,48090,48110,48140
7571,31,101,51390,53390,52890,52910,53090
7572,31,102,61450,63450,62950,62970,63150
7573,31,102,85400,87300,86900,86920,87000
7574,31,102,91930,94020,93430,93450,93720
7575,31,102,94130,96070,95630,95650,95770
7576,31,102,100210,102260,101710,101730,101960
7577,31,102,104210,106140,105710,105730,105840
7578,31,102,107730,109880,109230,109250,109580
7579,31,102,114400,116360,115900,115920,116060
7580,31,102,123290,125250,124790,124810,124950
7581,31,102,137550,139570,139050,139070,139270
7582,31,102,140440,142350,141940,141960,142050
7583,31,102,218220,220230,219720,219740,219930
7584,31,102,240840,242670,242340,242360,242370
7585,31,102,244200,246240,245700,245720,245940
7586,31,102,250880,252880,252380,252400,252580
7587,31,102,260770,262650,262270,262290,262350
7588,31,103,29400,31370,30900,30920,31070
7589,31,103,38800,40800,40300,40320,40500
7590,31,103,63130,65070,64630,64650,64770
7591,31,103,73070,74950,74570,74590,74650
7592,31,103,78820,80830,80320,80340,80530
7593,31,103,80040,82040,81540,81560,81740
7594,31,103,94920,96750,96420,96440,96450
7595,31,103,122710,124710,124210,124230,124410
7596,31,103,127680,129530,129180,129200,129230
7597,31,103,140680,142510,142180,142200,142210
7598,31,103,151760,153730,153260,153280,153430
7599,31,103,161300,163220,162800,162820,162920
7600,31,103,167210,169310,168710,168730,169010
7601,31,113,47590,49560,49090,49110,49260
7602,31,115,8940,10860,10440,10460,10560
7603,31,115,28650,30640,30150,30170,30340
7604,31,115,38120,40080,39620,39640,39780
7605,31,115,40210,42040,41710,41730,41740
7606,31,115,73180,75240,74680,74700,74940
7607,31,115,75280,77350,76780,76800,77050
7608,31,118,50690,52690,52190,52210,52390
7609,31,118,51830,53830,53330,53350,53530
7610,31,118,64080,66140,65580,65600,65840
7611,31,118,67790,69680,69290,69310,69380
7612,31,118,87650,89480,89150,89170,89180
7613,31,118,89840,91870,91340,91360,91570
7614,32,1,33320,35320,34820,34840,35020
7615,32,1,33350,51580,34850,51270,51280
7616,32,1,49780,51750,51280,51300,51450
7617,32,20,97810,99750,99310,99330,99450
7618,32,20,106860,108970,108360,108380,108670
7619,32,20,108490,110490,109990,110010,110190
7620,32,68,56040,58040,57540,57560,57740
7621,32,68,57810,60330,59310,59330,60030
7622,32,68,59410,61350,60910,60930,61050
7623,32,85,123440,125340,124940,124960,125040
7624,32,85,126370,128490,127870,127890,128190
7625,32,98,93000,94900,94500,94520,94600
7626,32,98,94200,96170,95700,95720,95870
7627,32,98,94230,96500,95730,96190,96200
7628,32,98,96390,98510,97890,97910,98210
7629,32,98,97460,99460,98960,98980,99160
7630,32,118,60230,62300,61730,61750,62000
7631,32,118,82480,84490,83980,84000,84190
7632,32,119,41860,43870,43360,43380,43570
7633,32,119,42890,44890,44390,44410,44590
7634,32,119,42920,45190,44420,44880,44890
7635,32,119,43390,45340,44890,44910,45040
7636,32,119,45070,47070,46570,46590,46770
7637,32,119,46720,48740,48220,48240,48440
7638,32,119,47420,49420,48920,48940,49120
7639,32,119,61810,63770,63310,63330,63470
7640,32,123,132430,134290,133930,133950,133990
7641,32,123,135060,137180,136560,136580,136880
7642,32,127,45120,47230,46620,46640,46930
7643,32,127,55960,57920,57460,57480,57620
7644,32,127,59970,61900,61470,61490,61600
7645,32,127,63090,65070,64590,64610,64770
7646,32,127,63590,65440,65090,65120,65140
7647,32,127,74320,76360,75820,75840,76060
7648,32,127,77390,79540,78890,78910,79240
7649,32,127,87760,89760,89260,89280,89460
7650,32,136,107850,109850,109350,109370,109550
7651,32,136,115910,118010,117410,117430,117710
7652,32,136,127550,129550,129050,129070,129250
7653,32,137,56120,58180,57620,57640,57880
7654,32,137,59470,61470,60970,60990,61170
7655,32,137,71740,73740,73240,73260,73440
7656,32,137,87220,89230,88720,88740,88930
7657,32,137,99990,101820,101490,101510,101520
7658,32,152,132410,134540,133910,133930,134240
7659,32,152,134640,136640,136140,136160,136340
7660,32,152,150690,152690,152190,152210,152390
7661,32,152,156080,158180,157580,157600,157880
7662,32,152,156890,158890,158390,158410,158590
7663,32,158,101690,103630,103190,103210,103330
7664,32,158,104840,106760,106340,106360,106460
7665,32,158,107700,109640,109200,109220,109340
7666,32,158,115320,117260,116820,116840,116960
7667,32,158,118890,121070,120390,120410,120770
7668,32,158,122720,124670,124220,124240,124370
7669,32,158,124310,126310,125810,125830,126010
7670,32,158,137350,139350,138850,138870,139050
7671,32,158,143140,145200,144640,144660,144900
7672,32,158,144350,146370,145850,145880,146070
7673,32,164,26090,28090,27590,27610,27790
7674,32,176,276500,278420,278000,278020,278120
7675,32,176,293140,294970,294640,294660,294670
7676,32,176,476310,478190,477810,477830,477890
7677,32,176,480180,482190,481680,481700,481890
7678,32,176,500270,502270,501770,501790,501970
7679,32,186,44360,46210,45860,45880,45910
7680,32,186,46880,48890,48380,48410,48590
7681,32,186,61230,63210,62730,62750,62910
7682,32,186,62860,64860,64360,64380,64560
7683,32,192,286370,288310,287870,287890,288010
7684,32,192,307330,309330,308830,308850,309030
7685,32,192,307860,309860,309360,309380,309560
7686,32,192,316380,318290,317880,317900,317990
7687,32,192,318270,320280,319770,319800,319980
7688,32,192,321530,323400,323030,323050,323100
7689,32,192,323520,325520,325020,325040,325220
7690,32,192,325370,327420,326870,326890,327120
7691,32,192,328270,330250,329770,329790,329950
7692,32,200,68980,70950,70480,70500,70650
7693,32,203,76020,78050,77520,77540,77750
7694,32,203,80340,82330,81840,81860,82030
7695,32,203,123430,125280,124930,124950,124980
7696,32,208,302970,304810,304470,304490,304510
7697,32,208,303620,305720,305120,305140,305420
7698,32,208,308600,310670,310100,310120,310370
7699,32,217,144100,145950,145600,145620,145650
7700,32,217,149920,151920,151420,151440,151620
7701,32,217,163190,165190,164690,164710,164890
7702,32,217,176880,178880,178380,178400,178580
7703,32,217,177880,179880,179380,179400,179580
7704,32,217,179460,181460,180960,180980,181160
7705,32,220,35860,37860,37360,37380,37560
7706,32,220,41090,43090,42590,42610,42790
7707,32,220,47170,49180,48670,48690,48880
7708,32,227,107140,109140,108640,108660,108840
7709,32,227,112660,114570,114160,114180,114270
7710,32,236,25750,27580,27250,27270,27280
7711,32,236,34550,36720,36050,36070,36420
7712,32,236,48210,50350,49710,49730,50050
7713,32,237,103180,105100,104680,104700,104800
7714,32,237,105600,107540,107100,107120,107240
7715,32,237,128400,130460,129900,129920,130160
7716,32,237,153410,155460,154910,154930,155160
7717,32,237,154690,156600,156190,156210,156300
7718,32,237,159610,161470,161110,161130,161170
7719,32,237,162120,164120,163620,163640,163820
7720,32,237,319820,321650,321320,321340,321350
7721,32,237,337450,339450,338950,338970,339150
7722,32,237,340560,342780,342060,342080,342480
7723,32,237,341720,343840,343220,343250,343540
7724,32,237,342900,344860,344400,344420,344560
7725,32,264,192980,194970,194480,194500,194670
7726,32,264,202060,204060,203560,203580,203760
7727,32,264,205320,207150,206820,206840,206850
7728,32,264,209450,211450,210950,210970,211150
7729,32,286,51040,53030,52540,52560,52730
7730,32,286,52060,54040,53560,53580,53740
7731,32,286,74500,76510,76000,76020,76210
7732,32,288,33730,35730,35230,35250,35430
7733,32,288,39260,41260,40760,40780,40960
7734,32,288,40640,42640,42140,42160,42340
7735,32,291,47400,49550,48900,48920,49250
7736,32,291,83270,85100,84770,84790,84800
7737,32,292,95940,97840,97440,97460,97540
7738,32,292,98070,100060,99570,99590,99760
7739,32,292,112460,114590,113960,113980,114290
7740,32,292,113840,115840,115340,115360,115540
7741,32,296,88030,90030,89530,89550,89730
7742,32,296,88680,90590,90180,90200,90290
7743,32,296,95200,97200,96700,96720,96900
7744,32,296,98620,100630,100120,100140,100330
7745,32,296,112420,114420,113920,113940,114120
7746,32,296,114550,116490,116050,116070,116190
7747,32,315,26970,28970,28470,28490,28670
7748,32,315,29360,31360,30860,30880,31060
7749,32,315,31240,33290,32740,32760,32990
7750,32,315,35320,37240,36820,36840,36940
7751,32,315,63990,66000,65490,65510,65700
7752,32,316,58900,60830,60400,60420,60530
7753,32,316,67240,69200,68740,68760,68900
7754,32,316,69210,71210,70710,70730,70910
7755,32,316,69240,71510,70740,71200,71210
7756,32,316,69710,71600,71210,71230,71300
7757,32,316,70860,72860,72360,72380,72560
7758,32,316,75600,77550,77100,77120,77250
7759,32,316,89650,91540,91150,91170,91240
7760,32,316,90150,92020,91650,91670,91720
7761,32,324,14070,15980,15570,15590,15680
7762,32,324,34550,36560,36050,36080,36260
7763,32,332,51760,53670,53260,53280,53370
7764,32,332,74840,76840,76340,76360,76540
7765,32,334,116640,118600,118140,118160,118300
7766,32,334,117510,119510,119010,119030,119210
7767,32,349,89500,91450,91000,91020,91150
7768,32,349,90820,92760,92320,92340,92460
7769,32,356,49350,51180,50850,50870,50880
7770,32,356,56420,58300,57920,57940,58000
7771,32,359,74470,76370,75970,75990,76070
7772,32,359,76200,78240,77700,77720,77940
7773,32,359,77290,79310,78790,78810,79010
7774,32,361,76660,78500,78160,78180,78200
7775,32,361,77670,79690,79170,79190,79390
7776,32,361,78870,80870,80370,80390,80570
7777,32,361,84760,86780,86260,86280,86480
7778,32,361,86750,88640,88250,88270,88340
7779,32,361,91330,93320,92830,92850,93020
7780,32,364,45170,47220,46670,46690,46920
7781,32,364,51430,53430,52930,52950,53130
7782,32,364,62450,64450,63950,63970,64150
7783,32,365,79140,81010,80640,80660,80710
7784,32,373,136180,138180,137680,137700,137880
7785,32,373,137480,139490,138980,139000,139190
7786,32,375,43700,45800,45200,45220,45500
7787,32,396,143960,146030,145460,145480,145730
7788,32,396,502290,504330,503790,503810,504030
7789,32,396,502790,504800,504290,504310,504500
7790,32,408,158150,160110,159650,159670,159810
7791,32,410,45020,46990,46520,46540,46690
7792,32,410,51810,54030,53310,53330,53730
7793,32,410,56120,58100,57620,57640,57800
7794,32,410,56740,58700,58240,58260,58400
7795,32,410,58820,60820,60320,60340,60520
7796,32,410,64420,66390,65920,65940,66090
7797,32,414,75990,78010,77490,77510,77710
7798,32,414,77990,80000,79490,79510,79700
7799,32,414,82940,84880,84440,84460,84580
7800,32,414,83790,85790,85290,85310,85490
7801,32,414,85050,87050,86550,86570,86750
7802,32,414,85910,87910,87410,87430,87610
7803,32,414,86490,88380,87990,88010,88080
7804,32,423,101130,103140,102630,102650,102840
7805,32,423,101760,103670,103260,103280,103370
7806,32,438,130830,132740,132330,132350,132440
7807,32,440,98240,100140,99740,99760,99840
7808,32,440,98270,100540,99770,100230,100240
7809,32,440,98740,100670,100240,100260,100370
7810,32,440,100420,102470,101920,101940,102170
7811,32,440,100450,102720,101950,102410,102420
7812,32,440,100920,102750,102420,102440,102450
7813,32,440,141090,142960,142590,142610,142660
7814,32,440,143240,145220,144740,144760,144920
7815,32,440,145800,147840,147300,147320,147540
7816,32,440,146320,148320,147820,147840,148020
7817,32,440,151770,153700,153270,153290,153400
7818,32,440,152270,154130,153770,153790,153830
7819,32,440,152950,154950,154450,154470,154650
7820,32,440,152980,155250,154480,154940,154950
7821,32,440,153450,155320,154950,154970,155020
7822,32,442,87250,89250,88750,88770,88950
7823,32,442,90970,92970,92470,92490,92670
7824,32,442,101430,103310,102930,102950,103010
7825,32,442,105660,107720,107160,107180,107420
7826,32,442,107400,109750,108900,108920,109450
7827,32,447,124370,126310,125870,125890,126010
7828,32,449,168220,170150,169720,169740,169850
7829,32,449,171210,173260,172710,172730,172960
7830,32,450,34250,36110,35750,35770,35810
7831,32,450,54020,56000,55520,55540,55700
7832,32,450,56430,58430,57930,57950,58130
7833,32,450,70610,72690,72110,72130,72390
7834,32,456,76300,78320,77800,77820,78020
7835,32,456,77660,79730,79160,79180,79430
7836,32,456,115510,117570,117010,117030,117270
7837,32,456,120560,122600,122060,122080,122300
7838,32,459,66460,68340,67960,67980,68040
7839,32,459,77570,79530,79070,79090,79230
7840,32,459,79760,81760,81260,81280,81460
7841,32,459,89530,91530,91030,91050,91230
7842,32,459,90030,91860,91530,91550,91560
7843,32,459,92790,94910,94290,94310,94610
7844,32,459,93480,95490,94980,95000,95190
7845,32,459,103830,105840,105330,105350,105540
7846,32,459,106330,108270,107830,107850,107970
7847,32,459,132190,134190,133690,133710,133890
7848,32,459,143470,145480,144970,144990,145180
7849,32,461,22050,24130,23550,23570,23830
7850,32,461,41580,43580,43080,43100,43280
7851,32,461,43020,45020,44520,44540,44720
7852,32,461,44900,46900,46400,46420,46600
7853,32,477,26340,28350,27840,27860,28050
7854,32,477,26840,28830,28340,28360,28530
7855,32,490,47170,49230,48670,48690,48930
7856,32,494,68280,70370,69780,69800,70070
7857,32,494,69650,71570,71150,71170,71270
7858,32,494,71350,73340,72850,72870,73040
7859,32,494,74540,76540,76040,76060,76240
7860,32,507,44110,46070,45610,45630,45770
7861,32,507,46570,48510,48070,48090,48210
7862,32,507,109730,111720,111230,111250,111420
7863,32,507,112350,114460,113850,113870,114160
7864,32,518,42480,44530,43980,44000,44230
7865,32,518,54890,56890,56390,56410,56590
7866,32,518,87530,89410,89030,89050,89110
7867,32,519,65730,67870,67230,67250,67570
7868,32,519,108850,110840,110350,110370,110540
7869,32,519,111200,113090,112700,112720,112790
7870,32,519,111230,113500,112730,113190,113200
7871,32,519,111700,113700,113200,113220,113400
7872,32,519,115750,117800,117250,117270,117500
7873,32,519,117350,119220,118850,118870,118920
7874,32,524,121590,123590,123090,123110,123290
7875,32,524,189230,191230,190730,190750,190930
7876,33,1,56200,58200,57700,57720,57900
7877,33,1,98780,100620,100280,100300,100320
7878,33,1,108590,110590,110090,110110,110290
7879,33,1,109740,111710,111240,111260,111410
7880,33,1,148510,150430,150010,150030,150130
7881,33,1,171530,173610,173030,173050,173310
7882,33,1,173630,175560,175130,175150,175260
7883,33,1,178380,180480,179880,179900,180180
7884,33,1,184690,186620,186190,186210,186320
7885,33,1,187660,189690,189160,189180,189390
7886,33,1,193070,195090,194570,194590,194790
7887,33,1,256520,258450,258020,258040,258150
7888,33,21,30980,33040,32480,32500,32740
7889,33,30,29590,31510,31090,31110,31210
7890,33,39,68570,70720,70070,70100,70420
7891,33,270,47570,49580,49070,49090,49280
7892,33,296,26100,27930,27600,27620,27630
7893,33,299,176340,178340,177840,177860,178040
7894,33,299,179020,181020,180520,180540,180720
7895,33,299,180450,182450,181950,181970,182150
7896,33,310,35670,37670,37170,37190,37370
7897,33,310,39160,41160,40660,40680,40860
7898,33,310,42830,44880,44330,44350,44580
7899,33,312,116870,118870,118370,118390,118570
7900,33,312,122940,124880,124440,124460,124580
7901,33,312,128450,130460,129950,129970,130160
7902,33,316,188140,190130,189640,189660,189830
7903,33,316,190920,192850,192420,192440,192550
7904,33,322,46760,48800,48260,48290,48500
7905,33,322,148540,150650,150040,150060,150350
7906,33,322,162520,164730,164020,164040,164430
7907,33,328,152990,155000,154490,154510,154700
7908,33,328,157860,159740,159360,159380,159440
7909,33,328,158610,160580,160110,160130,160280
7910,33,349,25800,27680,27300,27320,27380
7911,33,349,30820,32820,32320,32340,32520
7912,33,349,35180,37470,36680,36700,37170
7913,33,349,35990,37990,37490,37510,37690
7914,33,349,125850,127870,127350,127370,127570
7915,33,354,30920,32960,32420,32440,32660
7916,33,354,141270,143240,142770,142790,142940
7917,33,354,143480,145440,144980,145000,145140
7918,33,354,151860,153860,153360,153380,153560
7919,33,362,148010,150050,149510,149530,149750
7920,33,366,31300,33160,32800,32820,32860
7921,33,366,32980,34810,34480,34500,34510
7922,33,366,134240,136250,135740,135760,135950
7923,33,366,146270,148110,147770,147790,147810
7924,33,366,151250,153250,152750,152770,152950
7925,33,366,154630,156800,156130,156150,156500
7926,33,398,38170,40000,39670,39690,39700
7927,33,398,134730,136740,136230,136250,136440
7928,33,398,140280,142290,141780,141800,141990
7929,33,400,42700,44710,44200,44220,44410
7930,33,400,49580,51550,51080,51100,51250
7931,33,400,156090,158110,157590,157610,157810
7932,33,400,160850,162780,162350,162370,162480
7933,33,400,172520,174410,174020,174040,174110
7934,33,400,185250,187150,186750,186770,186850
7935,33,400,210920,212920,212420,212440,212620
7936,33,400,212560,214510,214060,214080,214210
7937,33,400,215870,217840,217370,217390,217540
7938,33,400,234360,236290,235860,235880,235990
7939,33,400,249060,251130,250560,250580,250830
7940,33,400,252470,254420,253970,253990,254120
7941,33,400,253460,255310,254960,254980,255010
7942,33,400,254470,256480,255970,255990,256180
7943,33,400,256090,257920,257590,257610,257620
7944,33,400,257540,259550,259040,259060,259250
7945,33,401,119520,121610,121020,121040,121310
7946,33,401,121100,123100,122600,122620,122800
7947,33,401,121130,127710,122630,127390,127410
7948,33,401,125900,127970,127400,127420,127670
7949,33,401,142730,144780,144230,144250,144480
7950,33,401,152070,154080,153570,153590,153780
7951,33,401,166660,168500,168160,168180,168200
7952,33,401,168950,170880,170450,170470,170580
7953,33,401,175220,177230,176720,176740,176930
7954,33,401,178520,180600,180020,180040,180300
7955,33,401,207550,209440,209050,209070,209140
7956,33,401,228970,231200,230470,230490,230900
7957,33,401,230690,232550,232190,232210,232250
7958,33,401,236870,238700,238370,238390,238400
7959,33,403,154640,156700,156140,156160,156400
7960,33,403,162250,164220,163750,163770,163920
7961,33,403,165220,167060,166720,166750,166760
7962,33,406,27510,29350,29010,29030,29050
7963,33,407,50830,52800,52330,52350,52500
7964,33,407,54750,56750,56250,56270,56450
7965,33,407,56970,60900,58470,60590,60600
7966,33,407,59100,61100,60600,60620,60800
7967,33,407,61190,63190,62690,62710,62890
7968,33,407,61870,63880,63370,63390,63580
7969,33,407,62920,65040,64420,64440,64740
7970,33,407,69850,71850,71350,71370,71550
7971,33,407,76110,77950,77610,77630,77650
7972,33,407,119740,121580,121240,121260,121280
7973,33,407,125890,127720,127390,127410,127420
7974,33,407,135030,137030,136530,136550,136730
7975,33,407,164720,166580,166220,166240,166280
7976,33,407,180590,182590,182090,182110,182290
7977,33,407,181420,183420,182920,182940,183120
7978,33,407,208150,210120,209650,209670,209820
7979,34,1,128380,130220,129880,129900,129920
7980,34,1,132750,134750,134250,134270,134450
7981,34,1,270740,272740,272240,272260,272440
7982,34,1,293450,295410,294950,294970,295110
7983,34,30,493940,495940,495440,495460,495640
7984,34,30,505900,507860,507400,507420,507560
7985,34,30,513300,515130,514800,514820,514830
7986,34,30,518100,520100,519600,519620,519800
7987,34,30,599220,601210,600720,600740,600910
7988,34,30,642440,644290,643940,643960,643990
7989,34,30,646310,648310,647810,647830,648010
7990,34,30,730270,732270,731770,731790,731970
7991,34,30,736730,738570,738230,738250,738270
7992,34,30,771580,773580,773080,773100,773280
7993,34,30,774850,776850,776350,776370,776550
7994,34,30,815970,817930,817470,817490,817630
7995,34,30,821270,823280,822770,822800,822980
7996,34,30,909020,910950,910520,910540,910650
7997,34,33,181180,183220,182680,182700,182920
7998,34,33,197680,199530,199180,199200,199230
7999,34,33,254140,256020,255640,255660,255720
8000,34,33,255420,257430,256920,256940,257130
8001,34,33,264450,266460,265950,265970,266160
8002,34,33,276810,278890,278310,278330,278590
8003,34,33,283630,285630,285130,285150,285330
8004,34,33,329810,331810,331310,331330,331510
8005,34,33,397510,399530,399010,399030,399230
8006,34,33,399670,401690,401170,401190,401390
8007,34,33,400830,402830,402330,402350,402530
8008,34,33,401400,403400,402900,402920,403100
8009,34,33,527680,529560,529180,529200,529260
8010,34,33,529830,531660,531330,531350,531360
8011,34,33,554340,556340,555840,555860,556040
8012,34,38,27730,29640,29230,29250,29340
8013,34,39,25850,27860,27350,27370,27560
8014,34,51,71150,73150,72650,72670,72850
8015,34,51,73190,75150,74690,74710,74850
8016,34,53,71880,73960,73380,73400,73660
8017,34,55,410140,412400,411640,412090,412100
8018,34,55,410600,412610,412100,412120,412310
8019,34,55,411410,413320,412910,412930,413020
8020,34,55,411910,413900,413410,413430,413600
8021,34,55,413480,415310,414980,415000,415010
8022,34,55,413510,429840,415010,429530,429540
8023,34,55,428040,429900,429540,429560,429600
8024,34,104,18020,20020,19520,19540,19720
8025,34,104,27400,29430,28900,28920,29130
8026,34,107,39310,41300,40810,40830,41000
8027,34,153,83970,85940,85470,85500,85640
8028,34,198,25480,27480,26980,27000,27180
8029,34,198,35990,37960,37490,37510,37660
8030,34,198,36980,38990,38480,38500,38690
8031,34,205,38910,40760,40410,40430,40460
8032,34,205,47870,49870,49370,49390,49570
8033,34,244,45070,47000,46570,46590,46700
8034,34,244,47590,49710,49090,49110,49410
8035,34,273,12720,14750,14220,14240,14450
8036,34,273,39900,41790,41400,41420,41490
8037,34,284,57870,59780,59370,59390,59480
8038,34,289,54330,56280,55830,55850,55980
8039,34,289,59100,61000,60600,60620,60700
8040,34,300,32390,34370,33890,33910,34070
8041,34,300,33850,35810,35350,35370,35510
8042,34,309,78190,80180,79690,79710,79880
8043,34,309,107350,109350,108850,108870,109050
8044,34,309,118160,120060,119660,119680,119760
8045,34,309,119520,121520,121020,121040,121220
8046,34,329,68090,70100,69590,69610,69800
8047,34,329,76680,78680,78180,78200,78380
8048,34,381,106880,108880,108380,108400,108580
8049,34,415,149400,151420,150900,150920,151120
8050,34,439,28180,30190,29680,29710,29890
8051,34,439,40090,42100,41590,41610,41800
8052,34,477,164590,166590,166090,166110,166290
8053,34,551,87500,89690,89000,89020,89390
8054,34,551,144910,146920,146410,146430,146620
8055,34,552,45330,47260,46830,46850,46960
8056,34,552,93060,95160,94560,94580,94860
8057,34,566,34740,36750,36240,36260,36450
8058,34,571,106930,108940,108430,108450,108640
8059,34,574,58650,60500,60150,60170,60200
8060,34,574,65900,67910,67400,67420,67610
8061,34,574,69160,71280,70660,70680,70980
8062,34,636,104430,106360,105930,105950,106060
8063,34,638,33060,35060,34560,34580,34760
8064,34,657,55580,57580,57080,57100,57280
8065,35,1,117320,119320,118820,118840,119020
8066,35,1,118490,120350,119990,120010,120050
8067,35,1,122920,124920,124420,124440,124620
8068,35,1,125840,127850,127340,127360,127550
8069,35,1,133290,135300,134790,134810,135000
8070,35,1,136110,138120,137610,137630,137820
8071,35,1,136140,138410,137640,138100,138110
8072,35,1,136610,138450,138110,138140,138150
8073,35,1,138900,140750,140400,140420,140450
8074,35,1,142060,144050,143560,143580,143750
8075,35,1,145000,146930,146500,146520,146630
8076,35,1,147660,149680,149160,149180,149380
8077,35,1,151730,153830,153230,153250,153530
8078,35,1,152390,154390,153890,153910,154090
8079,35,1,159520,161520,161020,161040,161220
8080,35,1,161220,163370,162720,162740,163070
8081,35,29,23890,25890,25390,25410,25590
8082,35,29,26780,28750,28280,28310,28450
8083,35,35,54500,56370,56000,56020,56070
8084,35,44,77690,79610,79190,79210,79310
8085,35,44,91100,93020,92600,92620,92720
8086,35,44,92530,94620,94030,94050,94320
8087,35,44,94180,96030,95680,95700,95730
8088,35,44,115540,117520,117040,117060,117220
8089,35,44,116710,118720,118210,118230,118420
8090,35,44,121360,123210,122860,122880,122910
8091,35,44,121390,123780,122890,123470,123480
8092,35,44,121980,123950,123480,123500,123650
8093,35,44,122010,129230,123510,128920,128930
8094,35,44,127430,129430,128930,128950,129130
8095,35,44,128070,129930,129570,129590,129630
8096,35,44,138310,140530,139810,139830,140230
8097,35,44,142370,144320,143870,143890,144020
8098,35,44,148540,150450,150040,150060,150150
8099,35,44,148570,151470,150070,151160,151170
8100,35,44,149670,151750,151170,151190,151450
8101,35,44,163950,165900,165450,165470,165600
8102,35,44,165050,166890,166550,166570,166590
8103,35,44,166810,168650,168310,168330,168350
8104,35,44,167620,169630,169120,169140,169330
8105,35,44,169030,170860,170530,170550,170560
8106,35,44,179120,181250,180620,180640,180950
8107,35,44,179150,181420,180650,181110,181120
8108,35,44,179620,181620,181120,181140,181320
8109,35,44,181970,183900,183470,183490,183600
8110,35,44,184180,186200,185680,185700,185900
8111,35,44,187830,189870,189330,189350,189570
8112,35,44,190010,191840,191510,191530,191540
8113,35,44,210710,212660,212210,212230,212360
8114,35,44,211910,213750,213410,213430,213450
8115,35,44,216310,218310,217810,217830,218010
8116,35,45,95190,97040,96690,96710,96740
8117,35,45,96400,98410,97900,97920,98110
8118,35,45,101000,103010,102500,102520,102710
8119,35,45,102890,104780,104390,104410,104480
8120,35,45,103760,105760,105260,105280,105460
8121,35,45,123090,124920,124590,124610,124620
8122,35,45,129180,131180,130680,130700,130880
8123,35,58,51900,53910,53400,53420,53610
8124,35,70,28400,30470,29900,29930,30170
8125,35,70,29030,31000,30530,30550,30700
8126,35,71,23720,25610,25220,25240,25310
8127,35,71,25510,27460,27010,27030,27160
8128,35,71,26630,28650,28130,28150,28350
8129,35,71,31580,33530,33080,33100,33230
8130,35,72,27340,29350,28840,28860,29050
8131,35,72,31350,33320,32850,32880,33020
8132,35,72,32640,34470,34140,34160,34170
8133,35,72,49910,51950,51410,51430,51650
8134,35,72,55110,56940,56610,56630,56640
8135,35,76,45940,47940,47440,47460,47640
8136,35,76,45970,48240,47470,47930,47940
8137,35,76,46440,48330,47940,47960,48030
8138,35,76,51280,53200,52780,52800,52900
8139,35,76,61610,63620,63110,63130,63320
8140,35,76,61640,63920,63140,63610,63620
8141,35,76,62120,64060,63620,63640,63760
8142,35,76,62900,64900,64400,64420,64600
8143,35,76,65300,67320,66800,66820,67020
8144,35,76,70620,72610,72120,72140,72310
8145,35,76,70650,73130,72150,72820,72830
8146,35,76,71330,73330,72830,72850,73030
8147,35,76,76700,78790,78200,78220,78490
8148,35,99,21160,23160,22660,22680,22860
8149,35,111,126090,128090,127590,127610,127790
8150,35,139,54040,56180,55540,55560,55880
8151,35,162,42080,44080,43580,43600,43780
8152,35,162,45890,47930,47390,47410,47630
8153,35,162,47960,49960,49460,49480,49660
8154,35,162,53010,55010,54510,54530,54710
8155,35,164,35300,37330,36800,36820,37030
8156,35,164,84700,86710,86200,86220,86410
8157,35,164,85840,87690,87340,87360,87390
8158,35,174,27590,29560,29090,29110,29260
8159,35,174,30330,32330,31830,31850,32030
8160,35,174,31340,33350,32840,32870,33050
8161,35,174,31860,33860,33360,33380,33560
8162,35,174,40920,42920,42420,42440,42620
8163,35,174,41440,43290,42940,42960,42990
8164,35,174,42110,44110,43610,43630,43810
8165,35,174,42140,44410,43640,44100,44110
8166,35,174,42610,44620,44110,44130,44320
8167,35,174,75130,77050,76630,76650,76750
8168,35,174,76350,78390,77850,77870,78090
8169,35,174,77400,79290,78900,78920,78990
8170,35,174,78880,80880,80380,80400,80580
8171,35,174,80560,82630,82060,82080,82330
8172,35,174,81630,83720,83130,83150,83420
8173,35,174,95080,97080,96580,96600,96780
8174,35,174,97110,99110,98610,98630,98810
8175,35,174,100800,102810,102300,102320,102510
8176,35,174,101310,103220,102810,102830,102920
8177,35,174,168840,170750,170340,170360,170450
8178,35,174,172400,174400,173900,173920,174100
8179,35,174,177190,179040,178690,178710,178740
8180,35,174,177690,179540,179190,179210,179240
8181,35,174,245380,247520,246880,246900,247220
8182,35,174,248420,250410,249920,249940,250110
8183,36,1,99660,101670,101160,101180,101370
8184,36,1,100590,102590,102090,102110,102290
8185,36,1,101790,103790,103290,103310,103490
8186,36,2,50770,52780,52270,52290,52480
8187,36,2,66010,67840,67510,67530,67540
8188,36,2,66850,68850,68350,68370,68550
8189,36,2,70970,72980,72470,72500,72680
8190,36,2,74350,76360,75850,75870,76060
8191,36,2,78320,80430,79820,79840,80130
8192,36,2,79190,81310,80690,80710,81010
8193,36,2,81890,83890,83390,83410,83590
8194,36,2,83990,85990,85490,85510,85690
8195,36,2,88170,90170,89670,89690,89870
8196,36,2,90330,92330,91830,91850,92030
8197,36,2,95530,97530,97030,97050,97230
8198,36,2,96900,98850,98400,98420,98550
8199,36,2,124390,126390,125890,125910,126090
8200,36,2,126660,128630,128160,128180,128330
8201,36,2,129280,131130,130780,130800,130830
8202,36,2,130780,132780,132280,132300,132480
8203,36,2,131940,133950,133440,133460,133650
8204,36,2,132510,134490,134010,134030,134190
8205,36,4,21270,23370,22770,22790,23070
8206,36,4,29610,31610,31110,31130,31310
8207,36,4,31770,33770,33270,33290,33470
8208,36,4,34140,36210,35640,35660,35910
8209,36,4,37900,39960,39400,39420,39660
8210,36,4,60310,62310,61810,61830,62010
8211,36,4,74060,75990,75560,75580,75690
8212,36,4,76040,77890,77540,77560,77590
8213,36,4,85320,87150,86820,86840,86850
8214,36,4,87220,89110,88720,88740,88810
8215,36,4,89400,91400,90900,90920,91100
8216,36,4,102690,104520,104190,104210,104220
8217,36,4,106680,108560,108180,108200,108260
8218,36,4,114070,116080,115570,115590,115780
8219,36,4,128520,130520,130020,130040,130220
8220,36,5,33900,35730,35400,35420,35430
8221,36,5,64910,66920,66410,66430,66620
8222,36,5,68010,70100,69510,69530,69800
8223,36,5,84980,86980,86480,86500,86680
8224,36,5,86620,88770,88120,88140,88470
8225,36,5,88460,90360,89960,89980,90060
8226,36,5,118220,120220,119720,119740,119920
8227,36,5,119810,121810,121310,121330,121510
8228,36,9,157620,159620,159120,159140,159320
8229,36,13,155940,157940,157440,157460,157640
8230,36,13,155970,158310,157470,158000,158010
8231,36,13,156510,158520,158010,158040,158220
8232,36,13,183550,185560,185050,185070,185260
8233,36,13,188260,190260,189760,189780,189960
8234,36,14,13740,15750,15240,15260,15450
8235,36,20,40230,42230,41730,41750,41930
8236,36,21,18030,19860,19530,19550,19560
8237,36,21,35340,37350,36840,36860,37050
8238,36,21,52080,54080,53580,53600,53780
8239,36,22,106320,108320,107820,107840,108020
8240,36,22,113530,115540,115030,115050,115240
8241,36,22,187630,189670,189130,189150,189370
8242,36,22,188580,190600,190080,190100,190300
8243,36,23,28520,30350,30020,30040,30050
8244,36,23,48230,50230,49730,49750,49930
8245,36,23,59920,61920,61420,61440,61620
8246,36,23,71820,73970,73320,73340,73670
8247,36,23,75110,77130,76610,76630,76830
8248,36,23,82540,84540,84040,84060,84240
8249,36,23,82570,88590,84070,88280,88290
8250,36,23,86790,88720,88290,88310,88420
8251,36,23,90330,92340,91830,91850,92040
8252,36,23,90360,109580,91860,109270,109280
8253,36,23,107780,109680,109280,109300,109380
8254,36,23,111840,113860,113340,113360,113560
8255,36,23,118760,120870,120260,120280,120570
8256,36,23,120500,122370,122000,122020,122070
8257,36,23,121620,123620,123120,123140,123320
8258,36,23,135210,137220,136710,136740,136920
8259,36,24,75630,77690,77130,77150,77390
8260,36,24,77950,79960,79450,79470,79660
8261,36,24,113880,115860,115380,115400,115560
8262,36,24,137250,139260,138750,138770,138960
8263,36,24,138800,140800,140300,140320,140500
8264,36,24,142850,144850,144350,144370,144550
8265,36,24,143470,145470,144970,144990,145170
8266,36,24,151990,154190,153490,153510,153890
8267,36,25,34820,36820,36320,36340,36520
8268,36,25,47910,49910,49410,49430,49610
8269,36,25,51670,53500,53170,53190,53200
8270,36,25,64760,66760,66260,66280,66460
8271,36,26,58640,60640,60140,60160,60340
8272,36,26,79850,81960,81350,81370,81660
8273,36,26,82650,84650,84150,84170,84350
8274,36,26,87080,88960,88580,88600,88660
8275,36,28,35460,37440,36960,36980,37140
8276,36,28,42370,44350,43870,43890,44050
8277,36,28,44720,46720,46220,46240,46420
8278,36,28,45380,47380,46880,46900,47080
8279,36,28,45900,47780,47400,47420,47480
8280,36,28,53260,55270,54760,54790,54970
8281,36,29,99140,101270,100640,100660,100970
8282,36,29,113710,115560,115210,115230,115260
8283,36,29,130130,132140,131630,131650,131840
8284,36,29,130710,132700,132210,132230,132400
8285,36,32,142980,144980,144480,144500,144680
8286,36,33,63950,65940,65450,65480,65640
8287,36,33,65200,67200,66700,66720,66900
8288,36,33,82740,84750,84240,84260,84450
8289,36,33,85540,87540,87040,87060,87240
8290,36,33,87390,89390,88890,88910,89090
8291,36,35,86760,88770,88260,88280,88470
8292,36,35,104350,106350,105850,105870,106050
8293,36,35,106950,108950,108450,108470,108650
8294,36,35,120790,122620,122290,122310,122320
8295,36,37,24890,27000,26390,26420,26700
8296,36,43,26840,28670,28340,28360,28370
8297,36,43,28510,30340,30010,30030,30040
8298,36,43,35960,38000,37460,37480,37700
8299,36,43,38620,40740,40120,40140,40440
8300,36,43,38650,46450,40150,46140,46150
8301,36,43,44650,46650,46150,46170,46350
8302,36,44,47570,49510,49070,49090,49210
8303,36,44,50310,52320,51810,51830,52020
8304,36,44,57770,59770,59270,59290,59470
8305,36,44,59640,61640,61140,61160,61340
8306,36,45,41770,43730,43270,43290,43430
8307,36,45,50770,52650,52270,52290,52350
8308,36,45,69490,71520,70990,71010,71220
8309,36,45,71900,73830,73400,73420,73530
8310,36,45,74120,76070,75620,75640,75770
8311,36,45,75390,77400,76890,76910,77100
8312,36,47,65400,67400,66900,66920,67100
8313,36,48,12230,14230,13730,13750,13930
8314,36,48,15010,17010,16510,16530,16710
8315,36,50,40360,42360,41860,41880,42060
8316,36,50,42880,44870,44380,44400,44570
8317,36,50,47820,49830,49320,49340,49530
8318,36,50,109450,111290,110950,110970,110990
8319,36,51,26170,28080,27670,27690,27780
8320,36,51,32690,34530,34190,34210,34230
8321,36,52,38490,40500,39990,40010,40200
8322,36,52,47270,49270,48770,48790,48970
8323,36,52,54870,56870,56370,56390,56570
8324,36,52,55980,57990,57480,57500,57690
8325,36,54,31010,33020,32510,32530,32720
8326,36,54,32100,33930,33600,33620,33630
8327,36,56,32010,34010,33510,33530,33710
8328,36,56,44450,46450,45950,45970,46150
8329,36,58,53920,55850,55420,55440,55550
8330,36,58,55090,57160,56590,56610,56860
8331,36,58,56250,58250,57750,57770,57950
8332,36,59,31460,33430,32960,32980,33130
8333,36,61,68520,70520,70020,70040,70220
8334,36,61,68550,94060,70050,93750,93760
8335,36,61,92260,94270,93760,93780,93970
8336,36,61,95100,97110,96600,96620,96810
8337,36,61,95130,97410,96630,97100,97110
8338,36,61,95610,97610,97110,97130,97310
8339,36,61,104440,106440,105940,105960,106140
8340,36,61,106450,108450,107950,107970,108150
8341,36,61,108960,110930,110460,110480,110630
8342,36,61,112370,114370,113870,113890,114070
8343,36,68,49630,51640,51130,51150,51340
8344,36,69,20000,21870,21500,21520,21570
8345,36,72,6070,8070,7570,7590,7770
8346,36,74,74800,76640,76300,76320,76340
8347,36,74,75570,77650,77070,77100,77350
8348,36,74,75610,80840,77110,80530,80540
8349,36,74,79040,81230,80540,80560,80930
8350,36,74,79710,81740,81210,81230,81440
8351,36,74,93580,95570,95080,95100,95270
8352,36,74,102730,104760,104230,104250,104460
8353,36,74,108420,110420,109920,109940,110120
8354,36,74,109230,111230,110730,110750,110930
8355,36,79,41330,43430,42830,42850,43130
8356,36,79,51350,53270,52850,52870,52970
8357,36,79,62500,64500,64000,64020,64200
8358,36,79,82610,84610,84110,84130,84310
8359,36,79,88800,90800,90300,90320,90500
8360,36,81,58060,60040,59560,59580,59740
8361,36,81,58560,60480,60060,60080,60180
8362,36,81,61240,63240,62740,62760,62940
8363,36,81,67860,69870,69360,69380,69570
8364,36,81,69090,71100,70590,70610,70800
8365,36,82,98250,100370,99750,99770,100070
8366,36,82,102600,104720,104100,104120,104420
8367,36,82,118790,120930,120290,120310,120630
8368,36,82,121690,123700,123190,123210,123400
8369,36,82,149990,151990,151490,151510,151690
8370,36,82,152390,154330,153890,153910,154030
8371,36,82,165650,167560,167150,167170,167260
8372,36,85,93520,95520,95020,95040,95220
8373,36,86,30140,32090,31640,31660,31790
8374,36,86,31910,33920,33410,33430,33620
8375,36,86,36780,39000,38280,38300,38700
8376,36,86,42540,44540,44040,44060,44240
8377,36,89,112950,115050,114450,114470,114750
8378,36,89,131730,133730,133230,133250,133430
8379,36,89,176270,178180,177770,177790,177880
8380,36,89,254900,256900,256400,256420,256600
8381,36,89,279550,281490,281050,281070,281190
8382,36,89,280600,282610,282100,282120,282310
8383,36,89,281470,283340,282970,282990,283040
8384,36,89,282640,284730,284140,284160,284430
8385,36,89,286970,288970,288470,288490,288670
8386,36,89,296160,298160,297660,297680,297860
8387,36,89,305880,307710,307380,307400,307410
8388,36,89,307150,309260,308650,308670,308960
8389,36,89,313720,315610,315220,315240,315310
8390,36,99,21050,23060,22550,22570,22760
8391,36,100,157800,159800,159300,159320,159500
8392,36,100,158300,160290,159800,159820,159990
8393,36,100,171870,173970,173370,173390,173670
8394,36,100,174650,176650,176150,176170,176350
8395,36,100,175370,177370,176870,176890,177070
8396,36,100,176690,178670,178190,178210,178370
8397,36,100,179630,181640,181130,181150,181340
8398,36,102,27850,29760,29350,29370,29460
8399,36,102,34450,36450,35950,35970,36150
8400,36,103,34790,36790,36290,36310,36490
8401,36,103,50770,52770,52270,52290,52470
8402,36,103,52440,54440,53940,53960,54140
8403,36,105,20850,22700,22350,22370,22400
8404,36,107,100270,102280,101770,101790,101980
8405,36,107,112700,114750,114200,114220,114450
8406,36,107,113550,115510,115050,115070,115210
8407,36,107,115500,117480,117000,117020,117180
8408,36,107,121490,123420,122990,123010,123120
8409,36,107,123030,125030,124530,124550,124730
8410,36,107,141960,143930,143460,143480,143630
8411,36,107,146910,148920,148410,148430,148620
8412,36,107,149050,151060,150550,150570,150760
8413,36,107,152960,154840,154460,154480,154540
8414,36,108,23970,25980,25470,25490,25680
8415,36,108,27800,29800,29300,29320,29500
8416,36,111,93880,95890,95380,95400,95590
8417,36,111,107380,109390,108880,108900,109090
8418,36,111,109470,111460,110970,110990,111160
8419,36,111,111850,113850,113350,113370,113550
8420,36,111,112650,114650,114150,114170,114350
8421,36,117,26030,27860,27530,27550,27560
8422,36,117,32500,34510,34000,34020,34210
8423,36,118,21240,23250,22740,22760,22950
8424,36,118,24450,26450,25950,25970,26150
8425,36,118,37910,39920,39410,39430,39620
8426,36,118,52820,54820,54320,54340,54520
8427,36,118,54770,56770,56270,56290,56470
8428,36,119,82490,84510,83990,84010,84210
8429,36,121,68260,70240,69760,69780,69940
8430,36,122,29440,31450,30940,30960,31150
8431,36,123,34740,36700,36240,36260,36400
8432,36,123,51250,53260,52750,52770,52960
8433,36,123,51280,53550,52780,53240,53250
8434,36,123,51750,53760,53250,53270,53460
8435,36,124,71690,73690,73190,73210,73390
8436,36,124,73640,75570,75140,75160,75270
8437,36,124,84050,86010,85550,85570,85710
8438,36,124,89450,91540,90950,90970,91240
8439,36,124,105940,107940,107440,107460,107640
8440,36,124,111130,113140,112630,112650,112840
8441,36,124,114870,116870,116370,116390,116570
8442,36,125,75780,77780,77280,77300,77480
8443,36,125,83050,85150,84550,84570,84850
8444,36,125,83840,85790,85340,85360,85490
8445,36,125,105410,107300,106910,106930,107000
8446,36,125,110540,112490,112040,112060,112190
8447,36,125,114630,116580,116130,116150,116280
8448,36,125,115960,117960,117460,117480,117660
8449,36,125,161450,163440,162950,162970,163140
8450,36,125,166850,168850,168350,168370,168550
8451,36,125,176540,178450,178040,178060,178150
8452,36,127,50710,52710,52210,52230,52410
8453,36,127,68640,70640,70140,70160,70340
8454,36,127,69940,71920,71440,71460,71620
8455,36,127,99810,101820,101310,101330,101520
8456,36,127,128270,130270,129770,129790,129970
8457,36,127,143430,145430,144930,144950,145130
8458,36,127,144080,145960,145580,145600,145660
8459,36,127,147600,149620,149100,149120,149320
8460,36,127,186210,188040,187710,187730,187740
8461,36,127,188140,190150,189640,189660,189850
8462,36,128,26320,28170,27820,27840,27870
8463,36,131,34950,36960,36450,36470,36660
8464,36,131,50300,52300,51800,51820,52000
8465,36,131,50850,52850,52350,52370,52550
8466,36,132,90040,92050,91540,91560,91750
8467,36,133,25450,27450,26950,26970,27150
8468,36,136,20940,22940,22440,22460,22640
8469,36,136,22430,24430,23930,23950,24130
8470,36,137,42630,44540,44130,44150,44240
8471,36,137,63020,65020,64520,64540,64720
8472,36,137,68570,70480,70070,70100,70180
8473,36,137,72550,74550,74050,74070,74250
8474,36,138,26870,28870,28370,28390,28570
8475,36,138,28270,30270,29770,29790,29970
8476,36,142,52830,54830,54330,54350,54530
8477,36,142,54030,56030,55530,55550,55730
8478,36,142,64900,66900,66400,66420,66600
8479,36,142,65510,67530,67010,67030,67230
8480,36,142,71780,73780,73280,73300,73480
8481,36,145,63870,65720,65370,65390,65420
8482,36,145,109550,111550,111050,111070,111250
8483,36,145,109580,113520,111080,113210,113220
8484,36,145,111720,113710,113220,113240,113410
8485,36,145,114050,116170,115550,115570,115870
8486,36,145,115550,117550,117050,117070,117250
8487,36,146,70060,72060,71560,71580,71760
8488,36,146,88960,90960,90460,90480,90660
8489,36,151,30110,31940,31610,31630,31640
8490,36,151,70430,72430,71930,71950,72130
8491,36,151,70930,72860,72430,72450,72560
8492,36,151,71560,73640,73060,73080,73340
8493,36,151,73830,75830,75330,75350,75530
8494,36,151,74660,76490,76160,76180,76190
8495,36,151,81410,83420,82910,82930,83120
8496,36,153,166970,168830,168470,168490,168530
8497,36,153,176590,178590,178090,178110,178290
8498,36,153,177640,179650,179140,179160,179350
8499,36,157,24950,26950,26450,26470,26650
8500,36,157,24980,27250,26480,26940,26950
8501,36,157,25450,27510,26950,26970,27210
8502,36,158,48740,50740,50240,50260,50440
8503,36,158,50980,52980,52480,52500,52680
8504,36,158,55090,57090,56590,56610,56790
8505,36,160,35480,37480,36980,37000,37180
8506,36,160,58100,60100,59600,59620,59800
8507,36,163,25490,27500,26990,27010,27200
8508,36,163,27860,29760,29360,29380,29460
8509,36,163,29420,31310,30920,30940,31010
8510,36,164,19620,21630,21120,21140,21330
8511,36,164,20690,22700,22190,22210,22400
8512,36,164,38750,40640,40250,40270,40340
8513,36,164,40750,42860,42250,42270,42560
8514,36,164,41810,44040,43310,43330,43740
8515,36,164,52880,54880,54380,54400,54580
8516,36,166,93380,95390,94880,94900,95090
8517,36,166,97600,99600,99100,99120,99300
8518,36,166,97630,153860,99130,153550,153560
8519,36,166,152060,154060,153560,153580,153760
8520,36,166,153550,155530,155050,155070,155230
8521,36,166,155120,157120,156620,156640,156820
8522,36,170,36250,38240,37750,37770,37940
8523,36,170,69240,71240,70740,70760,70940
8524,36,170,78920,80920,80420,80440,80620
8525,36,170,100640,102640,102140,102160,102340
8526,36,170,101290,103220,102790,102810,102920
8527,36,170,103760,105670,105260,105280,105370
8528,36,170,107440,109440,108940,108960,109140
8529,36,170,132900,134890,134400,134420,134590
8530,36,170,135450,137450,136950,136970,137150
8531,36,170,208720,210620,210220,210240,210320
8532,36,170,220940,222920,222440,222460,222620
8533,36,170,224390,226400,225890,225910,226100
8534,36,170,225670,227540,227170,227190,227240
8535,36,170,231920,233920,233420,233440,233620
8536,36,170,252340,254390,253840,253860,254090
8537,36,170,261370,263400,262870,262890,263100
8538,36,170,263590,265710,265090,265110,265410
8539,36,170,265780,267780,267280,267300,267480
8540,36,171,97780,99680,99280,99300,99380
8541,36,171,114540,116540,116040,116060,116240
8542,36,171,118520,120630,120020,120040,120330
8543,36,171,120170,122170,121670,121690,121870
8544,36,171,124850,126900,126350,126370,126600
8545,36,171,125500,127500,127000,127020,127200
8546,36,171,133690,135690,135190,135210,135390
8547,36,171,161560,163560,163060,163080,163260
8548,36,171,162230,164230,163730,163750,163930
8549,36,171,173790,175800,175290,175310,175500
8550,36,171,175370,177260,176870,176890,176960
8551,36,171,180730,182730,182230,182250,182430
8552,36,173,10760,12770,12260,12280,12470
8553,36,173,20270,22180,21770,21790,21880
8554,36,173,39860,41720,41360,41380,41420
8555,36,173,48050,50050,49550,49570,49750
8556,36,173,55280,57300,56780,56800,57000
8557,36,173,59390,61380,60890,60910,61080
8558,36,173,72180,74290,73680,73700,73990
8559,36,173,80970,82970,82470,82490,82670
8560,36,173,81000,90280,82500,89970,89980
8561,36,173,88480,90480,89980,90000,90180
8562,36,173,95410,97410,96910,96930,97110
8563,36,173,96490,98490,97990,98010,98190
8564,36,173,98740,100740,100240,100260,100440
8565,36,173,115590,117540,117090,117110,117240
8566,36,174,27270,29280,28770,28790,28980
8567,36,176,31580,33550,33080,33100,33250
8568,36,177,11550,13400,13050,13070,13100
8569,36,177,14820,16820,16320,16340,16520
8570,36,177,16010,18010,17510,17530,17710
8571,36,177,16670,18760,18170,18190,18460
8572,36,177,18860,20930,20360,20380,20630
8573,36,177,27700,29700,29200,29220,29400
8574,36,177,32440,34440,33940,33960,34140
8575,36,177,34660,36730,36160,36180,36430
8576,36,177,35200,37040,36700,36720,36740
8577,36,177,35230,37490,36730,37180,37190
8578,36,177,35690,37560,37190,37220,37260
8579,36,177,43290,45250,44790,44810,44950
8580,36,177,48100,50000,49600,49620,49700
8581,36,177,49670,51670,51170,51190,51370
8582,36,177,52480,54510,53980,54000,54210
8583,36,179,101390,103400,102890,102910,103100
8584,36,179,105760,107760,107260,107280,107460
8585,36,179,105790,118870,107290,118560,118570
8586,36,179,117070,119170,118570,118590,118870
8587,36,179,118410,120400,119910,119930,120100
8588,36,179,121460,123460,122960,122980,123160
8589,36,179,124840,126900,126340,126360,126600
8590,36,180,15240,17240,16740,16760,16940
8591,36,181,45170,47170,46670,46690,46870
8592,36,181,47340,49340,48840,48860,49040
8593,36,181,47370,53580,48870,53270,53280
8594,36,181,51780,53880,53280,53300,53580
8595,36,182,11510,13520,13010,13030,13220
8596,36,182,18010,20000,19510,19530,19700
8597,36,182,19190,21190,20690,20710,20890
8598,36,182,20260,22260,21760,21780,21960
8599,36,182,28350,30350,29850,29870,30050
8600,36,182,33300,35300,34800,34820,35000
8601,36,182,35800,37910,37300,37320,37610
8602,36,182,42020,43910,43520,43540,43610
8603,36,182,42760,44620,44260,44280,44320
8604,36,182,47230,49230,48730,48750,48930
8605,36,182,48430,50430,49930,49950,50130
8606,36,182,49520,51520,51020,51040,51220
8607,36,182,96040,97980,97540,97560,97680
8608,36,182,96760,98760,98260,98280,98460
8609,36,182,101270,103150,102770,102790,102850
8610,36,187,25810,27800,27310,27330,27500
8611,36,187,31740,33630,33240,33260,33330
8612,36,187,31770,34040,33270,33730,33740
8613,36,187,32240,34100,33740,33760,33800
8614,36,187,33830,35760,35330,35350,35460
8615,36,187,36390,38390,37890,37910,38090
8616,36,187,55480,57490,56980,57000,57190
8617,36,187,57960,59820,59460,59480,59520
8618,36,187,70230,72230,71730,71750,71930
8619,36,187,70770,72730,72270,72290,72430
8620,36,187,72370,74360,73870,73890,74060
8621,36,188,17470,19480,18970,18990,19180
8622,36,188,91060,92920,92560,92580,92620
8623,36,188,94680,96580,96180,96200,96280
8624,36,189,119060,120900,120560,120580,120600
8625,36,189,130290,132290,131790,131810,131990
8626,36,189,133690,135700,135190,135210,135400
8627,36,189,142690,144670,144190,144210,144370
8628,36,189,143190,145020,144690,144710,144720
8629,36,189,146040,148060,147540,147560,147760
8630,36,189,146780,148930,148280,148300,148630
8631,36,189,162100,163930,163600,163620,163630
8632,36,189,170450,172360,171950,171970,172060
8633,36,189,174370,176230,175870,175890,175930
8634,36,189,178810,180690,180310,180330,180390
8635,36,189,179660,181560,181160,181180,181260
8636,36,189,195210,197070,196710,196730,196770
8637,36,189,197670,199600,199170,199190,199300
8638,36,189,199000,201000,200500,200520,200700
8639,36,189,201100,203100,202600,202620,202800
8640,36,189,203000,205110,204500,204520,204810
8641,36,190,62690,64590,64190,64210,64290
8642,36,190,66040,68070,67540,67560,67770
8643,36,190,92960,94860,94460,94480,94560
8644,36,190,93460,95520,94960,94980,95220
8645,36,191,31430,33330,32930,32950,33030
8646,36,191,31460,62070,32960,61760,61770
8647,36,191,60270,62260,61770,61790,61960
8648,36,191,60780,62660,62280,62300,62360
8649,36,191,64840,66840,66340,66360,66540
8650,36,191,66430,68430,67930,67950,68130
8651,36,194,108610,110540,110110,110130,110240
8652,36,194,120010,122010,121510,121530,121710
8653,36,194,131200,133200,132700,132720,132900
8654,36,194,135050,137000,136550,136570,136700
8655,36,195,14660,16560,16160,16180,16260
8656,36,195,17020,18920,18520,18540,18620
8657,36,195,20280,22110,21780,21800,21810
8658,36,195,21260,23160,22760,22780,22860
8659,36,195,26050,27880,27550,27570,27580
8660,36,195,26550,28520,28050,28080,28220
8661,36,195,27140,28970,28640,28660,28670
8662,36,195,27650,29480,29150,29170,29180
8663,36,195,29810,31810,31310,31330,31510
8664,36,195,32060,34070,33560,33580,33770
8665,36,195,46210,48410,47710,47730,48110
8666,36,195,53690,55690,55190,55210,55390
8667,36,196,103760,105760,105260,105280,105460
8668,36,196,122940,124940,124440,124460,124640
8669,36,196,167150,169030,168650,168670,168730
8670,36,196,169080,171090,170580,170600,170790
8671,36,196,173640,175640,175140,175160,175340
8672,36,196,173670,175940,175170,175630,175640
8673,36,199,96590,98600,98090,98110,98300
8674,36,199,104120,106240,105620,105640,105940
8675,36,199,108660,110660,110160,110180,110360
8676,36,200,33190,35030,34690,34710,34730
8677,36,202,128900,130900,130400,130420,130600
8678,36,202,174680,176650,176180,176200,176350
8679,36,202,176940,179020,178440,178460,178720
8680,36,202,181840,183840,183340,183360,183540
8681,36,202,184210,186160,185710,185730,185860
8682,36,202,203310,205300,204810,204830,205000
8683,36,203,79270,81350,80770,80790,81050
8684,36,208,73380,75250,74880,74900,74950
8685,36,208,75160,77010,76660,76690,76710
8686,36,208,77870,79870,79370,79390,79570
8687,36,208,81480,83480,82980,83000,83180
8688,36,208,125560,127560,127060,127080,127260
8689,36,208,126660,128660,128160,128180,128360
8690,36,208,127480,129480,128980,129000,129180
8691,37,1,65360,67230,66860,66880,66930
8692,37,1,68270,70270,69770,69790,69970
8693,37,1,104880,106840,106380,106400,106540
8694,37,1,113260,115260,114760,114780,114960
8695,37,11,249740,251720,251240,251260,251420
8696,37,11,251450,253460,252950,252970,253160
8697,37,13,37410,39410,38910,38930,39110
8698,37,25,130460,132470,131960,131980,132170
8699,37,25,138270,140110,139770,139790,139810
8700,37,25,139830,141700,141330,141350,141400
8701,37,25,141580,143580,143080,143100,143280
8702,37,25,154120,156120,155620,155640,155820
8703,37,27,97550,99490,99050,99070,99190
8704,37,32,23490,25600,24990,25010,25300
8705,37,45,110570,112570,112070,112090,112270
8706,37,45,113010,114930,114510,114530,114630
8707,37,45,117970,119970,119470,119490,119670
8708,37,45,122540,124510,124040,124060,124210
8709,37,45,126000,128140,127500,127520,127840
8710,37,87,98130,100130,99630,99650,99830
8711,37,87,118080,120170,119580,119610,119870
8712,37,106,12470,14610,13970,13990,14310
8713,37,106,14800,16810,16300,16330,16510
8714,37,135,50640,52640,52140,52160,52340
8715,37,149,313100,315070,314600,314620,314770
8716,37,149,319070,320990,320570,320590,320690
8717,37,149,320960,322890,322460,322480,322590
8718,37,149,341860,343750,343360,343380,343450
8719,37,149,341890,344160,343390,343850,343860
8720,37,149,342360,344360,343860,343880,344060
8721,37,149,347020,349010,348520,348540,348710
8722,37,149,352630,354650,354130,354160,354350
8723,37,149,357920,359800,359420,359440,359500
8724,37,149,362010,364020,363510,363530,363720
8725,37,149,363670,365650,365170,365190,365350
8726,37,149,368310,370320,369810,369830,370020
8727,37,149,370610,372740,372110,372130,372440
8728,37,149,371860,373870,373360,373380,373570
8729,37,149,373480,375420,374980,375000,375120
8730,37,149,379600,381580,381100,381120,381280
8731,37,149,395030,397030,396530,396550,396730
8732,37,149,399820,401700,401320,401340,401400
8733,37,149,400930,402800,402430,402450,402500
8734,37,149,452290,454320,453790,453810,454020
8735,37,149,455210,457140,456710,456730,456840
8736,37,149,503520,505460,505020,505040,505160
8737,37,149,506300,508300,507800,507820,508000
8738,37,149,517010,519010,518510,518530,518710
8739,37,149,524790,526800,526290,526310,526500
8740,37,149,527200,529210,528700,528720,528910
8741,37,149,537660,539650,539160,539180,539350
8742,37,149,539640,541740,541140,541160,541440
8743,37,149,541180,543180,542680,542700,542880
8744,37,149,541210,543480,542710,543170,543180
8745,37,149,541680,543510,543180,543200,543210
8746,37,149,587450,589440,588950,588970,589140
8747,37,149,593190,595020,594690,594710,594720
8748,37,149,604360,606360,605860,605880,606060
8749,37,149,607710,609720,609210,609230,609420
8750,37,149,613710,615590,615210,615230,615290
8751,37,149,624500,626500,626000,626020,626200
8752,37,149,628090,629920,629590,629610,629620
8753,37,158,39440,41290,40940,40960,40990
8754,37,158,126680,128680,128180,128200,128380
8755,37,193,37000,39000,38500,38520,38700
8756,37,193,96990,98860,98490,98510,98560
8757,37,194,34580,36540,36080,36100,36240
8758,37,194,38000,39840,39500,39520,39540
8759,37,194,48260,50260,49760,49780,49960
8760,37,194,52390,54220,53890,53910,53920
8761,37,194,53940,55940,55440,55460,55640
8762,37,194,57970,59870,59470,59490,59570
8763,37,214,138600,140670,140100,140120,140370
8764,37,214,183270,185110,184770,184790,184810
8765,37,214,184410,186490,185910,185930,186190
8766,37,214,260600,262500,262100,262120,262200
8767,37,214,262910,264760,264410,264430,264460
8768,37,214,272680,274790,274180,274200,274490
8769,37,214,275930,277870,277430,277450,277570
8770,37,214,325830,327840,327330,327350,327540
8771,37,214,335490,337320,336990,337010,337020
8772,37,214,337500,339510,339000,339020,339210
8773,37,214,387600,389600,389100,389120,389300
8774,37,214,409370,411370,410870,410890,411070
8775,37,214,409400,413380,410900,413070,413080
8776,37,214,411580,413580,413080,413100,413280
8777,37,214,506300,508350,507800,507820,508050
8778,37,214,511200,513060,512700,512720,512760
8779,37,214,539400,541240,540900,540920,540940
8780,37,214,565290,567120,566790,566810,566820
8781,37,214,569010,570880,570510,570530,570580
8782,37,214,573340,575350,574840,574860,575050
8783,37,214,573370,578570,574870,578260,578270
8784,37,214,576770,578600,578270,578290,578300
8785,37,214,586940,588940,588440,588460,588640
8786,37,214,588520,590610,590020,590040,590310
8787,37,214,594800,596790,596300,596320,596490
8788,37,214,597510,599420,599010,599030,599120
8789,37,214,622380,624470,623880,623900,624170
8790,37,223,115440,117490,116940,116960,117190
8791,37,223,121810,123820,123310,123330,123520
8792,37,223,157270,159100,158770,158790,158800
8793,37,223,184770,186770,186270,186290,186470
8794,37,223,188430,190430,189930,189950,190130
8795,37,223,194690,196790,196190,196210,196490
8796,37,223,201940,203870,203440,203460,203570
8797,37,223,219670,221670,221170,221190,221370
8798,37,223,229610,231450,231110,231130,231150
8799,37,223,245930,247940,247430,247450,247640
8800,37,223,253440,255290,254940,254960,254990
8801,37,223,292910,294750,294410,294430,294450
8802,37,223,361270,363270,362770,362790,362970
8803,37,223,365090,367230,366590,366610,366930
8804,37,223,397650,399660,399150,399170,399360
8805,37,223,438390,440440,439890,439910,440140
8806,37,223,442780,444780,444280,444300,444480
8807,37,223,493360,495390,494860,494880,495090
8808,37,223,496520,498520,498020,498040,498220
8809,37,223,524170,526070,525670,525690,525770
8810,37,223,528960,530940,530460,530480,530640
8811,37,223,530300,532160,531800,531820,531860
8812,37,223,646450,648450,647950,647970,648150
8813,37,260,53470,55330,54970,54990,55030
8814,37,260,72550,74570,74050,74070,74270
8815,37,260,83310,85250,84810,84830,84950
8816,37,260,88620,90480,90120,90140,90180
8817,37,260,106980,108930,108480,108500,108630
8818,37,260,118450,120320,119950,119970,120020
8819,37,260,128740,130570,130240,130260,130270
8820,37,260,132880,134740,134380,134400,134440
8821,37,260,140680,142680,142180,142200,142380
8822,37,260,149220,151220,150720,150740,150920
8823,37,260,163490,165490,164990,165010,165190
8824,37,260,173090,175080,174590,174610,174780
8825,37,260,234920,236750,236420,236440,236450
8826,37,260,237600,239610,239100,239120,239310
8827,37,260,243290,245290,244790,244810,244990
8828,37,260,306370,308400,307870,307890,308100
8829,37,260,307520,309370,309020,309040,309070
8830,37,260,312930,315030,314430,314450,314730
8831,37,260,325680,327730,327180,327200,327430
8832,37,260,333020,335020,334520,334540,334720
8833,37,260,333870,335700,335370,335390,335400
8834,37,260,370700,372690,372200,372220,372390
8835,37,260,399760,401730,401260,401280,401430
8836,37,260,401080,402950,402580,402600,402650
8837,37,279,61560,63560,63060,63080,63260
8838,37,279,63340,65350,64840,64860,65050
8839,37,279,67500,69410,69000,69020,69110
8840,37,279,72380,74380,73880,73900,74080
8841,37,279,110030,112040,111530,111550,111740
8842,37,279,110800,112630,112300,112320,112330
8843,37,279,121030,122950,122530,122550,122650
8844,37,279,127480,129540,128980,129000,129240
8845,37,279,129740,131690,131240,131260,131390
8846,37,279,147640,149640,149140,149160,149340
8847,37,279,169740,171610,171240,171260,171310
8848,37,279,194070,195930,195570,195590,195630
8849,37,279,199580,201590,201080,201100,201290
8850,37,279,211810,213810,213310,213330,213510
8851,37,279,217070,219070,218570,218590,218770
8852,37,279,225960,227790,227460,227480,227490
8853,37,279,241290,243140,242790,242810,242840
8854,37,279,256340,258170,257840,257860,257870
8855,37,279,258450,260320,259950,259970,260020
8856,37,279,269870,271700,271370,271390,271400
8857,37,279,294550,296540,296050,296070,296240
8858,37,279,295050,296880,296550,296570,296580
8859,37,279,298470,300480,299970,299990,300180
8860,37,279,303810,305710,305310,305330,305410
8861,37,279,305240,307330,306740,306760,307030
8862,37,282,46800,48680,48300,48320,48380
8863,37,308,101380,103260,102880,102900,102960
8864,37,308,101410,103690,102910,103380,103390
8865,37,308,101890,103830,103390,103410,103530
8866,37,308,173690,175580,175190,175210,175280
8867,37,308,265980,267860,267480,267500,267560
8868,37,308,272950,274780,274450,274470,274480
8869,37,309,131470,133470,132970,132990,133170
8870,37,309,131500,168710,133000,168400,168410
8871,37,309,166910,168910,168410,168430,168610
8872,37,309,170280,172500,171780,171810,172200
8873,37,309,171540,173550,173040,173060,173250
8874,37,325,63230,65230,64730,64750,64930
8875,37,325,159390,161410,160890,160910,161110
8876,37,325,161930,163930,163430,163450,163630
8877,37,325,171320,173320,172820,172840,173020
8878,37,325,295660,297680,297160,297180,297380
8879,37,325,297530,299360,299030,299050,299060
8880,37,325,315550,317550,317050,317070,317250
8881,37,325,382800,384800,384300,384320,384500
8882,37,325,385190,387050,386690,386710,386750
8883,37,325,480130,482080,481630,481650,481780
8884,37,326,33750,35660,35250,35270,35360
8885,37,326,34750,36760,36250,36270,36460
8886,37,326,61070,63070,62570,62590,62770
8887,37,326,62970,64900,64470,64490,64600
8888,37,326,138120,139980,139620,139640,139680
8889,37,326,145440,147550,146940,146960,147250
8890,37,326,146300,148310,147800,147830,148010
8891,37,326,150080,152080,151580,151600,151780
8892,37,326,157070,159070,158570,158590,158770
8893,37,326,160610,162610,162110,162130,162310
8894,37,326,201890,203850,203390,203410,203550
8895,37,326,221540,223560,223040,223060,223260
8896,37,326,235110,237000,236610,236630,236700
8897,37,326,288120,290230,289620,289640,289930
8898,37,326,387120,389240,388620,388640,388940
8899,37,326,389730,391760,391230,391250,391460
8900,37,326,389760,399990,391260,399680,399690
8901,37,326,398190,400190,399690,399710,399890
8902,37,326,401810,403950,403310,403340,403650
8903,37,326,423610,425650,425110,425130,425350
8904,37,326,433260,435390,434760,434780,435090
8905,37,326,457970,459970,459470,459500,459670
8906,37,326,461760,463780,463260,463280,463480
8907,37,326,462500,464530,464000,464020,464230
8908,37,326,463580,465660,465080,465100,465360
8909,37,326,509640,511600,511140,511160,511300
8910,37,326,515210,517360,516710,516730,517060
8911,37,326,520690,522700,522190,522210,522400
8912,37,326,522820,524820,524320,524340,524520
8913,37,326,528610,530610,530110,530130,530310
8914,37,326,633230,635240,634730,634760,634940
8915,37,326,635710,637820,637210,637230,637520
8916,37,326,638250,640180,639750,639770,639880
8917,37,326,640360,642370,641860,641880,642070
8918,37,326,647560,649560,649060,649080,649260
8919,37,326,650420,652520,651920,651940,652220
8920,37,326,674480,676480,675980,676000,676180
8921,37,326,679820,681850,681320,681340,681550
8922,37,326,681750,683760,683250,683270,683460
8923,37,326,684070,686070,685570,685590,685770
8924,37,326,713790,715690,715290,715310,715390
8925,37,326,715110,716950,716610,716640,716650
8926,37,326,721410,723410,722910,722930,723110
8927,37,326,767570,769480,769070,769090,769180
8928,37,326,769670,771660,771170,771190,771360
8929,37,326,786790,788790,788290,788310,788490
8930,37,326,839330,841210,840830,840850,840910
8931,37,326,839360,847710,840860,847400,847410
8932,37,326,845910,847800,847410,847430,847500
8933,37,326,845940,864450,847440,864140,864150
8934,37,326,862650,864650,864150,864170,864350
8935,37,326,863500,865500,865000,865020,865200
8936,37,326,863530,865800,865030,865490,865500
8937,37,326,864000,865930,865500,865520,865630
8938,37,332,113850,115840,115350,115370,115540
8939,37,332,119330,121340,120830,120850,121040
8940,37,340,64150,66160,65650,65670,65860
8941,37,340,90340,92340,91840,91860,92040
8942,37,340,91820,93820,93320,93340,93520
8943,37,340,114090,116100,115590,115610,115800
8944,37,340,116890,118890,118390,118410,118590
8945,37,340,125900,127900,127400,127420,127600
8946,37,340,136890,138800,138390,138410,138500
8947,38,1,56650,58600,58150,58170,58300
8948,38,1,72700,74670,74200,74220,74370
8949,38,1,78960,80860,80460,80480,80560
8950,38,1,94920,96980,96420,96440,96680
8951,38,1,109610,111590,111110,111130,111290
8952,38,13,32460,34320,33960,33980,34020
8953,38,14,181850,183750,183350,183370,183450
8954,38,14,214310,216320,215810,215830,216020
8955,38,14,258430,260430,259930,259950,260130
8956,38,14,262360,264370,263860,263880,264070
8957,38,14,291430,293280,292930,292950,292980
8958,38,15,53310,55450,54810,54830,55150
8959,38,15,83680,85690,85180,85200,85390
8960,38,15,170900,172970,172400,172420,172670
8961,38,15,178630,180630,180130,180150,180330
8962,38,15,196870,198880,198370,198390,198580
8963,38,15,252190,254190,253690,253710,253890
8964,38,15,323520,325520,325020,325040,325220
8965,38,15,325270,327360,326770,326790,327060
8966,38,15,327090,329090,328590,328610,328790
8967,38,18,21310,23260,22810,22830,22960
8968,38,18,32030,34030,33530,33550,33730
8969,38,20,39680,41760,41180,41200,41460
8970,38,20,86350,88340,87850,87870,88040
8971,38,20,90190,92200,91690,91710,91900
8972,38,20,114120,116040,115620,115640,115740
8973,38,20,121360,123260,122860,122880,122960
8974,38,20,123860,125860,125360,125380,125560
8975,38,20,144450,146520,145950,145970,146220
8976,38,20,169290,171150,170790,170810,170850
8977,38,20,186660,188640,188160,188180,188340
8978,38,22,79480,81510,80980,81000,81210
8979,38,22,142730,144580,144230,144250,144280
8980,38,22,148990,150940,150490,150510,150640
8981,38,22,161710,163810,163210,163230,163510
8982,38,22,170180,172060,171680,171700,171760
8983,38,22,216130,218160,217630,217650,217860
8984,38,24,170370,172300,171870,171890,172000
8985,38,24,214660,216660,216160,216180,216360
8986,38,28,55340,57190,56840,56860,56890
8987,38,28,66100,68240,67600,67620,67940
8988,38,57,45030,46940,46530,46550,46640
8989,38,57,48250,50100,49750,49770,49800
8990,38,60,193370,195370,194870,194890,195070
8991,38,60,208120,210100,209620,209640,209800
8992,38,60,218650,220660,220150,220170,220360
8993,38,60,225420,227310,226920,226950,227010
8994,38,60,240890,242720,242390,242410,242420
8995,38,60,248310,250320,249810,249830,250020
8996,38,60,255350,257460,256850,256870,257160
8997,38,60,260210,262230,261710,261730,261930
8998,38,60,269960,271850,271460,271480,271550
8999,38,60,279680,281530,281180,281200,281230
9000,38,60,299570,301590,301070,301090,301290
9001,38,60,330840,332730,332340,332360,332430
9002,38,63,22050,24160,23550,23570,23860
9003,38,63,23790,25800,25290,25310,25500
9004,38,63,27770,29870,29270,29290,29570
9005,38,63,31810,33640,33310,33330,33340
9006,38,63,35570,37500,37070,37090,37200
9007,38,63,37620,39490,39120,39140,39190
9008,38,63,38120,39950,39620,39640,39650
9009,38,63,42680,44590,44180,44200,44290
9010,38,63,55950,57810,57450,57470,57510
9011,38,63,58970,60930,60470,60490,60630
9012,38,63,71260,73170,72760,72780,72870
9013,38,63,86150,88270,87650,87670,87970
9014,38,63,102010,103890,103510,103530,103590
9015,38,63,161930,163860,163430,163460,163560
9016,38,63,173170,175130,174670,174690,174830
9017,38,63,178690,180530,180190,180210,180230
9018,38,63,184880,186890,186380,186400,186590
9019,38,63,186730,188610,188230,188250,188310
9020,38,63,196250,198240,197750,197770,197940
9021,38,63,197860,199740,199360,199380,199440
9022,38,63,207480,209310,208980,209000,209010
9023,38,63,209190,211190,210690,210710,210890
9024,38,65,202420,204410,203920,203940,204110
9025,38,65,208270,210110,209770,209790,209810
9026,38,65,220000,222000,221500,221520,221700
9027,38,65,228950,230820,230450,230470,230520
9028,38,65,233490,235390,234990,235010,235090
9029,38,65,245260,247260,246760,246780,246960
9030,38,65,252600,254600,254100,254120,254300
9031,38,65,254750,256750,256250,256270,256450
9032,38,65,273270,275260,274770,274790,274960
9033,38,65,295350,297350,296850,296870,297050
9034,38,65,308910,310820,310410,310430,310520
9035,38,65,308940,328040,310440,327730,327740
9036,38,65,326240,328210,327740,327760,327910
9037,38,67,35130,37140,36630,36650,36840
9038,38,67,40220,42250,41720,41740,41950
9039,38,67,43110,45030,44610,44630,44730
9040,38,67,48280,50280,49780,49800,49980
9041,38,67,88190,90170,89690,89710,89870
9042,38,67,90070,91930,91570,91590,91630
9043,38,67,91200,93160,92700,92720,92860
9044,38,67,98630,100630,100130,100150,100330
9045,38,67,115880,117750,117380,117400,117450
9046,38,67,122160,124160,123660,123680,123860
9047,38,67,135150,136980,136650,136670,136680
9048,38,67,139050,140880,140550,140570,140580
9049,38,67,139080,159050,140580,158740,158750
9050,38,67,157250,159260,158750,158770,158960
9051,38,67,177410,179320,178910,178930,179020
9052,38,67,191090,193100,192590,192610,192800
9053,38,67,201520,203510,203020,203040,203210
9054,38,67,204230,206120,205730,205750,205820
9055,38,67,241460,243490,242960,242980,243190
9056,38,67,244110,246180,245610,245630,245880
9057,38,67,252570,254530,254070,254090,254230
9058,38,67,264120,266140,265620,265640,265840
9059,38,67,299490,301340,300990,301010,301040
9060,38,67,299520,317830,301020,317520,317530
9061,38,67,316030,318030,317530,317550,317730
9062,38,67,324700,326710,326200,326220,326410
9063,38,68,178210,180070,179710,179730,179770
9064,38,68,184320,186310,185820,185840,186010
9065,38,68,194920,196870,196420,196440,196570
9066,38,68,221470,223340,222970,222990,223040
9067,38,68,274520,276520,276020,276040,276220
9068,38,68,286990,288990,288490,288510,288690
9069,38,68,288000,290040,289500,289520,289740
9070,38,68,289060,291070,290560,290580,290770
9071,38,68,308000,324150,309500,323840,323850
9072,38,68,322350,324220,323850,323870,323920
9073,38,70,31990,34000,33490,33510,33700
9074,38,70,50710,52580,52210,52230,52280
9075,38,70,52300,54250,53800,53820,53950
9076,38,71,18850,20700,20350,20370,20400
9077,38,71,23810,25810,25310,25330,25510
9078,38,71,27220,29160,28720,28740,28860
9079,38,71,28270,30300,29770,29790,30000
9080,38,71,29020,31030,30520,30540,30730
9081,38,71,30180,32330,31680,31700,32030
9082,38,72,46690,48860,48190,48210,48560
9083,38,72,47630,49640,49130,49160,49340
9084,38,72,66260,68260,67760,67780,67960
9085,38,72,74050,76070,75550,75570,75770
9086,38,72,79420,81380,80920,80940,81080
9087,38,72,94000,95860,95500,95520,95560
9088,38,72,104300,106300,105800,105820,106000
9089,38,72,107430,109430,108930,108950,109130
9090,38,72,115310,117310,116810,116830,117010
9091,38,72,126500,128330,128000,128020,128030
9092,38,72,137950,139780,139450,139470,139480
9093,38,72,168530,170360,170030,170050,170060
9094,38,72,172030,174030,173530,173550,173730
9095,38,72,179830,181840,181330,181350,181540
9096,38,72,186050,187940,187550,187570,187640
9097,38,72,202430,204450,203930,203950,204150
9098,38,72,215910,217910,217410,217430,217610
9099,38,83,100490,102550,101990,102010,102250
9100,38,88,188000,189840,189500,189520,189540
9101,38,88,193400,195290,194900,194920,194990
9102,38,88,196840,198690,198340,198360,198390
9103,38,88,198850,200850,200350,200370,200550
9104,38,88,204490,206370,205990,206010,206070
9105,38,88,208580,210470,210080,210100,210170
9106,38,88,212790,214620,214290,214310,214320
9107,38,88,226160,228070,227660,227680,227770
9108,38,88,238850,240850,240350,240370,240550
9109,38,88,245720,247710,247220,247240,247410
9110,38,88,248560,250560,250060,250080,250260
9111,38,88,255230,257180,256730,256750,256880
9112,38,88,259680,261550,261180,261200,261250
9113,38,88,268420,270320,269920,269940,270020
9114,38,88,306510,308440,308010,308030,308140
9115,38,88,307790,309800,309290,309310,309500
9116,38,91,178700,180630,180200,180220,180330
9117,38,91,232700,234700,234200,234220,234400
9118,38,91,232730,255000,234230,254690,254700
9119,38,91,253200,255060,254700,254730,254760
9120,38,91,259530,261530,261030,261050,261230
9121,38,91,302670,304590,304170,304200,304290
9122,38,91,307040,308970,308540,308560,308670
9123,38,93,140160,142120,141660,141680,141820
9124,38,93,150010,152000,151510,151530,151700
9125,38,93,158450,160500,159950,159970,160200
9126,38,93,173890,175850,175390,175410,175550
9127,38,93,178460,180440,179960,179980,180140
9128,38,93,188860,190710,190360,190380,190410
9129,38,93,201260,203260,202760,202780,202960
9130,38,93,217730,219670,219230,219250,219370
9131,38,93,227990,229890,229490,229510,229590
9132,38,93,230650,232480,232150,232170,232180
9133,38,93,233360,235330,234860,234880,235030
9134,38,93,241250,243130,242750,242770,242830
9135,38,93,251340,253190,252840,252860,252890
9136,38,93,252650,254540,254150,254170,254240
9137,38,93,257910,259920,259410,259430,259620
9138,38,99,133240,135180,134740,134760,134880
9139,38,100,42840,44990,44340,44360,44690
9140,38,100,70990,72920,72490,72510,72620
9141,38,100,104590,106590,106090,106110,106290
9142,38,111,66650,68530,68150,68170,68230
9143,38,111,71320,73370,72820,72840,73070
9144,38,114,35880,37810,37380,37400,37510
9145,38,114,43690,45690,45190,45210,45390
9146,38,114,53570,55530,55070,55090,55230
9147,38,114,56070,57910,57570,57590,57610
9148,38,114,64070,65900,65570,65590,65600
9149,38,116,30120,32090,31620,31640,31790
9150,38,118,23980,25910,25480,25500,25610
9151,38,124,87970,89910,89470,89490,89610
9152,38,124,118000,119830,119500,119520,119530
9153,38,124,132700,134670,134200,134220,134370
9154,38,124,165380,167430,166880,166900,167130
9155,38,124,180760,182610,182260,182280,182310
9156,38,124,186000,187960,187500,187520,187660
9157,38,124,234110,235960,235610,235630,235660
9158,38,125,44380,46420,45880,45900,46120
9159,38,125,50640,52820,52140,52160,52520
9160,38,125,95470,97480,96970,96990,97180
9161,38,125,98620,100620,100120,100140,100320
9162,38,125,107000,109050,108500,108520,108750
9163,38,125,112040,113900,113540,113560,113600
9164,38,125,163140,165140,164640,164660,164840
9165,38,125,163170,178580,164670,178270,178280
9166,38,125,176780,178780,178280,178300,178480
9167,38,125,202450,204460,203950,203970,204160
9168,38,125,245270,247280,246770,246790,246980
9169,38,125,283510,285510,285010,285030,285210
9170,38,125,285380,287380,286880,286900,287080
9171,38,125,299200,301200,300700,300720,300900
9172,38,131,142700,144700,144200,144220,144400
9173,38,136,123210,125210,124710,124730,124910
9174,38,136,140850,142680,142350,142370,142380
9175,38,136,154940,157070,156440,156460,156770
9176,38,137,43470,45430,44970,44990,45130
9177,38,137,64210,66050,65710,65730,65750
9178,38,137,66250,68380,67750,67770,68080
9179,38,137,90630,92550,92130,92150,92250
9180,38,138,182210,184240,183710,183730,183940
9181,38,138,184490,186490,185990,186010,186190
9182,38,138,197890,199890,199390,199410,199590
9183,38,138,234130,235960,235630,235650,235660
9184,38,138,243300,245300,244800,244820,245000
9185,38,138,304520,306530,306020,306040,306230
9186,38,138,304550,322270,306050,321960,321970
9187,38,138,320470,322530,321970,321990,322230
9188,38,142,27120,29120,28620,28640,28820
9189,38,142,31330,33270,32830,32850,32970
9190,38,142,39200,41080,40700,40720,40780
9191,38,142,42290,44220,43790,43810,43920
9192,38,143,176350,178270,177850,177870,177970
9193,38,143,182330,184320,183830,183850,184020
9194,38,143,184920,186830,186420,186440,186530
9195,38,143,187700,189660,189200,189220,189360
9196,38,143,201530,203380,203030,203050,203080
9197,38,143,216850,218840,218350,218370,218540
9198,38,143,266410,268410,267910,267930,268110
9199,38,143,268360,270200,269860,269890,269900
9200,38,148,183570,185500,185070,185090,185200
9201,38,148,197600,199440,199100,199120,199140
9202,38,148,212220,214050,213720,213740,213750
9203,38,148,218010,219840,219510,219530,219540
9204,38,148,219770,221770,221270,221290,221470
9205,38,148,221290,223320,222790,222810,223020
9206,38,148,228230,230080,229730,229750,229780
9207,38,148,234470,236300,235970,235990,236000
9208,38,148,236840,238670,238340,238360,238370
9209,38,148,264190,266130,265690,265710,265830
9210,38,148,269450,271460,270950,270970,271160
9211,38,148,279000,281010,280500,280520,280710
9212,38,148,294680,296580,296180,296200,296280
9213,38,148,327700,329750,329200,329220,329450
9214,38,151,29560,31560,31060,31080,31260
9215,38,151,68110,70110,69610,69630,69810
9216,38,151,70510,72680,72010,72030,72380
9217,38,151,73590,75430,75090,75110,75130
9218,38,151,109790,111810,111290,111310,111510
9219,38,151,113560,115500,115060,115080,115200
9220,38,151,137760,139850,139260,139280,139550
9221,38,151,152080,154050,153580,153600,153750
9222,38,151,162850,164810,164350,164370,164510
9223,38,151,173570,175410,175070,175090,175110
9224,38,152,256430,258430,257930,257950,258130
9225,38,152,264090,265950,265590,265610,265650
9226,38,152,272120,273950,273620,273640,273650
9227,38,152,282560,284440,284060,284080,284140
9228,38,152,292270,294310,293770,293790,294010
9229,38,152,297900,299910,299400,299420,299610
9230,38,152,310160,312160,311660,311680,311860
9231,38,152,380320,382320,381820,381840,382020
9232,38,157,59810,61820,61310,61330,61520
9233,38,157,71070,72900,72570,72590,72600
9234,38,157,88700,90700,90200,90220,90400
9235,38,157,101270,103270,102770,102790,102970
9236,38,164,115630,117550,117130,117150,117250
9237,38,164,144760,146760,146260,146280,146460
9238,38,164,186590,188510,188090,188110,188210
9239,38,164,189490,191360,190990,191010,191060
9240,38,164,219850,221850,221350,221370,221550
9241,38,165,18520,20490,20020,20050,20190
9242,38,165,70030,72040,71530,71550,71740
9243,38,165,83170,85030,84670,84690,84730
9244,38,165,86740,88680,88240,88260,88380
9245,38,165,123310,125200,124810,124830,124900
9246,38,165,149400,151270,150900,150920,150970
9247,38,165,212010,213950,213510,213530,213650
9248,38,174,20020,21860,21520,21540,21560
9249,38,174,27590,29590,29090,29110,29290
9250,38,174,33600,35460,35100,35120,35160
9251,38,174,36880,38760,38380,38400,38460
9252,38,174,40200,42200,41700,41720,41900
9253,38,174,46320,48240,47820,47840,47940
9254,38,176,226320,228290,227820,227840,227990
9255,38,176,269030,271020,270530,270550,270720
9256,38,176,269060,276450,270560,276140,276150
9257,38,176,274650,276680,276150,276170,276380
9258,38,180,19320,21320,20820,20840,21020
9259,38,180,33090,35030,34590,34610,34730
9260,38,180,34830,36700,36330,36350,36400
9261,38,182,34820,36690,36320,36340,36390
9262,38,182,42660,44660,44160,44180,44360
9263,38,182,57770,59800,59270,59290,59500
9264,38,182,60000,61930,61500,61520,61630
9265,38,182,122950,124950,124450,124470,124650
9266,39,1,58020,59850,59520,59540,59550
9267,39,1,60590,62430,62090,62110,62130
9268,39,1,151410,153240,152910,152930,152940
9269,39,12,35760,37870,37260,37280,37570
9270,39,12,127710,129540,129210,129230,129240
9271,39,12,149900,152000,151400,151420,151700
9272,39,15,44800,46770,46300,46320,46470
9273,39,15,140160,142030,141660,141680,141730
9274,39,15,143750,145590,145250,145270,145290
9275,39,16,27560,29420,29060,29080,29120
9276,39,17,287780,289780,289280,289300,289480
9277,39,26,50510,52510,52010,52030,52210
9278,39,26,53000,55000,54500,54520,54700
9279,39,26,77660,79680,79160,79190,79380
9280,39,26,82820,84840,84320,84350,84540
9281,39,26,104780,106790,106280,106300,106490
9282,39,26,119240,121240,120740,120760,120940
9283,39,27,213700,215700,215200,215220,215400
9284,39,27,230340,232340,231840,231860,232040
9285,39,27,233920,236020,235420,235440,235720
9286,39,27,267070,269070,268570,268590,268770
9287,39,32,33690,35520,35190,35210,35220
9288,39,33,32750,34600,34250,34270,34300
9289,39,33,40060,42050,41560,41580,41750
9290,39,33,69080,71050,70580,70600,70750
9291,39,43,29060,31230,30560,30580,30930
9292,39,43,48140,50140,49640,49660,49840
9293,39,43,153210,155210,154710,154730,154910
9294,39,44,71900,73920,73400,73420,73620
9295,39,52,76820,78830,78320,78340,78530
9296,39,56,33810,35820,35310,35330,35520
9297,39,56,35440,37440,36940,36960,37140
9298,39,56,48740,50740,50240,50260,50440
9299,39,56,145930,147850,147430,147450,147550
9300,39,56,147190,149020,148690,148710,148720
9301,39,57,192800,194800,194300,194320,194500
9302,39,57,231080,233080,232580,232600,232780
9303,39,57,242680,244630,244180,244200,244330
9304,39,57,244320,246320,245820,245840,246020
9305,39,57,276520,278400,278020,278040,278100
9306,39,74,49600,51610,51100,51120,51310
9307,39,74,58840,60840,60340,60360,60540
9308,39,74,71610,73480,73110,73130,73180
9309,39,74,72770,74770,74270,74290,74470
9310,39,74,74450,76330,75950,75980,76030
9311,39,74,78500,80550,80000,80020,80250
9312,39,74,88790,90790,90290,90310,90490
9313,39,74,90840,92850,92340,92360,92550
9314,39,74,105300,107300,106800,106820,107000
9315,39,74,110860,113050,112360,112380,112750
9316,39,74,235730,237820,237230,237250,237520
9317,39,74,291300,293220,292800,292820,292920
9318,39,86,130950,132960,132450,132470,132660
9319,39,86,133410,135410,134910,134930,135110
9320,39,86,153060,155060,154560,154580,154760
9321,39,86,158460,160340,159960,159980,160040
9322,39,86,163000,165010,164500,164520,164710
9323,39,86,225100,227110,226600,226630,226810
9324,39,86,235010,237010,236510,236530,236710
9325,39,86,265350,267350,266850,266870,267050
9326,39,86,272290,274290,273790,273810,273990
9327,39,86,290510,292510,292010,292030,292210
9328,39,92,58040,60040,59540,59560,59740
9329,39,99,22390,24390,23890,23910,24090
9330,39,99,24560,26670,26060,26080,26370
9331,39,106,68010,70010,69510,69530,69710
9332,39,107,41970,44010,43470,43490,43710
9333,39,107,210700,212710,212200,212220,212410
9334,39,109,23460,25510,24960,24980,25210
9335,39,109,27910,29850,29410,29430,29550
9336,39,109,29720,31720,31220,31240,31420
9337,39,109,45290,47160,46790,46810,46860
9338,39,109,382360,384220,383860,383880,383920
9339,39,112,33860,35700,35360,35380,35400
9340,39,112,218580,220590,220080,220100,220290
9341,39,113,30850,32820,32350,32370,32520
9342,39,113,42210,44220,43710,43730,43920
9343,39,114,401490,403470,402990,403010,403170
9344,39,120,232270,234610,233770,233790,234310
9345,39,120,234730,236700,236230,236250,236400
9346,39,121,39500,41510,41000,41020,41210
9347,39,121,61360,63250,62860,62880,62950
9348,39,121,65650,67780,67150,67170,67480
9349,39,121,92870,94720,94370,94400,94420
9350,39,121,96100,98100,97600,97620,97800
9351,39,122,52450,54340,53950,53970,54040
9352,39,122,53760,55770,55260,55290,55470
9353,39,122,127650,129530,129150,129170,129230
9354,39,123,27630,29500,29130,29150,29200
9355,39,123,28520,30530,30020,30040,30230
9356,39,123,32560,34480,34060,34080,34180
9357,39,123,35630,37630,37130,37150,37330
9358,39,125,62040,64110,63540,63560,63810
9359,39,125,95130,97390,96630,96650,97090
9360,39,140,140260,142440,141760,141780,142140
9361,39,143,341210,343220,342710,342730,342920
9362,39,143,344730,346730,346230,346250,346430
9363,39,144,72470,74570,73970,73990,74270
9364,39,144,83430,85430,84930,84950,85130
9365,39,144,85360,87360,86860,86880,87060
9366,39,144,86740,88740,88240,88260,88440
9367,39,144,88770,90770,90270,90290,90470
9368,39,144,90230,92230,91730,91750,91930
9369,39,144,101370,103370,102870,102890,103070
9370,39,145,37970,39970,39470,39490,39670
9371,39,145,42080,44150,43580,43600,43850
9372,39,148,45460,47450,46960,46980,47150
9373,39,148,224250,226290,225750,225770,225990
9374,39,149,38190,40190,39690,39710,39890
9375,39,149,114520,116480,116020,116040,116180
9376,39,149,115680,117790,117180,117200,117490
9377,39,154,29870,31960,31370,31390,31660
9378,39,154,33910,35910,35410,35430,35610
9379,39,154,38000,40010,39500,39520,39710
9380,39,154,42550,44510,44050,44070,44210
9381,39,154,198050,200060,199550,199570,199760
9382,39,157,32380,34380,33880,33900,34080
9383,39,157,33310,35310,34810,34830,35010
9384,39,157,194260,196260,195760,195780,195960
9385,39,159,65690,67700,67190,67210,67400
9386,39,159,67580,69580,69080,69100,69280
9387,39,159,85420,87420,86920,86940,87120
9388,39,159,113750,115750,115250,115270,115450
9389,39,159,134430,136550,135930,135950,136250
9390,39,159,136370,138210,137870,137890,137910
9391,39,161,64170,66120,65670,65690,65820
9392,39,161,88070,89900,89570,89590,89600
9393,39,165,43310,45310,44810,44830,45010
9394,39,169,38920,40840,40420,40440,40540
9395,39,169,45380,47390,46880,46900,47090
9396,39,181,79040,81050,80540,80560,80750
9397,39,181,82480,84420,83980,84000,84120
9398,39,181,233910,235950,235410,235430,235650
9399,39,185,235610,237620,237110,237130,237320
9400,39,185,238570,240550,240070,240090,240250
9401,39,195,31390,33520,32890,32910,33220
9402,39,195,120220,122080,121720,121740,121780
9403,39,195,138040,140040,139540,139560,139740
9404,39,205,28950,31070,30450,30470,30770
9405,39,205,35710,37710,37210,37230,37410
9406,40,1,51040,53150,52540,52560,52850
9407,40,1,79900,81940,81400,81420,81640
9408,40,1,85670,87770,87170,87190,87470
9409,40,5,54370,56240,55870,55890,55940
9410,40,5,57330,59220,58830,58850,58920
9411,40,5,90620,92650,92120,92140,92350
9412,40,5,92760,94890,94260,94280,94590
9413,40,5,101050,103130,102550,102570,102830
9414,40,5,128530,130650,130030,130050,130350
9415,40,5,137260,139120,138760,138780,138820
9416,40,5,176150,178260,177650,177670,177960
9417,40,5,177700,179820,179200,179220,179520
9418,40,5,187670,189780,189170,189190,189480
9419,40,5,189980,192260,191480,191500,191960
9420,40,5,198540,200550,200040,200060,200250
9421,40,5,199850,201880,201350,201370,201580
9422,40,5,201710,203870,203210,203230,203570
9423,40,5,209820,211850,211320,211340,211550
9424,40,5,209850,212120,211350,211810,211820
9425,40,5,210320,212160,211820,211840,211860
9426,40,5,213240,215140,214740,214760,214840
9427,40,5,239750,241770,241250,241270,241470
9428,40,6,95470,97460,96970,96990,97160
9429,40,6,101750,103690,103250,103270,103390
9430,40,8,67900,69910,69400,69430,69610
9431,40,21,42260,44140,43760,43780,43840
9432,40,21,76360,78280,77860,77880,77980
9433,40,21,77410,79360,78910,78930,79060
9434,40,21,79750,81800,81250,81270,81500
9435,40,21,81230,83070,82730,82750,82770
9436,40,21,81260,97820,82760,97510,97520
9437,40,21,96020,98040,97520,97540,97740
9438,40,21,101920,103790,103420,103440,103490
9439,40,21,119940,121790,121440,121460,121490
9440,40,21,125850,127910,127350,127370,127610
9441,40,21,138990,141060,140490,140510,140760
9442,40,21,143790,145940,145290,145310,145640
9443,40,21,176050,178160,177550,177570,177860
9444,40,21,182500,184630,184000,184020,184330
9445,40,21,185050,187250,186550,186570,186950
9446,40,21,188220,190280,189720,189740,189980
9447,40,21,191450,193290,192950,192970,192990
9448,40,21,211250,213310,212750,212770,213010
9449,40,21,213340,215480,214840,214860,215180
9450,40,21,223430,225500,224930,224950,225200
9451,40,21,235640,237590,237140,237160,237290
9452,40,21,249950,251890,251450,251470,251590
9453,40,21,262400,264310,263900,263920,264010
9454,40,21,271150,273030,272650,272680,272730
9455,40,25,208840,210740,210340,210360,210440
9456,40,25,211490,213470,212990,213010,213170
9457,40,25,217730,219630,219230,219250,219330
9458,40,25,219320,221320,220820,220840,221020
9459,40,25,250650,252730,252150,252170,252430
9460,40,25,251880,253970,253380,253400,253670
9461,40,26,67890,69940,69390,69410,69640
9462,40,26,80830,82790,82330,82350,82490
9463,40,26,82820,84700,84320,84340,84400
9464,40,32,189240,191240,190740,190760,190940
9465,40,32,192720,194560,194220,194240,194260
9466,40,32,224010,226030,225510,225530,225730
9467,40,32,224870,226730,226370,226390,226430
9468,40,32,227630,229560,229130,229150,229260
9469,40,32,232990,235110,234490,234510,234810
9470,40,32,236200,238160,237700,237720,237860
9471,40,32,246690,248590,248190,248210,248290
9472,40,32,260930,263120,262430,262460,262820
9473,40,32,263030,265240,264530,264550,264940
9474,40,32,267870,270000,269370,269390,269700
9475,40,32,275050,277200,276550,276570,276900
9476,40,32,278840,280690,280340,280360,280390
9477,40,32,278870,286390,280370,286080,286090
9478,40,32,284590,286560,286090,286110,286260
9479,40,32,305560,307590,307060,307080,307290
9480,40,32,317850,319950,319350,319370,319650
9481,40,32,332690,334630,334190,334210,334330
9482,40,32,337320,339470,338820,338840,339170
9483,40,32,374960,376890,376460,376480,376590
9484,40,32,401660,403870,403160,403180,403570
9485,40,37,51020,53080,52520,52540,52780
9486,40,37,53200,55280,54700,54720,54980
9487,40,37,57800,59990,59300,59320,59690
9488,40,37,59060,61140,60560,60580,60840
9489,40,39,107400,109250,108900,108920,108950
9490,40,39,111110,113000,112610,112630,112700
9491,40,39,133100,135010,134600,134620,134710
9492,40,39,135640,137470,137140,137160,137170
9493,40,39,143810,145930,145310,145330,145630
9494,40,39,172040,174140,173540,173560,173840
9495,40,39,179910,182070,181410,181430,181770
9496,40,39,218490,220490,219990,220010,220190
9497,40,39,225050,227030,226550,226570,226730
9498,40,39,229490,231600,230990,231010,231300
9499,40,39,235690,237760,237190,237210,237460
9500,40,39,238270,240330,239770,239790,240030
9501,40,39,246340,248180,247840,247860,247880
9502,40,39,250050,252010,251550,251570,251710
9503,40,39,256920,258980,258420,258440,258680
9504,40,39,290420,292520,291920,291940,292220
9505,40,39,293260,295370,294760,294790,295070
9506,40,39,296620,298520,298120,298140,298220
9507,40,39,323700,325570,325200,325220,325270
9508,40,41,85210,87300,86710,86730,87000
9509,40,41,92080,94120,93580,93600,93820
9510,40,41,204250,206110,205750,205770,205810
9511,40,41,206170,208190,207670,207690,207890
9512,40,41,216390,218500,217890,217910,218200
9513,40,41,231650,233600,233150,233170,233300
9514,40,41,236740,238670,238240,238260,238370
9515,40,41,280670,282590,282170,282190,282290
9516,40,41,282360,284400,283860,283880,284100
9517,40,46,54480,56310,55980,56000,56010
9518,40,46,56850,58680,58350,58370,58380
9519,40,46,75100,77020,76600,76620,76720
9520,40,46,94190,96190,95690,95710,95890
9521,40,46,99110,101210,100610,100630,100910
9522,40,46,100630,102600,102130,102150,102300
9523,40,46,116400,118490,117900,117920,118190
9524,40,46,122850,124950,124350,124370,124650
9525,40,46,133240,135390,134740,134760,135090
9526,40,46,135860,137950,137360,137380,137650
9527,40,46,138340,140350,139840,139860,140050
9528,40,46,139380,141410,140880,140900,141110
9529,40,46,141250,143220,142750,142770,142920
9530,40,46,170970,173090,172470,172490,172790
9531,40,46,186350,188400,187850,187870,188100
9532,40,46,189930,191880,191430,191450,191580
9533,40,46,196010,198120,197510,197530,197820
9534,40,46,199600,201580,201100,201120,201280
9535,40,46,201210,203210,202710,202730,202910
9536,40,46,205470,207480,206970,206990,207180
9537,40,46,245870,247700,247370,247390,247400
9538,40,47,200750,202580,202250,202270,202280
9539,40,47,203500,205620,205000,205020,205320
9540,40,49,88580,90530,90080,90100,90230
9541,40,53,65940,67910,67440,67460,67610
9542,40,53,68730,70840,70230,70250,70540
9543,40,53,76140,78170,77640,77660,77870
9544,40,53,77220,79390,78720,78740,79090
9545,40,53,80650,82670,82150,82170,82370
9546,40,53,82770,84970,84270,84290,84670
9547,40,53,88210,90410,89710,89730,90110
9548,40,53,116530,118360,118030,118050,118060
9549,40,53,118450,120640,119950,119970,120340
9550,40,53,122400,124490,123900,123920,124190
9551,40,53,124100,126210,125600,125620,125910
9552,40,53,151830,153940,153330,153350,153640
9553,40,53,162750,164950,164250,164270,164650
9554,40,53,167070,169150,168570,168590,168850
9555,40,53,177530,179360,179030,179050,179060
9556,40,53,227660,229860,229160,229180,229560
9557,40,54,137840,140080,139340,139360,139780
9558,40,54,184770,186910,186270,186290,186610
9559,40,54,189690,191800,191190,191210,191500
9560,40,63,34000,36100,35500,35520,35800
9561,40,63,56850,58790,58350,58370,58490
9562,40,63,60130,62070,61630,61650,61770
9563,40,63,60880,62770,62380,62400,62470
9564,40,63,67770,69940,69270,69290,69640
9565,40,63,73900,75920,75400,75420,75620
9566,40,63,73930,78140,75430,77830,77840
9567,40,63,76340,78380,77840,77860,78080
9568,40,63,112010,114090,113510,113530,113790
9569,40,63,117460,119500,118960,118980,119200
9570,40,63,158870,161040,160370,160390,160740
9571,40,63,167910,170030,169410,169430,169730
9572,40,63,169540,171620,171040,171060,171320
9573,40,63,170060,171950,171560,171580,171650
9574,40,63,175900,177970,177400,177420,177670
9575,40,63,176780,178950,178280,178300,178650
9576,40,63,180130,182120,181630,181650,181820
9577,40,63,193620,195640,195120,195140,195340
9578,40,63,210780,212650,212280,212300,212350
9579,40,63,215030,217260,216530,216550,216960
9580,40,63,245590,247480,247090,247110,247180
9581,40,65,63960,66080,65460,65480,65780
9582,40,65,94120,96130,95620,95640,95830
9583,40,65,97580,99660,99080,99100,99360
9584,40,65,102990,105020,104490,104510,104720
9585,40,65,105470,107570,106970,106990,107270
9586,40,65,111850,113890,113350,113370,113590
9587,40,65,118970,121290,120470,120490,120990
9588,40,65,129320,131500,130820,130840,131200
9589,40,65,180670,182530,182170,182190,182230
9590,40,65,180700,193530,182200,193220,193230
9591,40,65,191730,193580,193230,193250,193280
9592,40,65,205280,207160,206780,206800,206860
9593,40,65,213150,215000,214650,214670,214700
9594,40,66,34870,36950,36370,36390,36650
9595,40,66,62510,64430,64010,64030,64130
9596,40,66,64860,66740,66360,66380,66440
9597,40,66,68380,70560,69880,69900,70260
9598,40,66,80270,82350,81770,81790,82050
9599,40,66,166220,168310,167720,167740,168010
9600,40,66,169590,171590,171090,171110,171290
9601,40,66,172560,174570,174060,174080,174270
9602,40,66,176370,178390,177870,177890,178090
9603,40,66,185740,187660,187240,187260,187360
9604,40,66,219740,221840,221240,221260,221540
9605,40,66,244370,246230,245870,245890,245930
9606,40,66,244400,249020,245900,248710,248720
9607,40,66,247220,249410,248720,248740,249110
9608,40,70,103020,104920,104520,104540,104620
9609,40,70,115410,117500,116910,116930,117200
9610,40,70,157660,159850,159160,159180,159550
9611,40,70,159090,161340,160590,160610,161040
9612,40,70,159940,162050,161440,161460,161750
9613,40,70,162130,164130,163630,163650,163830
9614,40,70,188380,190380,189880,189900,190080
9615,40,70,195640,197730,197140,197170,197430
9616,40,70,215740,217570,217240,217260,217270
9617,40,70,255840,257930,257340,257360,257630
9618,40,70,260320,262210,261820,261840,261910
9619,40,73,81720,83730,83220,83240,83430
9620,40,73,134810,136860,136310,136330,136560
9621,40,73,147520,149700,149020,149040,149400
9622,40,73,159790,161860,161290,161310,161560
9623,40,73,184080,186040,185580,185600,185740
9624,40,73,189180,191130,190680,190700,190830
9625,40,73,217590,219750,219090,219110,219450
9626,40,73,227480,229590,228980,229000,229290
9627,40,77,70630,72610,72130,72150,72310
9628,40,77,119110,121240,120610,120630,120940
9629,40,77,121870,123700,123370,123390,123400
9630,40,77,137160,139190,138660,138680,138890
9631,40,77,142590,144700,144090,144110,144400
9632,40,80,72840,74800,74340,74360,74500
9633,40,80,78170,80180,79670,79690,79880
9634,40,80,89850,91910,91350,91380,91610
9635,40,80,93160,95270,94660,94680,94970
9636,40,80,122760,124910,124260,124280,124610
9637,40,80,131230,133350,132730,132750,133050
9638,40,80,170270,172300,171770,171790,172000
9639,40,80,191390,193450,192890,192910,193150
9640,40,80,236300,238270,237800,237820,237970
9641,40,95,39170,41320,40670,40690,41020
9642,40,95,42340,44490,43840,43860,44190
9643,40,95,64250,66110,65750,65770,65810
9644,40,95,79270,81300,80770,80790,81000
9645,40,95,82370,84430,83870,83890,84130
9646,40,95,100400,102570,101900,101920,102270
9647,40,95,104270,106390,105770,105790,106090
9648,40,95,107640,109850,109140,109160,109550
9649,40,95,148100,150230,149600,149620,149930
9650,40,95,150960,152960,152460,152480,152660
9651,40,95,179170,181210,180670,180690,180910
9652,40,95,185850,187940,187350,187370,187640
9653,40,100,29910,31820,31410,31430,31520
9654,40,100,45330,47320,46830,46850,47020
9655,40,106,49620,51560,51120,51140,51260
9656,40,106,90190,92200,91690,91710,91900
9657,40,106,105750,107750,107250,107270,107450
9658,40,106,112750,114900,114250,114270,114600
9659,40,106,119250,121260,120750,120770,120960
9660,40,106,157080,159170,158580,158600,158870
9661,40,106,174110,176240,175610,175630,175940
9662,40,106,179460,181620,180960,180980,181320
9663,40,106,261380,263230,262880,262900,262930
9664,40,127,51810,53810,53310,53330,53510
9665,40,127,52310,54210,53810,53830,53910
9666,40,128,123590,125430,125090,125120,125130
9667,40,131,47240,49090,48740,48760,48790
9668,40,131,54880,56820,56380,56400,56520
9669,40,131,107310,109450,108810,108830,109150
9670,40,131,123210,125150,124710,124730,124850
9671,40,131,154140,156140,155640,155660,155840
9672,40,131,155680,157680,157180,157200,157380
9673,40,131,245560,247560,247060,247080,247260
9674,40,131,248220,250220,249720,249740,249920
9675,40,131,251750,253690,253250,253270,253390
9676,40,136,36600,38600,38100,38120,38300
9677,40,136,73010,75000,74510,74530,74700
9678,40,136,94180,96180,95680,95700,95880
9679,40,136,106400,108480,107900,107920,108180
9680,40,136,173900,175980,175400,175420,175680
9681,40,136,224190,226190,225690,225710,225890
9682,40,139,66120,68120,67620,67640,67820
9683,40,139,103020,105030,104520,104540,104730
9684,40,139,184090,186090,185590,185610,185790
9685,40,139,191080,192960,192580,192610,192660
9686,40,139,198950,200970,200450,200470,200670
9687,40,140,30110,32110,31610,31630,31810
9688,40,140,67140,69110,68640,68660,68810
9689,40,144,250920,252750,252420,252440,252450
9690,40,145,144060,146220,145560,145580,145920
9691,40,145,555420,557380,556920,556940,557080
9692,40,154,88040,90040,89540,89560,89740
9693,40,154,97610,99610,99110,99130,99310
9694,40,154,126630,128460,128130,128150,128160
9695,40,154,131930,133930,133430,133450,133630
9696,40,154,137780,139810,139280,139300,139510
9697,40,154,150380,152380,151880,151900,152080
9698,40,154,162800,164800,164300,164320,164500
9699,40,154,169810,171640,171310,171330,171340
9700,40,154,172110,174120,173610,173630,173820
9701,40,154,182790,184800,184290,184310,184500
9702,40,154,203700,205700,205200,205220,205400
9703,40,154,272560,274560,274060,274080,274260
9704,40,154,305360,307200,306860,306880,306900
9705,40,155,63150,65160,64650,64670,64860
9706,40,155,90790,92670,92290,92310,92370
9707,40,155,94350,96360,95850,95880,96060
9708,40,155,164880,166950,166380,166400,166650
9709,40,155,168820,170670,170320,170340,170370
9710,40,155,235440,237440,236940,236960,237140
9711,40,155,244590,246660,246090,246110,246360
9712,40,155,247260,249260,248760,248780,248960
9713,40,156,92220,94130,93720,93740,93830
9714,40,156,95220,97220,96720,96740,96920
9715,40,165,55120,56950,56620,56640,56650
9716,40,165,58770,60600,60270,60290,60300
9717,40,165,80770,82780,82270,82290,82480
9718,40,166,24470,26300,25970,25990,26000
9719,40,166,26630,28770,28130,28150,28470
9720,40,166,30540,32540,32040,32060,32240
9721,40,166,32760,34710,34260,34280,34410
9722,40,166,57320,59350,58820,58840,59050
9723,40,166,59480,61640,60980,61000,61340
9724,40,166,60460,62410,61960,61980,62110
9725,40,166,61230,63080,62730,62750,62780
9726,40,166,67500,69530,69000,69020,69230
9727,40,166,67530,69800,69030,69490,69500
9728,40,166,68000,69850,69500,69520,69550
9729,40,166,68790,70650,70290,70310,70350
9730,40,166,71420,73420,72920,72940,73120
9731,40,166,80800,82820,82300,82320,82520
9732,40,166,84440,86460,85940,85960,86160
9733,40,166,88340,90340,89840,89860,90040
9734,40,166,91240,93250,92740,92760,92950
9735,40,166,99230,101200,100730,100750,100900
9736,40,166,101020,103040,102520,102540,102740
9737,40,168,93430,95320,94930,94950,95020
9738,40,168,95380,97340,96880,96900,97040
9739,40,168,131420,133420,132920,132940,133120
9740,40,168,135870,137870,137370,137390,137570
9741,40,168,156960,158860,158460,158480,158560
9742,40,168,159500,161350,161000,161020,161050
9743,40,168,252450,254590,253950,253970,254290
9744,40,168,252950,254780,254450,254470,254480
9745,40,168,261750,263580,263250,263270,263280
9746,40,168,299220,301220,300720,300740,300920
9747,40,175,36440,38440,37940,37960,38140
9748,40,175,60060,62100,61560,61580,61800
9749,40,175,76820,78820,78320,78340,78520
9750,40,175,76850,79970,78350,79660,79670
9751,40,175,97460,99470,98960,98980,99170
9752,40,175,101420,103540,102920,102940,103240
9753,40,175,115280,117110,116780,116800,116810
9754,40,175,119280,121130,120780,120800,120830
9755,40,175,120190,122200,121690,121710,121900
9756,40,175,121900,124070,123400,123420,123770
9757,40,175,168030,169890,169530,169550,169590
9758,40,175,171730,173740,173230,173250,173440
9759,40,175,174340,176170,175840,175860,175870
9760,40,175,178570,180710,180070,180090,180410
9761,40,175,183270,185230,184770,184800,184930
9762,40,175,222410,224460,223910,223930,224160
9763,40,175,223730,225760,225230,225250,225460
9764,40,176,126640,128560,128140,128160,128260
9765,40,176,201690,203630,203190,203210,203330
9766,40,176,258820,260820,260320,260340,260520
9767,40,176,262530,264550,264030,264050,264250
9768,40,176,275500,277360,277000,277020,277060
9769,40,176,290110,292120,291610,291630,291820
9770,40,176,341380,343270,342880,342900,342970
9771,40,178,34980,36980,36480,36500,36680
9772,40,178,55850,57840,57350,57370,57540
9773,40,178,57430,59270,58930,58950,58970
9774,40,178,65400,67270,66900,66920,66970
9775,40,178,71180,73100,72680,72700,72800
9776,40,178,77100,79100,78600,78620,78800
9777,40,178,110160,112160,111660,111680,111860
9778,40,178,114300,116340,115800,115820,116040
9779,40,178,115690,117690,117190,117210,117390
9780,40,179,39480,41490,40980,41000,41190
9781,40,179,49500,51350,51000,51020,51050
9782,40,179,71070,73070,72570,72590,72770
9783,40,179,78310,80150,79810,79830,79850
9784,40,179,106980,108980,108480,108500,108680
9785,40,182,48580,50660,50080,50100,50360
9786,40,182,52240,54070,53740,53760,53770
9787,40,182,106550,108690,108050,108070,108390
9788,40,183,45340,47330,46840,46860,47030
9789,40,184,63470,65580,64970,64990,65280
9790,40,184,64040,66040,65540,65560,65740
9791,40,184,66000,67840,67500,67520,67540
9792,40,184,69270,71270,70770,70790,70970
9793,40,184,76810,78690,78310,78330,78390
9794,40,184,77920,79930,79420,79440,79630
9795,40,184,92420,94420,93920,93940,94120
9796,40,184,95340,97340,96840,96860,97040
9797,40,184,96550,98560,98050,98070,98260
9798,40,184,101270,103270,102770,102790,102970
9799,40,184,109580,111420,111080,111100,111120
9800,40,184,115410,117420,116910,116940,117120
9801,40,185,54480,56480,55980,56000,56180
9802,40,185,60300,62180,61800,61820,61880
9803,40,185,63440,65480,64940,64960,65180
9804,40,185,70370,72280,71870,71890,71980
9805,40,185,87640,89550,89140,89160,89250
9806,40,185,118590,120440,120090,120110,120140
9807,40,185,140420,142370,141920,141940,142070
9808,40,186,87450,89570,88950,88970,89270
9809,40,186,88040,89990,89540,89560,89690
9810,40,186,118380,120330,119880,119900,120030
9811,40,186,299330,301190,300830,300850,300890
9812,40,186,303430,305430,304930,304950,305130
9813,40,186,318990,320820,320490,320510,320520
9814,40,186,319950,321870,321450,321470,321570
9815,40,186,323660,325500,325160,325180,325200
9816,40,186,394480,396420,395980,396000,396120
9817,40,186,397730,399740,399230,399250,399440
9818,40,203,65280,67290,66780,66800,66990
9819,40,203,65310,67580,66810,67270,67280
9820,40,203,65780,67630,67280,67300,67330
9821,40,203,88470,90470,89970,89990,90170
9822,40,203,94750,96750,96250,96270,96450
9823,40,203,176490,178490,177990,178010,178190
9824,40,203,184250,186360,185750,185770,186060
9825,40,203,189340,191210,190840,190860,190910
9826,40,206,110700,112750,112200,112220,112450
9827,40,206,125760,127590,127260,127280,127290
9828,40,206,181030,182870,182530,182550,182570
9829,40,206,185530,187400,187030,187050,187100
9830,40,206,218210,220210,219710,219730,219910
9831,40,207,162360,164360,163860,163880,164060
9832,40,207,165380,167410,166880,166900,167110
9833,40,207,167330,169250,168830,168850,168950
9834,40,207,197190,199190,198690,198710,198890
9835,40,207,210110,212210,211610,211630,211910
9836,40,207,228980,231090,230480,230500,230790
9837,40,207,230970,232970,232470,232490,232670
9838,40,208,21850,23990,23350,23370,23690
9839,40,208,43430,45450,44930,44950,45150
9840,40,208,46110,48270,47610,47630,47970
9841,40,208,67780,69780,69280,69300,69480
9842,40,208,77440,79430,78940,78960,79130
9843,40,208,79980,82030,81480,81500,81730
9844,40,208,87090,89100,88590,88610,88800
9845,40,209,102870,104870,104370,104390,104570
9846,40,209,104730,106720,106230,106250,106420
9847,40,209,120810,122830,122310,122330,122530
9848,40,209,131050,132880,132550,132570,132580
9849,40,209,132760,134590,134260,134280,134290
9850,40,209,139520,141650,141020,141040,141350
9851,40,209,146600,148600,148100,148120,148300
9852,40,209,151060,153010,152560,152580,152710
9853,40,209,165180,167010,166680,166700,166710
9854,40,209,166270,168130,167770,167790,167830
9855,40,209,171030,173210,172530,172550,172910
9856,40,211,21720,23550,23220,23240,23250
9857,40,211,64710,66740,66210,66230,66440
9858,40,211,69300,71130,70800,70820,70830
9859,40,214,66190,68140,67690,67710,67840
9860,40,214,71780,73790,73280,73300,73490
9861,40,214,74340,76280,75840,75860,75980
9862,40,214,112830,114830,114330,114350,114530
9863,40,214,114570,116570,116070,116090,116270
9864,40,214,145720,147820,147220,147240,147520
9865,40,214,190420,192330,191920,191940,192030
9866,40,214,190920,192930,192420,192440,192630
9867,40,214,192010,193910,193510,193530,193610
9868,40,214,222610,224640,224110,224130,224340
9869,40,214,236480,238550,237980,238000,238250
9870,40,215,80380,82300,81880,81900,82000
9871,40,215,96870,98990,98370,98390,98690
9872,40,215,106960,108910,108460,108480,108610
9873,40,215,170160,172120,171660,171680,171820
9874,40,215,173960,175880,175460,175490,175580
9875,40,215,178590,180500,180090,180110,180200
9876,40,215,182190,184240,183690,183710,183940
9877,40,215,191190,193130,192690,192710,192830
9878,40,215,210340,212350,211840,211860,212050
9879,40,215,217600,219600,219100,219120,219300
9880,40,215,222050,223990,223550,223570,223690
9881,40,215,225910,227920,227410,227430,227620
9882,40,215,227920,230080,229420,229440,229780
9883,40,215,284310,286270,285810,285830,285970
9884,40,215,306420,308420,307920,307940,308120
9885,40,217,70150,72010,71650,71670,71710
9886,40,217,73980,75980,75480,75500,75680
9887,40,217,74010,81880,75510,81570,81580
9888,40,217,80080,81930,81580,81600,81630
9889,40,217,91740,93750,93240,93260,93450
9890,40,217,114100,116100,115600,115620,115800
9891,40,217,118330,120330,119830,119850,120030
9892,40,217,118360,139940,119860,139630,139640
9893,40,217,138140,140060,139640,139660,139760
9894,40,217,147040,149020,148540,148560,148720
9895,40,217,147590,149590,149090,149110,149290
9896,40,217,155510,157350,157010,157030,157050
9897,40,217,157450,159410,158950,158980,159110
9898,40,220,331630,333630,333130,333150,333330
9899,40,220,338870,340870,340370,340390,340570
9900,40,220,349040,351070,350540,350560,350770
9901,40,220,356570,358520,358070,358090,358220
9902,40,220,376010,377840,377510,377530,377540
9903,40,220,376510,378460,378010,378030,378160
9904,40,220,381240,383140,382740,382760,382840
9905,40,220,381740,383570,383240,383260,383270
9906,40,220,382380,384340,383880,383900,384040
9907,40,221,40760,42620,42260,42280,42320
9908,40,221,73540,75540,75040,75060,75240
9909,40,221,75710,77860,77210,77240,77560
9910,40,221,80240,82250,81740,81760,81950
9911,40,221,82440,84440,83940,83960,84140
9912,40,221,107430,109450,108930,108950,109150
9913,40,221,112760,114760,114260,114280,114460
9914,40,221,119290,121160,120790,120810,120860
9915,40,221,124590,126610,126090,126110,126310
9916,40,221,172530,174400,174030,174050,174100
9917,40,221,180660,182650,182160,182180,182350
9918,40,221,190420,192430,191920,191940,192130
9919,40,221,195690,197750,197190,197210,197450
9920,40,221,225990,228000,227490,227510,227700
9921,40,222,153790,155740,155290,155310,155440
9922,40,222,363790,365790,365290,365310,365490
9923,40,232,189220,191250,190720,190740,190950
9924,40,232,190920,192930,192420,192440,192630
9925,40,232,202520,204530,204020,204040,204230
9926,40,232,214070,216070,215570,215590,215770
9927,40,232,221430,223410,222930,222950,223110
9928,40,232,223180,225190,224680,224700,224890
9929,40,232,236020,238030,237520,237550,237730
9930,40,232,242340,244350,243840,243860,244050
9931,40,232,253840,255840,255340,255360,255540
9932,40,232,255370,257380,256870,256890,257080
9933,40,232,298610,300480,300110,300130,300180
9934,40,232,305840,307830,307340,307360,307530
9935,40,232,307950,309950,309450,309470,309650
9936,40,232,368640,370680,370140,370160,370380
9937,40,233,87730,89740,89230,89250,89440
9938,40,234,88790,90910,90290,90310,90610
9939,40,234,121830,123760,123330,123350,123460
9940,40,234,130830,132830,132330,132350,132530
9941,40,234,198920,201040,200420,200440,200740
9942,40,234,201020,203040,202520,202540,202740
9943,40,234,221650,223490,223150,223170,223190
9944,40,234,261020,262990,262520,262540,262690
9945,40,251,61180,63180,62680,62700,62880
9946,41,3,30660,32660,32160,32180,32360
9947,41,3,31660,33490,33160,33180,33190
9948,41,3,84750,86610,86250,86270,86310
9949,41,3,141800,143710,143300,143320,143410
9950,41,3,143540,145660,145040,145060,145360
9951,41,3,152570,154410,154070,154090,154110
9952,41,3,182500,184500,184000,184020,184200
9953,41,3,182530,213770,184030,213460,213470
9954,41,3,211970,213970,213470,213490,213670
9955,41,3,217020,218870,218520,218540,218570
9956,41,3,240620,242610,242120,242140,242310
9957,41,3,281650,283650,283150,283170,283350
9958,41,3,283590,285600,285090,285110,285300
9959,41,3,350100,352040,351600,351620,351740
9960,41,3,368890,370890,370390,370410,370590
9961,41,3,375690,377520,377190,377210,377220
9962,41,65,243090,245090,244590,244610,244790
9963,41,65,244060,246070,245560,245580,245770
9964,41,65,245010,246870,246510,246530,246570
9965,41,65,374090,376020,375590,375610,375720
9966,41,65,684200,686200,685700,685720,685900
9967,41,65,685250,687260,686750,686780,686960
9968,41,65,707240,709330,708740,708760,709030
9969,41,65,708080,710080,709580,709600,709780
9970,41,65,739880,741860,741380,741400,741560
9971,41,65,770810,772850,772310,772330,772550
9972,41,66,133860,135980,135360,135380,135680
9973,41,67,31160,33020,32660,32680,32720
9974,41,67,351070,353070,352570,352590,352770
9975,41,67,434970,436980,436470,436490,436680
9976,41,67,435770,437770,437270,437290,437470
9977,41,67,465340,467410,466840,466860,467110
9978,41,67,466230,468230,467730,467750,467930
9979,41,67,517150,519000,518650,518670,518700
9980,41,67,517990,520090,519490,519510,519790
9981,41,67,555250,557280,556750,556770,556980
9982,41,67,558400,560370,559900,559920,560070
9983,41,67,559300,561200,560800,560820,560900
9984,41,67,560150,561980,561650,561670,561680
9985,41,67,560180,562450,561680,562140,562150
9986,41,67,560650,562520,562150,562170,562220
9987,41,67,561180,563240,562680,562700,562940
9988,41,67,565290,567160,566790,566810,566860
9989,41,67,574370,576210,575870,575890,575910
9990,41,67,576620,578670,578120,578140,578370
9991,41,67,577210,579050,578710,578730,578750
9992,41,67,590540,592540,592040,592060,592240
9993,41,67,591340,593310,592840,592860,593010
9994,41,67,591370,593640,592870,593330,593340
9995,41,67,591840,593700,593340,593360,593400
9996,41,67,593240,595240,594740,594760,594940
9997,41,67,594560,596560,596060,596080,596260
9998,41,67,643210,645320,644710,644730,645020
9999,41,67,649730,651640,651230,651250,651340
10000,41,67,674560,676410,676060,676080,676110
10001,41,67,676830,678660,678330,678350,678360
10002,41,67,677710,679640,679210,679230,679340
10003,41,67,677740,685830,679240,685520,685530
10004,41,72,9330,11340,10830,10850,11040
10005,41,72,9360,36220,10860,35910,35920
10006,41,72,34420,36470,35920,35940,36170
10007,41,72,35690,37520,37190,37210,37220
10008,41,72,35720,43230,37220,42920,42930
10009,41,72,41430,43430,42930,42950,43130
10010,41,72,42570,44580,44070,44090,44280
10011,41,72,150990,153060,152490,152510,152760
10012,41,72,152270,154270,153770,153790,153970
10013,41,72,217190,219190,218690,218710,218890
10014,41,72,322680,324510,324180,324200,324210
10015,41,72,323530,325610,325030,325050,325310
10016,41,72,403520,405380,405020,405040,405080
10017,41,72,404520,406380,406020,406040,406080
10018,41,72,445900,447900,447400,447420,447600
10019,41,198,264150,266010,265650,265670,265710
10020,41,198,397020,399020,398520,398540,398720
10021,41,198,397940,400010,399440,399470,399710
10022,41,198,601590,603660,603090,603110,603360
10023,41,198,775640,777640,777140,777160,777340
10024,41,198,779930,781940,781430,781450,781640
10025,41,202,81550,83560,83050,83070,83260
10026,41,202,168890,170870,170390,170410,170570
10027,41,202,694940,696860,696440,696460,696560
10028,41,202,891020,892900,892520,892540,892600
10029,41,202,916100,918100,917600,917620,917800
10030,41,246,76000,77940,77500,77520,77640
10031,41,246,202750,204750,204250,204270,204450
10032,41,246,205740,207740,207240,207260,207440
10033,41,246,294130,296130,295630,295650,295830
10034,41,246,327530,329540,329030,329050,329240
10035,41,246,337560,339560,339060,339080,339260
10036,41,246,338720,340770,340220,340240,340470
10037,41,246,339410,341500,340910,340930,341200
10038,41,246,341080,343060,342580,342600,342760
10039,42,11,28740,30750,30240,30260,30450
10040,42,14,60520,62630,62020,62040,62330
10041,42,14,65090,67090,66590,66610,66790
10042,42,17,30530,32550,32030,32050,32250
10043,42,17,37250,39190,38750,38770,38890
10044,42,23,13730,15590,15230,15250,15290
10045,42,23,37350,39380,38850,38870,39080
10046,42,23,41260,43130,42760,42780,42830
10047,42,23,59190,61040,60690,60710,60740
10048,42,23,63280,65170,64780,64800,64870
10049,42,23,99660,101660,101160,101180,101360
10050,42,23,106560,108560,108060,108080,108260
10051,42,23,107100,108930,108600,108620,108630
10052,42,23,138940,140950,140440,140460,140650
10053,42,25,33480,35480,34980,35000,35180
10054,42,25,39070,41070,40570,40590,40770
10055,42,25,40680,42560,42180,42200,42260
10056,42,25,112080,113970,113580,113600,113670
10057,42,27,56220,58350,57720,57740,58050
10058,42,27,62120,64120,63620,63640,63820
10059,42,27,78430,80430,79930,79950,80130
10060,42,27,82950,84800,84450,84470,84500
10061,42,38,98540,100550,100040,100060,100250
10062,42,39,51150,53080,52650,52670,52780
10063,42,40,64590,66670,66090,66110,66370
10064,42,41,38410,40410,39910,39930,40110
10065,42,41,71150,73150,72650,72670,72850
10066,42,41,72010,74010,73510,73530,73710
10067,42,43,68100,70000,69600,69620,69700
10068,42,43,76880,78850,78380,78400,78550
10069,42,43,78410,80410,79910,79930,80110
10070,42,43,88400,90250,89900,89930,89950
10071,42,43,90350,92390,91850,91870,92090
10072,42,43,92170,94020,93670,93690,93720
10073,42,43,102240,104190,103740,103760,103890
10074,42,43,103160,105160,104660,104680,104860
10075,42,43,117030,119030,118530,118550,118730
10076,42,43,152550,154550,154050,154070,154250
10077,42,43,152580,160030,154080,159720,159730
10078,42,43,158230,160230,159730,159750,159930
10079,42,43,176050,178050,177550,177570,177750
10080,42,43,177190,179160,178690,178710,178860
10081,42,43,184830,186660,186330,186350,186360
10082,42,43,199820,201820,201320,201340,201520
10083,42,43,222570,224570,224070,224090,224270
10084,42,43,228560,230470,230060,230080,230170
10085,42,43,232880,234720,234380,234400,234420
10086,42,43,242780,244740,244280,244300,244440
10087,42,43,268710,270650,270210,270230,270350
10088,42,43,290790,292790,292290,292310,292490
10089,42,43,295720,297690,297220,297240,297390
10090,42,45,17880,19880,19380,19400,19580
10091,42,45,22130,24080,23630,23650,23780
10092,42,45,30640,32500,32140,32160,32200
10093,42,45,52070,53960,53570,53590,53660
10094,42,45,89940,91830,91440,91460,91530
10095,42,45,128110,129990,129610,129630,129690
10096,42,45,132410,134520,133910,133930,134220
10097,42,45,148040,150040,149540,149560,149740
10098,42,45,154820,156830,156320,156340,156530
10099,42,45,198140,200150,199640,199660,199850
10100,42,45,199460,201350,200960,200980,201050
10101,42,45,240590,242520,242090,242110,242220
10102,42,45,256750,258760,258250,258280,258460
10103,42,54,60700,62700,62200,62220,62400
10104,42,54,73260,75300,74760,74780,75000
10105,42,54,77750,79760,79250,79270,79460
10106,42,54,109420,111420,110920,110940,111120
10107,42,54,126290,128290,127790,127810,127990
10108,42,54,133670,135680,135170,135190,135380
10109,42,54,135500,137510,137000,137020,137210
10110,42,54,138540,140540,140040,140060,140240
10111,42,54,140960,142960,142460,142480,142660
10112,42,54,159400,161230,160900,160920,160930
10113,42,54,198990,200960,200490,200510,200660
10114,42,54,208290,210290,209790,209810,209990
10115,42,54,241390,243320,242890,242910,243020
10116,42,54,244480,246310,245980,246000,246010
10117,42,54,247090,249100,248590,248620,248800
10118,42,54,274580,276480,276080,276100,276180
10119,42,54,278540,280420,280040,280060,280120
10120,42,54,282220,284230,283720,283740,283930
10121,42,54,296520,298530,298020,298040,298230
10122,42,54,303670,305680,305170,305190,305380
10123,42,54,328400,330320,329900,329920,330020
10124,42,54,355830,357890,357330,357350,357590
10125,42,54,379480,381480,380980,381000,381180
10126,42,54,382410,384280,383910,383930,383980
10127,42,54,389770,391770,391270,391290,391470
10128,42,54,393040,394870,394540,394560,394570
10129,42,55,30070,32070,31570,31590,31770
10130,42,55,45530,47530,47030,47050,47230
10131,42,55,58260,60260,59760,59780,59960
10132,42,55,82490,84610,83990,84010,84310
10133,42,55,86650,88510,88150,88170,88210
10134,42,60,42410,44420,43910,43940,44120
10135,42,60,47070,49070,48570,48590,48770
10136,42,60,57150,59160,58650,58670,58860
10137,42,60,89910,91910,91410,91430,91610
10138,42,60,93650,95570,95150,95170,95270
10139,42,60,97890,99770,99390,99410,99470
10140,42,60,102580,104580,104080,104100,104280
10141,42,60,106340,108350,107840,107860,108050
10142,42,60,109230,111330,110730,110750,111030
10143,42,60,117740,119740,119240,119260,119440
10144,42,60,131400,133400,132900,132920,133100
10145,42,60,171270,173230,172770,172790,172930
10146,42,60,196010,197900,197510,197530,197600
10147,42,60,199050,201030,200550,200570,200730
10148,42,60,208610,210440,210110,210130,210140
10149,42,60,211020,213020,212520,212540,212720
10150,42,60,249960,251820,251460,251480,251520
10151,42,60,256750,258600,258250,258270,258300
10152,42,60,261880,263880,263380,263400,263580
10153,42,60,264680,266640,266180,266200,266340
10154,42,60,273650,275530,275150,275170,275230
10155,42,60,275340,277340,276840,276860,277040
10156,42,61,29200,31110,30700,30730,30810
10157,42,61,54500,56390,56000,56020,56090
10158,42,61,61680,63690,63180,63200,63390
10159,42,61,109710,111560,111210,111230,111260
10160,42,61,118220,120130,119720,119740,119830
10161,42,61,128330,130290,129830,129850,129990
10162,42,61,135080,136960,136580,136600,136660
10163,42,61,140990,142820,142490,142510,142520
10164,42,61,142030,144030,143530,143550,143730
10165,42,64,36500,38540,38000,38020,38240
10166,42,64,48880,50880,50380,50400,50580
10167,42,66,50020,52020,51520,51540,51720
10168,42,66,51550,53560,53050,53070,53260
10169,42,66,52840,54850,54340,54360,54550
10170,42,66,68260,70270,69760,69780,69970
10171,42,73,70560,72570,72060,72090,72270
10172,42,79,83860,85710,85360,85380,85410
10173,42,80,56500,58340,58000,58020,58040
10174,42,102,55550,57560,57050,57070,57260
10175,42,102,77090,79060,78590,78610,78760
10176,42,102,84620,86620,86120,86140,86320
10177,42,102,86700,88790,88200,88220,88490
10178,42,102,92690,94690,94190,94210,94390
10179,42,102,108320,110320,109820,109840,110020
10180,42,102,116330,118250,117830,117850,117950
10181,42,102,136410,138410,137910,137930,138110
10182,42,102,138050,140050,139550,139570,139750
10183,42,102,141470,143320,142970,142990,143020
10184,42,102,148930,150950,150430,150450,150650
10185,42,102,156150,158150,157650,157670,157850
10186,42,102,163780,165860,165280,165300,165560
10187,42,102,169970,171920,171470,171490,171620
10188,42,102,200860,202870,202360,202380,202570
10189,42,102,210330,212320,211830,211850,212020
10190,42,102,211500,213550,213000,213020,213250
10191,42,102,236820,238820,238320,238340,238520
10192,42,102,238870,240980,240370,240390,240680
10193,42,102,320650,322750,322150,322170,322450
10194,42,102,359630,361630,361130,361150,361330
10195,42,102,368080,370160,369580,369600,369860
10196,42,102,372040,373920,373540,373560,373620
10197,42,102,392640,394770,394140,394160,394470
10198,42,102,395410,397400,396910,396930,397100
10199,42,102,400480,402690,401980,402000,402390
10200,42,102,410960,412950,412460,412480,412650
10201,42,102,415630,417630,417130,417150,417330
10202,42,102,447940,450060,449440,449460,449760
10203,42,102,456100,458110,457600,457620,457810
10204,42,102,470710,472710,472210,472230,472410
10205,42,102,479710,481830,481210,481230,481530
10206,42,102,494220,496310,495720,495740,496010
10207,42,102,495600,497610,497100,497120,497310
10208,42,102,498990,500940,500490,500510,500640
10209,42,102,500330,502460,501830,501850,502160
10210,42,102,533460,535460,534960,534980,535160
10211,42,102,539020,541130,540520,540540,540830
10212,42,102,550110,552100,551610,551630,551800
10213,42,102,565430,567430,566930,566950,567130
10214,42,102,570020,571960,571520,571540,571660
10215,42,102,591060,593120,592560,592580,592820
10216,42,102,610870,612870,612370,612390,612570
10217,42,103,8880,10770,10380,10400,10470
10218,42,103,19510,21510,21010,21030,21210
10219,42,103,21960,23810,23460,23480,23510
10220,42,103,26960,28960,28460,28480,28660
10221,42,103,41400,43400,42900,42920,43100
10222,42,103,60220,62310,61720,61740,62010
10223,42,103,62500,64510,64000,64020,64210
10224,42,103,69440,71450,70940,70960,71150
10225,42,103,78680,80670,80180,80200,80370
10226,42,103,81630,83570,83130,83150,83270
10227,42,103,99570,101530,101070,101090,101230
10228,42,103,137230,139070,138730,138750,138770
10229,42,103,137260,142420,138760,142110,142120
10230,42,103,140620,142460,142120,142140,142160
10231,42,103,162460,164360,163960,163980,164060
10232,42,103,171930,173910,173430,173450,173610
10233,42,103,175540,177540,177040,177060,177240
10234,42,103,274870,276940,276370,276390,276640
10235,42,103,289430,291440,290930,290950,291140
10236,42,103,297950,299810,299450,299470,299510
10237,42,103,311130,313140,312630,312650,312840
10238,42,103,313080,315080,314580,314600,314780
10239,42,103,322500,324640,324000,324020,324340
10240,42,103,325750,327750,327250,327270,327450
10241,42,103,338410,340410,339910,339930,340110
10242,42,103,377510,379630,379010,379030,379330
10243,42,103,385270,387390,386770,386790,387090
10244,42,103,388110,390110,389610,389630,389810
10245,42,103,395800,397690,397300,397320,397390
10246,42,103,398190,400190,399690,399710,399890
10247,42,103,411490,413500,412990,413010,413200
10248,42,103,434290,436150,435790,435810,435850
10249,42,103,443800,445920,445300,445320,445620
10250,42,103,446360,448420,447860,447880,448120
10251,42,103,517230,519060,518730,518750,518760
10252,42,103,548170,550270,549670,549690,549970
10253,42,103,565150,567160,566650,566670,566860
10254,42,103,623160,625160,624660,624680,624860
10255,42,103,630710,632840,632210,632230,632540
10256,42,103,645870,647700,647370,647390,647400
10257,42,103,657210,659170,658710,658730,658870
10258,42,103,659040,660880,660540,660560,660580
10259,42,103,661630,663560,663130,663150,663260
10260,42,103,662230,664060,663730,663750,663760
10261,42,103,663130,665090,664630,664650,664790
10262,42,103,709270,711100,710770,710790,710800
10263,42,106,21570,23660,23070,23090,23360
10264,42,106,37910,39920,39410,39430,39620
10265,42,106,61430,63370,62930,62950,63070
10266,42,106,86080,88110,87580,87600,87810
10267,42,106,91910,93910,93410,93430,93610
10268,42,106,107550,109530,109050,109070,109230
10269,42,106,109810,111820,111310,111340,111520
10270,42,106,116730,118740,118230,118260,118440
10271,42,107,22810,24640,24310,24330,24340
10272,42,107,26910,28810,28410,28430,28510
10273,42,107,35640,37650,37140,37160,37350
10274,42,107,36840,38760,38340,38360,38460
10275,42,107,45220,47220,46720,46740,46920
10276,42,107,85830,87930,87330,87350,87630
10277,42,107,127000,129000,128500,128520,128700
10278,42,107,130410,132380,131910,131930,132080
10279,42,107,161960,163960,163460,163480,163660
10280,42,107,161990,243480,163490,243170,243180
10281,42,107,241680,243580,243180,243200,243280
10282,42,107,254930,256760,256430,256450,256460
10283,42,107,276210,278320,277710,277730,278020
10284,42,107,278940,280920,280440,280460,280620
10285,42,107,416930,418760,418430,418450,418460
10286,42,107,419050,421050,420550,420570,420750
10287,42,107,429170,431190,430670,430690,430890
10288,42,107,535700,537530,537200,537220,537230
10289,42,107,543320,545320,544820,544840,545020
10290,42,107,549990,551830,551490,551510,551530
10291,42,107,550020,554510,551520,554200,554210
10292,42,107,552710,554650,554210,554230,554350
10293,42,107,554090,556270,555590,555610,555970
10294,42,107,568190,570160,569690,569710,569860
10295,42,107,571310,573310,572810,572830,573010
10296,42,107,576090,578100,577590,577610,577800
10297,42,107,615410,617530,616910,616930,617230
10298,42,107,671280,673130,672780,672800,672830
10299,42,107,679830,681690,681330,681350,681390
10300,42,107,682190,684300,683690,683710,684000
10301,42,107,689650,691620,691150,691170,691320
10302,42,107,699190,701190,700690,700710,700890
10303,42,107,699220,711430,700720,711120,711130
10304,42,107,709630,711580,711130,711150,711280
10305,42,107,712010,714010,713510,713530,713710
10306,42,107,724380,726360,725880,725900,726060
10307,42,107,733780,735820,735280,735300,735520
10308,42,107,734800,736800,736300,736320,736500
10309,42,107,735830,737910,737330,737350,737610
10310,42,107,738080,740060,739580,739600,739760
10311,42,107,763820,765670,765320,765340,765370
10312,42,107,773060,775060,774560,774580,774760
10313,42,107,778110,780120,779610,779630,779820
10314,42,107,784460,786460,785960,785980,786160
10315,42,107,799240,801160,800740,800760,800860
10316,42,107,826090,827920,827590,827610,827620
10317,42,107,852280,854280,853780,853800,853980
10318,42,107,858250,860100,859750,859770,859800
10319,42,107,874010,876010,875510,875530,875710
10320,42,107,880480,882480,881980,882000,882180
10321,42,107,885190,887020,886690,886710,886720
10322,42,108,33520,35630,35020,35040,35330
10323,42,108,35250,37240,36750,36770,36940
10324,42,108,41510,43640,43010,43030,43340
10325,42,108,59820,61770,61320,61340,61470
10326,42,108,78820,80820,80320,80340,80520
10327,42,108,123200,125250,124700,124720,124950
10328,42,108,127160,129160,128660,128680,128860
10329,42,108,131780,133780,133280,133300,133480
10330,42,108,161460,163580,162960,162980,163280
10331,42,108,161490,204620,162990,204310,204320
10332,42,108,202820,204880,204320,204340,204580
10333,42,108,215160,217210,216660,216680,216910
10334,42,108,340890,343020,342390,342410,342720
10335,42,108,345130,347130,346630,346650,346830
10336,42,108,346610,348560,348110,348130,348260
10337,42,108,351040,353040,352540,352560,352740
10338,42,108,374740,376660,376240,376260,376360
10339,42,108,375980,377880,377480,377500,377580
10340,42,108,378200,380160,379700,379720,379860
10341,42,108,386020,388020,387520,387540,387720
10342,42,108,391450,393420,392950,392970,393120
10343,42,108,397790,399790,399290,399310,399490
10344,42,108,402800,404780,404300,404320,404480
10345,42,108,407160,409170,408660,408680,408870
10346,42,108,411330,413320,412830,412850,413020
10347,42,108,427070,429000,428570,428590,428700
10348,42,108,437720,439650,439220,439240,439350
10349,42,108,440570,442480,442070,442090,442180
10350,42,108,462640,464640,464140,464160,464340
10351,42,108,468230,470150,469730,469750,469850
10352,42,108,473310,475300,474810,474830,475000
10353,42,108,526920,528920,528420,528440,528620
10354,42,110,59320,61320,60820,60840,61020
10355,42,114,50350,52350,51850,51870,52050
10356,42,116,39300,41400,40800,40820,41100
10357,42,116,57900,59950,59400,59420,59650
10358,42,116,67990,70050,69490,69510,69750
10359,42,116,68020,70290,69520,69980,69990
10360,42,116,68490,70430,69990,70010,70130
10361,42,116,69890,71890,71390,71410,71590
10362,42,116,70410,72360,71910,71930,72060
10363,42,116,77420,79500,78920,78940,79200
10364,42,116,83010,85000,84510,84530,84700
10365,42,116,84060,86060,85560,85580,85760
10366,42,126,50850,52970,52350,52370,52670
10367,42,128,60520,62500,62020,62040,62200
10368,42,129,29230,31230,30730,30750,30930
10369,42,139,41560,43570,43060,43080,43270
10370,42,139,48800,50810,50300,50320,50510
10371,42,148,59060,61000,60560,60580,60700
10372,42,149,42760,44760,44260,44280,44460
10373,42,151,56050,58270,57550,57570,57970
10374,42,151,61360,63450,62860,62880,63150
10375,43,1,136850,138700,138350,138370,138400
10376,43,1,232790,234680,234290,234310,234380
10377,43,1,257780,259810,259280,259300,259510
10378,43,1,257810,260080,259310,259770,259780
10379,43,1,258280,260130,259780,259800,259830
10380,43,1,260360,262190,261860,261880,261890
10381,43,1,271200,273200,272700,272720,272900
10382,43,1,309770,311770,311270,311290,311470
10383,43,1,323200,325180,324700,324720,324880
10384,43,1,330690,332700,332190,332210,332400
10385,43,1,344600,346450,346100,346120,346150
10386,43,3,35420,37440,36920,36940,37140
10387,43,3,36230,38260,37730,37760,37960
10388,43,3,188280,190130,189780,189800,189830
10389,43,3,188810,190810,190310,190330,190510
10390,43,6,19090,21100,20590,20620,20800
10391,43,8,50610,52610,52110,52130,52310
10392,43,15,33220,35350,34720,34740,35050
10393,43,15,38070,39930,39570,39590,39630
10394,43,20,95880,97950,97380,97400,97650
10395,43,20,99770,101780,101270,101300,101480
10396,43,20,139220,141130,140720,140750,140830
10397,43,20,236890,238740,238390,238410,238440
10398,43,20,238880,240890,240380,240400,240590
10399,43,20,238910,290790,240410,290480,290490
10400,43,20,288990,290870,290490,290510,290570
10401,43,20,431370,433360,432870,432890,433060
10402,43,20,481240,483240,482740,482760,482940
10403,43,24,72100,74100,73600,73620,73800
10404,43,25,26260,28380,27760,27780,28080
10405,43,27,61150,63120,62650,62670,62820
10406,43,27,83980,85980,85480,85500,85680
10407,43,32,66570,68420,68070,68090,68120
10408,43,32,70690,72650,72190,72210,72350
10409,43,34,39180,41210,40680,40700,40910
10410,43,34,39970,42040,41470,41490,41740
10411,43,36,41640,43640,43140,43160,43340
10412,43,36,47950,49880,49450,49470,49580
10413,43,41,32660,34660,34160,34180,34360
10414,43,41,66480,68390,67980,68000,68090
10415,43,41,67690,69630,69190,69210,69330
10416,43,41,90030,92000,91530,91550,91700
10417,43,44,26220,28190,27720,27740,27890
10418,43,44,38740,40770,40240,40260,40470
10419,43,44,75680,77570,77180,77200,77270
10420,43,44,78220,80170,79720,79740,79870
10421,43,44,93180,95150,94680,94700,94850
10422,43,44,99480,101480,100980,101000,101180
10423,43,44,100410,102410,101910,101930,102110
10424,43,47,48970,50870,50470,50490,50570
10425,43,47,52970,54820,54470,54490,54520
10426,43,53,40700,42680,42200,42220,42380
10427,43,57,25040,26870,26540,26560,26570
10428,43,57,29170,31140,30670,30690,30840
10429,43,57,31210,33220,32710,32730,32920
10430,43,72,28370,30380,29870,29890,30080
10431,43,73,49320,51160,50820,50840,50860
10432,43,84,62160,64160,63660,63680,63860
10433,43,84,94890,96780,96390,96410,96480
10434,43,84,96610,98550,98110,98130,98250
10435,43,84,103840,106020,105340,105360,105720
10436,43,84,105730,107730,107230,107250,107430
10437,43,84,159970,162420,161470,161490,162120
10438,43,84,250790,252750,252290,252310,252450
10439,43,88,107070,109080,108570,108590,108780
10440,43,88,112330,114330,113830,113850,114030
10441,43,88,126620,128520,128120,128140,128220
10442,43,88,132850,134850,134350,134370,134550
10443,43,88,144300,146240,145800,145820,145940
10444,43,88,150850,152780,152350,152370,152480
10445,43,88,171080,173090,172580,172600,172790
10446,43,89,52160,54060,53660,53680,53760
10447,43,89,68910,70820,70410,70430,70520
10448,43,113,21580,23410,23080,23100,23110
10449,43,117,33150,35270,34650,34670,34970
10450,43,117,33860,35860,35360,35380,35560
10451,43,117,59850,61850,61350,61370,61550
10452,43,117,69020,71030,70520,70540,70730
10453,43,118,50560,52510,52060,52080,52210
10454,43,118,51660,53660,53160,53180,53360
10455,43,118,52220,54230,53720,53740,53930
10456,43,118,54650,56770,56150,56170,56470
10457,43,119,63140,64980,64640,64660,64680
10458,43,119,64250,66090,65750,65770,65790
10459,43,124,36200,38200,37700,37720,37900
10460,43,137,36010,37970,37510,37530,37670
10461,43,138,82160,84160,83660,83680,83860
10462,43,138,115590,117490,117090,117110,117190
10463,43,138,133500,135330,135000,135020,135030
10464,43,138,134240,136350,135740,135760,136050
10465,43,139,48650,50820,50150,50170,50520
10466,43,139,69950,71960,71450,71470,71660
10467,43,148,81170,83300,82670,82700,83000
10468,43,148,137180,139180,138680,138700,138880
10469,43,148,155640,157640,157140,157160,157340
10470,43,148,191530,193530,193030,193050,193230
10471,43,148,203740,205750,205240,205260,205450
10472,43,148,206170,208270,207670,207690,207970
10473,43,148,214080,215980,215580,215600,215680
10474,43,148,225260,227270,226760,226780,226970
10475,43,148,266560,268460,268060,268090,268160
10476,43,148,315430,317320,316930,316950,317020
10477,43,148,351320,353200,352820,352840,352900
10478,43,148,417070,418900,418570,418590,418600
10479,43,148,452870,454880,454370,454390,454580
10480,43,148,473150,475010,474650,474670,474710
10481,43,148,502930,504830,504430,504460,504530
10482,43,148,505850,507680,507350,507370,507380
10483,43,148,523830,525800,525330,525350,525500
10484,43,148,536290,538160,537790,537810,537860
10485,43,148,592050,593980,593550,593570,593680
10486,43,149,22460,24300,23960,23980,24000
10487,43,149,74890,76770,76390,76410,76470
10488,43,160,57560,59390,59060,59080,59090
10489,43,162,20180,22190,21680,21700,21890
10490,43,162,20210,22790,21710,22480,22490
10491,43,162,20990,23000,22490,22510,22700
10492,43,162,21550,23530,23050,23070,23230
10493,43,162,22050,24000,23550,23570,23700
10494,43,162,22920,25040,24420,24440,24740
10495,43,162,22950,25220,24450,24910,24920
10496,43,162,23420,25410,24920,24940,25110
10497,43,162,27070,28960,28570,28590,28660
10498,43,169,17950,19950,19450,19470,19650
10499,43,169,56390,58330,57890,57910,58030
10500,43,169,60760,62770,62260,62280,62470
10501,43,173,30680,32600,32180,32200,32300
10502,43,175,31050,32930,32550,32580,32630
10503,43,179,89830,91690,91330,91350,91390
10504,43,182,194860,196820,196360,196380,196520
10505,43,189,32330,34340,33830,33850,34040
10506,43,189,45200,47200,46700,46720,46900
10507,43,190,82840,84720,84340,84360,84420
10508,43,190,82870,85150,84370,84840,84850
10509,43,190,83350,85350,84850,84870,85050
10510,43,193,108210,110260,109710,109730,109960
10511,43,193,123700,125540,125200,125220,125240
10512,43,195,23240,25250,24740,24760,24950
10513,43,195,31340,33300,32840,32860,33000
10514,43,201,7590,9600,9090,9110,9300
10515,43,201,8740,10660,10240,10260,10360
10516,43,201,29700,31650,31200,31220,31350
10517,43,202,29110,30990,30610,30630,30690
10518,43,208,56800,58660,58300,58320,58360
10519,43,208,59080,60930,60580,60600,60630
10520,43,208,59800,61700,61300,61320,61400
10521,43,208,79120,80990,80620,80640,80690
10522,43,212,33150,35010,34650,34670,34710
10523,43,212,83130,84980,84630,84650,84680
10524,43,212,114420,116460,115920,115940,116160
10525,43,214,25260,27280,26760,26780,26980
10526,43,214,45290,47290,46790,46810,46990
10527,43,214,45850,47850,47350,47370,47550
10528,43,214,47060,49170,48560,48580,48870
10529,43,214,50550,52440,52050,52070,52140
10530,43,214,65370,67340,66870,66890,67040
10531,43,214,227220,229230,228720,228740,228930
10532,43,221,35440,37540,36940,36960,37240
10533,43,221,94420,96430,95920,95950,96130
10534,43,221,116170,118170,117670,117690,117870
10535,43,221,134180,136190,135680,135700,135890
10536,43,223,27250,29240,28750,28770,28940
10537,43,223,34040,36070,35540,35570,35770
10538,43,223,34480,36310,35980,36000,36010
10539,43,223,78160,80060,79660,79680,79760
10540,43,224,139240,141300,140740,140770,141000
10541,43,224,161480,163460,162980,163000,163160
10542,43,225,32760,34760,34260,34280,34460
10543,43,225,120310,122310,121810,121830,122010
10544,43,226,20480,22490,21980,22010,22190
10545,43,229,37970,40070,39470,39490,39770
10546,43,229,50710,52720,52210,52230,52420
10547,43,229,58260,60270,59760,59780,59970
10548,43,229,59520,61380,61020,61040,61080
10549,43,229,78710,80810,80210,80230,80510
10550,43,229,131490,133380,132990,133010,133080
10551,43,229,182430,184430,183930,183950,184130
10552,44,1,36290,38300,37790,37810,38000
10553,44,1,36320,48870,37820,48560,48570
10554,44,1,47070,48950,48570,48590,48650
10555,44,1,47570,49430,49070,49090,49130
10556,44,137,106410,108410,107910,107930,108110
10557,44,137,113450,115300,114950,114970,115000
10558,44,240,38830,40840,40330,40350,40540
10559,44,240,39330,41240,40830,40850,40940
10560,44,265,98620,100480,100120,100140,100180
10561,44,265,98650,100920,100150,100610,100620
10562,44,265,99120,101040,100620,100640,100740
10563,44,265,103210,105060,104710,104730,104760
10564,44,286,19800,21820,21300,21320,21520
10565,44,286,22590,24450,24090,24110,24150
10566,44,286,118280,120220,119780,119800,119920
10567,44,286,125030,127040,126530,126550,126740
10568,44,286,132280,134150,133780,133800,133850
10569,44,286,138110,140100,139610,139630,139800
10570,44,286,140910,142810,142410,142430,142510
10571,44,286,238710,240820,240210,240230,240520
10572,44,286,242680,244690,244180,244200,244390
10573,44,286,243990,246040,245490,245510,245740
10574,44,287,153280,155290,154780,154800,154990
10575,44,287,153310,208820,154810,208510,208520
10576,44,287,207020,208970,208520,208540,208670
10577,44,287,211700,213700,213200,213220,213400
10578,44,287,269170,271150,270670,270690,270850
10579,44,287,272310,274320,273810,273830,274020
10580,44,287,281910,283920,283410,283430,283620
10581,44,287,283310,285390,284810,284830,285090
10582,44,332,230130,232040,231630,231650,231740
10583,44,332,238330,240460,239830,239850,240160
10584,44,332,263000,264890,264500,264520,264590
10585,44,332,285320,287330,286820,286840,287030
10586,44,332,289280,291280,290780,290800,290980
10587,44,332,295750,297640,297250,297270,297340
10588,44,332,377710,379710,379210,379230,379410
10589,44,332,378690,380520,380190,380210,380220
10590,44,332,532480,534480,533980,534000,534180
10591,44,332,539430,541430,540930,540950,541130
10592,44,332,541780,543910,543280,543300,543610
10593,44,332,560850,562850,562350,562370,562550
10594,44,332,563060,565070,564560,564580,564770
10595,44,332,577340,579470,578840,578870,579170
10596,44,332,654460,656460,655960,655980,656160
10597,44,332,734040,735870,735540,735560,735570
10598,44,332,734590,736590,736090,736110,736290
10599,44,332,777110,779060,778610,778630,778760
10600,44,332,789530,791390,791030,791050,791090
10601,44,340,49550,51550,51050,51070,51250
10602,44,340,62420,64420,63920,63940,64120
10603,44,340,143490,145470,144990,145010,145170
10604,44,340,186270,188160,187770,187790,187860
10605,44,340,205330,207330,206830,206850,207030
10606,44,340,220880,222960,222380,222400,222660
10607,44,341,38810,40810,40310,40330,40510
10608,44,341,238360,240240,239860,239880,239940
10609,44,341,240360,242450,241860,241880,242150
10610,44,341,260910,262780,262410,262430,262480
10611,44,341,269480,271490,270980,271000,271190
10612,44,341,292900,294750,294400,294420,294450
10613,45,1,62340,64350,63840,63870,64050
10614,45,1,95120,97120,96620,96640,96820
10615,45,5,24150,26150,25650,25670,25850
10616,45,6,64690,66650,66190,66210,66350
10617,45,13,28380,30280,29880,29910,29980
10618,45,13,33370,35300,34870,34890,35000
10619,45,17,34270,36270,35770,35790,35970
10620,45,17,36860,38790,38360,38380,38490
10621,45,17,40700,42700,42200,42220,42400
10622,45,18,57750,59740,59250,59270,59440
10623,45,19,243710,245650,245210,245230,245350
10624,45,20,46190,48190,47690,47710,47890
10625,45,20,47100,49100,48600,48620,48800
10626,45,25,130060,132070,131560,131580,131770
10627,45,25,133530,135360,135030,135050,135060
10628,45,32,39220,41220,40720,40740,40920
10629,45,32,41350,43190,42850,42870,42890
10630,45,32,60040,62170,61540,61570,61870
10631,45,32,60980,63050,62480,62500,62750
10632,45,32,86950,88950,88450,88470,88650
10633,45,32,88920,90920,90420,90440,90620
10634,45,32,93130,95130,94630,94650,94830
10635,45,32,101800,103810,103300,103320,103510
10636,45,32,103620,105630,105120,105140,105330
10637,45,32,116070,118090,117570,117590,117790
10638,45,32,119940,121940,121440,121460,121640
10639,45,32,132440,134440,133940,133960,134140
10640,45,32,134840,136670,136340,136360,136370
10641,45,32,137920,139930,139420,139440,139630
10642,45,32,166380,168210,167880,167900,167910
10643,45,32,171030,172970,172530,172550,172670
10644,45,32,181920,183940,183420,183440,183640
10645,45,32,185590,187590,187090,187110,187290
10646,45,32,193240,195120,194740,194760,194820
10647,45,32,196300,198130,197800,197820,197830
10648,45,32,227510,229340,229010,229030,229040
10649,45,32,231320,233150,232820,232840,232850
10650,45,34,48920,50920,50420,50440,50620
10651,45,34,58110,60110,59610,59630,59810
10652,45,34,179600,181600,181100,181120,181300
10653,45,34,187000,189000,188500,188520,188700
10654,45,34,188090,190090,189590,189610,189790
10655,45,34,239880,241970,241380,241400,241670
10656,45,34,256290,258300,257790,257820,258000
10657,45,34,286470,288470,287970,287990,288170
10658,45,34,288290,290260,289790,289810,289960
10659,45,34,299950,301960,301450,301470,301660
10660,45,34,313910,315880,315410,315430,315580
10661,45,36,48840,50840,50340,50360,50540
10662,45,36,62730,64720,64230,64250,64420
10663,45,36,64260,66270,65760,65780,65970
10664,45,40,59820,61820,61320,61340,61520
10665,45,40,81970,83970,83470,83490,83670
10666,45,40,82580,84650,84080,84100,84350
10667,45,40,86030,88030,87530,87550,87730
10668,45,42,46450,48460,47950,47970,48160
10669,45,44,45930,47930,47430,47450,47630
10670,45,45,72620,74620,74120,74140,74320
10671,45,48,114660,116660,116160,116180,116360
10672,45,51,47030,49030,48530,48550,48730
10673,45,51,61150,63150,62650,62670,62850
10674,45,51,65780,67780,67280,67300,67480
10675,45,51,70030,71970,71530,71550,71670
10676,45,53,100300,102320,101800,101820,102020
10677,45,53,126410,128420,127910,127930,128120
10678,45,56,24340,26340,25840,25860,26040
10679,45,57,87350,89210,88850,88870,88910
10680,45,59,19020,21020,20520,20540,20720
10681,45,60,52220,54230,53720,53740,53930
10682,45,60,64200,66210,65700,65720,65910
10683,45,60,70490,72450,71990,72010,72150
10684,45,65,58360,60300,59860,59880,60000
10685,45,70,53430,55440,54930,54950,55140
10686,45,74,86360,88320,87860,87880,88020
10687,45,74,89140,91140,90640,90660,90840
10688,45,74,91570,93530,93070,93090,93230
10689,45,80,72800,74910,74300,74310,74610
10690,45,80,99410,101330,100910,100930,101030
10691,45,80,101670,103800,103170,103190,103500
10692,45,80,104280,106280,105780,105800,105980
10693,45,80,105260,107310,106760,106780,107010
10694,45,80,114310,116200,115810,115830,115900
10695,45,80,116020,117960,117520,117540,117660
10696,45,80,120430,122380,121930,121950,122080
10697,45,80,122030,124160,123530,123550,123860
10698,45,80,145240,147230,146740,146770,146930
10699,45,80,161170,163220,162670,162700,162920
10700,45,80,165300,167280,166800,166820,166980
10701,45,81,25700,27530,27200,27220,27230
10702,45,81,45620,47620,47120,47140,47320
10703,45,81,48990,50820,50490,50510,50520
10704,45,81,83010,85010,84510,84530,84710
10705,45,81,88100,90110,89600,89620,89810
10706,45,81,89060,90910,90560,90580,90610
10707,45,81,92680,94690,94180,94200,94390
10708,45,81,125230,127240,126730,126750,126940
10709,45,81,150540,152540,152040,152060,152240
10710,45,81,193150,195090,194650,194670,194790
10711,45,81,216310,218310,217810,217830,218010
10712,45,81,222610,224610,224110,224130,224310
10713,45,81,237850,239780,239350,239370,239480
10714,45,81,246830,248830,248330,248350,248530
10715,45,81,252080,254040,253580,253600,253740
10716,45,82,19590,21600,21090,21110,21300
10717,45,85,61550,63470,63050,63070,63170
10718,45,85,63390,65360,64890,64910,65060
10719,45,89,102200,104210,103700,103730,103910
10720,45,93,76400,78240,77900,77920,77940
10721,45,93,80470,82480,81970,82000,82180
10722,45,93,81900,83870,83400,83420,83570
10723,45,93,84810,86750,86310,86330,86450
10724,45,96,23450,25420,24950,24970,25120
10725,45,96,44480,46480,45980,46000,46180
10726,45,97,44290,46170,45790,45810,45870
10727,45,99,41010,43110,42510,42530,42810
10728,45,105,47480,49490,48980,49000,49190
10729,45,115,60460,62410,61960,61980,62110
10730,45,117,126850,128850,128350,128370,128550
10731,45,117,136230,138330,137730,137750,138030
10732,45,117,174760,176690,176260,176280,176390
10733,45,117,195520,197510,197020,197040,197210
10734,45,117,196590,198640,198090,198110,198340
10735,45,117,237290,239440,238790,238810,239140
10736,45,117,291380,293210,292880,292900,292910
10737,45,117,294070,296000,295570,295590,295700
10738,46,12,313710,315770,315210,315230,315470
10739,46,12,327920,329750,329420,329440,329450
10740,46,12,330630,332460,332130,332150,332160
10741,46,12,336450,338380,337950,337970,338080
10742,46,12,350730,352740,352230,352250,352440
10743,46,12,375060,377020,376560,376580,376720
10744,46,12,376930,378870,378430,378450,378570
10745,46,12,389020,391020,390520,390540,390720
10746,46,12,390830,392790,392330,392350,392490
10747,46,12,422010,424040,423510,423530,423740
10748,46,12,429220,431070,430720,430740,430770
10749,46,12,450900,452760,452400,452420,452460
10750,46,12,459900,461870,461400,461420,461570
10751,46,12,462260,464260,463760,463780,463960
10752,46,12,506060,508030,507560,507580,507730
10753,46,12,508900,510900,510400,510420,510600
10754,46,12,514560,516620,516060,516080,516320
10755,46,12,540580,542580,542080,542100,542280
10756,46,12,552280,554280,553780,553800,553980
10757,46,12,555570,557570,557070,557090,557270
10758,46,12,568290,570240,569790,569810,569940
10759,46,12,571100,573100,572600,572620,572800
10760,46,12,583750,585630,585250,585270,585330
10761,46,12,586140,588150,587640,587660,587850
10762,46,12,588560,590480,590060,590080,590180
10763,46,12,594180,596190,595680,595700,595890
10764,46,12,612540,614440,614040,614060,614140
10765,46,12,618850,620740,620350,620370,620440
10766,46,12,632270,634270,633770,633790,633970
10767,46,13,8120,10120,9620,9640,9820
10768,46,13,11460,13460,12960,12980,13160
10769,46,13,18330,20190,19830,19850,19890
10770,46,13,24340,26370,25840,25860,26070
10771,46,13,25250,27250,26750,26770,26950
10772,46,13,29820,31820,31320,31340,31520
10773,46,13,33300,35140,34800,34820,34840
10774,46,13,54140,56140,55640,55670,55840
10775,46,13,64400,66400,65900,65920,66100
10776,46,13,66910,68920,68410,68430,68620
10777,46,13,77240,79210,78740,78760,78910
10778,46,13,82180,84090,83680,83700,83790
10779,46,13,85060,86960,86560,86580,86660
10780,46,13,99110,101110,100610,100630,100810
10781,46,13,101360,103280,102860,102880,102980
10782,46,13,106940,108950,108440,108460,108650
10783,46,13,115060,117030,116560,116580,116730
10784,46,13,130150,131980,131650,131670,131680
10785,46,13,139590,141720,141090,141110,141420
10786,46,13,146610,148540,148110,148130,148240
10787,46,13,155410,157400,156910,156930,157100
10788,46,13,158120,160120,159620,159640,159820
10789,46,13,174310,176280,175810,175830,175980
10790,46,13,181010,183140,182510,182530,182840
10791,46,13,189550,191470,191050,191070,191170
10792,46,13,197260,199220,198760,198780,198920
10793,46,13,201740,203780,203240,203260,203480
10794,46,13,211660,213630,213160,213180,213330
10795,46,13,220740,222660,222240,222260,222360
10796,46,13,224520,226530,226020,226050,226230
10797,46,13,287630,289670,289130,289150,289370
10798,46,13,296320,298330,297820,297840,298030
10799,46,13,298670,300630,300170,300190,300330
10800,46,13,329250,331090,330750,330770,330790
10801,46,13,359980,361980,361480,361500,361680
10802,46,13,361820,363820,363320,363340,363520
10803,46,13,373740,375660,375240,375270,375360
10804,46,13,374930,376810,376430,376450,376510
10805,46,13,384210,386150,385710,385730,385850
10806,46,13,425250,427320,426750,426770,427020
10807,46,13,427070,429020,428570,428590,428720
10808,46,13,431050,433160,432550,432570,432860
10809,46,13,434690,436690,436190,436210,436390
10810,46,13,442050,444140,443550,443570,443840
10811,46,13,444800,446910,446300,446320,446610
10812,46,13,449380,451220,450880,450900,450920
10813,46,13,452780,454780,454280,454300,454480
10814,46,13,462440,464580,463940,463960,464280
10815,46,13,472960,474960,474460,474480,474660
10816,46,13,481470,483480,482970,482990,483180
10817,46,13,519820,521900,521320,521340,521600
10818,46,13,527010,529020,528510,528530,528720
10819,46,13,530270,532400,531770,531790,532100
10820,46,13,531710,533710,533210,533230,533410
10821,46,13,548200,550220,549700,549720,549920
10822,46,13,557970,560100,559470,559490,559800
10823,46,13,637560,639560,639060,639080,639260
10824,46,13,648350,650330,649850,649870,650030
10825,46,13,671940,673940,673440,673460,673640
10826,46,13,693050,695010,694550,694570,694710
10827,46,13,724880,726710,726380,726400,726410
10828,46,13,744730,746730,746230,746250,746430
10829,46,13,747320,749320,748820,748840,749020
10830,46,13,784370,786230,785870,785890,785930
10831,46,30,251410,253410,252910,252930,253110
10832,46,30,411180,413260,412680,412700,412960
10833,46,30,458130,459960,459630,459650,459660
10834,46,30,519600,521600,521100,521120,521300
10835,46,30,532540,534540,534040,534060,534240
10836,46,30,569540,571540,571040,571060,571240
10837,46,30,588420,590550,589920,589940,590250
10838,46,30,592900,595030,594400,594420,594730
10839,46,30,610220,612350,611720,611740,612050
10840,46,30,610250,638610,611750,638300,638310
10841,46,30,636810,638640,638310,638330,638340
10842,46,30,655890,657890,657390,657410,657590
10843,46,30,664940,666940,666440,666460,666640
10844,46,30,720730,722670,722230,722250,722370
10845,46,30,773460,775430,774960,774980,775130
10846,46,30,773490,778140,774990,777830,777840
10847,46,30,776340,778340,777840,777860,778040
10848,46,31,20210,22210,21710,21730,21910
10849,46,31,64850,66750,66350,66370,66450
10850,46,31,67340,69490,68840,68860,69190
10851,46,31,71460,73380,72960,72980,73080
10852,46,31,74220,76050,75720,75740,75750
10853,46,31,74250,81630,75750,81320,81330
10854,46,31,79830,81850,81330,81350,81550
10855,46,31,82370,84370,83870,83890,84070
10856,46,31,84460,86580,85960,85980,86280
10857,46,31,99430,101450,100930,100950,101150
10858,46,31,110210,112160,111710,111730,111860
10859,46,31,114890,116740,116390,116410,116440
10860,46,31,166880,168830,168380,168410,168530
10861,46,31,172340,174340,173840,173860,174040
10862,46,31,183330,185270,184830,184850,184970
10863,46,31,192520,194520,194020,194040,194220
10864,46,31,247290,249250,248790,248810,248950
10865,46,31,263700,265650,265200,265220,265350
10866,46,31,285930,287900,287430,287450,287600
10867,46,31,310930,312930,312430,312450,312630
10868,46,31,315610,317470,317110,317130,317170
10869,46,31,322570,324530,324070,324090,324230
10870,46,31,333040,335040,334540,334560,334740
10871,46,31,356960,358960,358460,358480,358660
10872,46,31,367160,369160,368660,368680,368860
10873,46,31,372590,374630,374090,374110,374330
10874,46,31,374750,376890,376250,376270,376590
10875,46,31,376780,378690,378280,378300,378390
10876,46,31,386440,388450,387940,387960,388150
10877,46,31,393430,395370,394930,394950,395070
10878,46,31,400410,402520,401910,401930,402220
10879,46,31,408130,410230,409630,409650,409930
10880,46,31,423210,425140,424710,424730,424840
10881,46,31,429010,430840,430510,430530,430540
10882,46,31,439790,441800,441290,441310,441500
10883,46,31,447680,449720,449180,449200,449420
10884,46,31,448620,450630,450120,450140,450330
10885,46,31,461580,463500,463080,463100,463200
10886,46,31,503870,505880,505370,505390,505580
10887,46,31,548460,550400,549960,549980,550100
10888,46,31,564520,566520,566020,566040,566220
10889,46,31,565880,567860,567380,567400,567560
10890,46,31,615780,617830,617280,617300,617530
10891,46,31,659550,661550,661050,661070,661250
10892,46,31,661880,663790,663380,663400,663490
10893,46,31,665820,667880,667320,667340,667580
10894,46,42,32300,34300,33800,33820,34000
10895,46,42,40700,42530,42200,42220,42230
10896,46,42,48080,50090,49580,49600,49790
10897,46,42,84770,86680,86270,86290,86380
10898,46,42,89450,91390,90950,90970,91090
10899,46,42,96260,98260,97760,97780,97960
10900,46,42,97950,99950,99450,99470,99650
10901,46,42,140850,142800,142350,142370,142500
10902,46,42,178010,180010,179510,179530,179710
10903,46,42,189930,191940,191430,191450,191640
10904,46,42,190520,192480,192020,192040,192180
10905,46,44,85450,87320,86950,86970,87020
10906,46,44,108310,110320,109810,109830,110020
10907,46,44,160100,162100,161600,161620,161800
10908,46,44,224580,226520,226080,226100,226220
10909,46,44,233880,235780,235380,235400,235480
10910,46,44,234690,236690,236190,236210,236390
10911,46,57,124210,126220,125710,125730,125920
10912,46,57,126980,128940,128480,128500,128640
10913,46,57,135050,136960,136550,136570,136660
10914,46,57,139490,141540,140990,141010,141240
10915,47,1,56600,58440,58100,58120,58140
10916,47,1,79650,81750,81150,81170,81450
10917,47,1,117280,119380,118780,118800,119080
10918,47,1,154560,156510,156060,156080,156210
10919,47,1,155900,157930,157400,157420,157630
10920,47,1,167120,169230,168620,168640,168930
10921,47,1,186930,189140,188430,188450,188840
10922,47,1,280690,282550,282190,282210,282250
10923,47,1,281880,284100,283380,283400,283800
10924,47,15,28330,30510,29830,29850,30210
10925,47,15,29160,31260,30660,30680,30960
10926,47,15,34000,35930,35500,35520,35630
10927,47,79,233330,235430,234830,234850,235130
10928,47,79,236550,238430,238050,238070,238130
10929,47,79,288600,290430,290100,290120,290130
10930,47,79,291040,293010,292540,292560,292710
10931,47,79,324840,326740,326340,326360,326440
10932,47,79,329440,331380,330940,330960,331080
10933,47,79,398200,400030,399700,399720,399730
10934,47,79,398230,405200,399730,404890,404900
10935,47,79,403400,405610,404900,404920,405310
10936,47,79,437600,439760,439100,439120,439460
10937,47,79,444020,446110,445520,445540,445810
10938,47,79,518250,520360,519750,519770,520060
10939,47,79,518280,526190,519780,525880,525890
10940,47,79,524390,526320,525890,525910,526020
10941,47,79,536040,538190,537540,537560,537890
10942,47,79,540370,542360,541870,541890,542060
10943,47,79,540400,550360,541900,550050,550060
10944,47,79,548560,550580,550060,550080,550280
10945,47,79,548590,561160,550090,560850,560860
10946,47,79,559360,561420,560860,560880,561120
10947,47,79,578570,580720,580070,580090,580420
10948,47,79,578600,587400,580100,587090,587100
10949,47,79,585600,587640,587100,587120,587340
10950,47,79,609670,611770,611170,611190,611470
10951,47,79,615400,617370,616900,616920,617070
10952,47,81,25020,27030,26520,26540,26730
10953,47,81,27890,30030,29390,29410,29730
10954,47,81,31280,33310,32780,32800,33010
10955,47,81,33770,35620,35270,35290,35320
10956,47,81,35880,37940,37380,37400,37640
10957,47,81,43680,49440,45180,49130,49140
10958,47,81,47640,49800,49140,49160,49500
10959,47,81,57060,59120,58560,58580,58820
10960,47,81,57090,61390,58590,61080,61090
10961,47,81,59590,61650,61090,61110,61350
10962,47,81,63930,65940,65430,65450,65640
10963,47,81,66320,68320,67820,67840,68020
10964,47,81,72210,74350,73710,73730,74050
10965,47,81,72240,76130,73740,75820,75830
10966,47,81,74330,76360,75830,75850,76060
10967,47,81,87930,89930,89430,89450,89630
10968,47,81,90210,92180,91710,91730,91880
10969,47,81,113350,115350,114850,114870,115050
10970,47,81,144970,147040,146470,146490,146740
10971,47,81,148240,150070,149740,149760,149770
10972,47,81,173480,175440,174980,175000,175140
10973,47,81,178360,180400,179860,179880,180100
10974,47,81,192100,194080,193600,193620,193780
10975,47,81,219320,221370,220820,220840,221070
10976,47,81,219350,228100,220850,227790,227800
10977,47,81,226300,228300,227800,227820,228000
10978,47,81,237540,239370,239040,239060,239070
10979,47,81,240540,242540,242040,242060,242240
10980,47,81,276320,278370,277820,277840,278070
10981,47,81,279380,281430,280880,280900,281130
10982,47,81,290310,292450,291810,291830,292150
10983,47,81,294940,297010,296440,296460,296710
10984,47,81,298830,300950,300330,300350,300650
10985,47,81,300110,302040,301610,301640,301740
10986,47,81,313850,315910,315350,315370,315610
10987,47,81,330400,332470,331900,331920,332170
10988,47,82,73020,74950,74520,74540,74650
10989,47,82,102480,104460,103980,104000,104160
10990,47,82,114420,116350,115920,115940,116050
10991,47,82,140070,142190,141570,141590,141890
10992,47,82,142840,145020,144340,144360,144720
10993,47,82,146300,148320,147800,147820,148020
10994,47,82,167450,169520,168950,168970,169220
10995,47,82,184120,186200,185620,185640,185900
10996,47,82,184150,196770,185650,196460,196470
10997,47,82,194970,197020,196470,196490,196720
10998,47,82,214030,216000,215530,215550,215700
10999,47,82,222130,224100,223630,223650,223800
11000,47,82,256960,259040,258460,258480,258740
11001,47,82,266080,268230,267580,267600,267930
11002,47,82,320310,322320,321810,321830,322020
11003,47,82,328150,330170,329650,329670,329870
11004,47,82,334870,336930,336370,336390,336630
11005,47,82,336430,338380,337930,337950,338080
11006,47,82,413950,415780,415450,415470,415480
11007,47,82,417040,418970,418540,418560,418670
11008,47,82,419780,421840,421280,421300,421540
11009,47,82,421490,423530,422990,423010,423230
11010,47,82,430710,432810,432210,432230,432510
11011,47,82,434200,436170,435700,435720,435870
11012,47,82,446330,448410,447830,447850,448110
11013,47,82,448100,450080,449600,449620,449780
11014,47,82,467220,469440,468720,468740,469140
11015,47,82,471500,473340,473000,473020,473040
11016,47,82,503390,505520,504890,504910,505220
11017,47,82,506310,508270,507810,507830,507970
11018,47,82,517520,519600,519020,519040,519300
11019,47,82,522590,524420,524090,524110,524120
11020,47,82,534770,536690,536270,536290,536390
11021,47,82,534800,538770,536300,538460,538470
11022,47,82,536970,538970,538470,538490,538670
11023,47,82,542280,544390,543780,543800,544090
11024,47,82,547300,549200,548800,548820,548900
11025,47,82,550460,552410,551960,551980,552110
11026,47,82,599850,601770,601350,601370,601470
11027,47,83,42730,44830,44230,44250,44530
11028,47,83,45520,47630,47020,47040,47330
11029,47,83,88320,90430,89820,89840,90130
11030,47,83,107240,109180,108740,108760,108880
11031,47,83,137850,139960,139350,139370,139660
11032,47,83,149860,151920,151360,151380,151620
11033,47,83,156680,158690,158180,158200,158390
11034,47,83,186140,188340,187640,187660,188040
11035,47,83,192050,194210,193550,193570,193910
11036,47,83,209660,211490,211160,211180,211190
11037,47,83,216800,218730,218300,218320,218430
11038,47,83,240830,242760,242330,242350,242460
11039,47,83,240860,246160,242360,245850,245860
11040,47,83,244360,246280,245860,245880,245980
11041,47,83,292250,294170,293750,293770,293870
11042,47,83,293850,295850,295350,295370,295550
11043,47,83,323150,325340,324650,324670,325040
11044,47,83,325570,327690,327070,327090,327390
11045,47,83,330360,332470,331860,331880,332170
11046,47,83,341710,343860,343210,343230,343560
11047,47,83,368420,370430,369920,369940,370130
11048,47,83,396630,398860,398130,398160,398560
11049,47,83,462480,464560,463980,464000,464260
11050,47,83,462510,465910,464010,465600,465610
11051,47,83,464110,466290,465610,465630,465990
11052,47,83,468510,470620,470010,470030,470320
11053,47,83,468540,472750,470040,472440,472450
11054,47,83,470950,473060,472450,472470,472760
11055,47,83,474110,476220,475610,475630,475920
11056,47,83,476050,478280,477550,477570,477980
11057,47,83,536840,538830,538340,538360,538530
11058,47,83,578750,580640,580250,580270,580340
11059,47,83,596620,598490,598120,598140,598190
11060,47,83,609260,611250,610760,610780,610950
11061,47,83,609290,622790,610790,622480,622490
11062,47,83,620990,622940,622490,622510,622640
11063,47,83,621020,627470,622520,627160,627170
11064,47,83,625670,627600,627170,627190,627300
11065,47,83,627620,629620,629120,629140,629320
11066,47,83,627650,635190,629150,634880,634890
11067,47,83,633390,635300,634890,634910,635000
11068,47,83,643520,645590,645020,645040,645290
11069,47,83,649680,651510,651180,651200,651210
11070,47,83,656790,658840,658290,658310,658540
11071,47,83,656820,663130,658320,662820,662830
11072,47,83,661330,663270,662830,662850,662970
11073,47,83,665400,667220,666900,666910,666920
11074,47,83,672040,673940,673540,673560,673640
11075,47,83,675410,677500,676910,676930,677200
11076,47,83,677600,679600,679100,679120,679300
11077,47,83,681360,683230,682860,682880,682930
11078,47,83,686570,688600,688070,688090,688300
11079,47,94,33990,36040,35490,35510,35740
11080,47,94,34020,42260,35520,41950,41960
11081,47,94,40460,42460,41960,41980,42160
11082,47,94,99450,101660,100950,100970,101360
11083,47,94,99480,113170,100980,112860,112870
11084,47,94,111370,113410,112870,112890,113110
11085,47,95,51140,53130,52640,52660,52830
11086,47,95,62850,64820,64350,64370,64520
11087,47,95,101400,103540,102900,102920,103240
11088,47,95,302190,304460,303690,303710,304160
11089,47,95,305530,307450,307030,307050,307150
11090,47,95,330480,332490,331980,332000,332190
11091,47,95,332870,335080,334370,334390,334780
11092,47,95,353890,355990,355390,355410,355690
11093,47,95,360560,362770,362060,362080,362470
11094,47,95,375270,377380,376770,376790,377080
11095,47,95,377230,379230,378730,378750,378930
11096,47,95,529840,531800,531340,531360,531500
11097,47,98,72460,74410,73960,73980,74110
11098,47,98,74290,76300,75790,75810,76000
11099,47,98,145650,147680,147150,147170,147380
11100,47,98,147600,149490,149100,149120,149190
11101,47,98,156710,158770,158210,158230,158470
11102,47,98,163280,165500,164780,164800,165200
11103,47,98,165710,167810,167210,167230,167510
11104,47,98,165740,183210,167240,182900,182910
11105,47,98,181410,183620,182910,182930,183320
11106,47,98,186370,188430,187870,187890,188130
11107,47,98,192130,194160,193630,193650,193860
11108,47,98,194800,196740,196300,196320,196440
11109,47,98,196990,199190,198490,198510,198890
11110,47,98,205040,206950,206540,206560,206650
11111,47,98,219680,221610,221180,221200,221310
11112,47,98,225400,227350,226900,226920,227050
11113,47,100,19010,21050,20510,20530,20750
11114,47,100,22980,24810,24480,24500,24510
11115,47,100,37480,39430,38980,39000,39130
11116,47,100,73670,75740,75170,75190,75440
11117,47,100,80580,82580,82080,82100,82280
11118,47,100,87180,89280,88680,88700,88980
11119,47,100,106320,108460,107820,107840,108160
11120,47,100,117260,119620,118760,118780,119320
11121,47,100,155550,157390,157050,157070,157090
11122,47,100,155580,182700,157080,182390,182400
11123,47,100,180900,183240,182400,182430,182940
11124,47,100,185580,187680,187080,187100,187380
11125,47,100,189880,192030,191380,191400,191730
11126,47,100,198330,200470,199830,199850,200170
11127,47,100,198360,213190,199860,212880,212890
11128,47,100,255310,257140,256810,256830,256840
11129,47,100,502410,504450,503910,503930,504150
11130,47,100,519810,521930,521310,521330,521630
11131,47,100,579950,581870,581450,581470,581570
11132,47,100,587210,589320,588710,588730,589020
11133,47,100,599190,601220,600690,600710,600920
11134,47,100,602830,604890,604330,604350,604590
11135,47,100,617050,619150,618550,618570,618850
11136,47,100,627530,629740,629030,629050,629440
11137,47,100,634570,636790,636070,636090,636490
11138,47,100,639890,642090,641390,641410,641790
11139,47,100,657940,660050,659440,659460,659750
11140,47,100,670530,672640,672030,672050,672340
11141,47,101,8420,10530,9920,9940,10230
11142,47,101,16470,18680,17970,17990,18380
11143,47,101,30650,32820,32150,32170,32520
11144,47,101,35740,37850,37240,37260,37550
11145,47,101,73550,75630,75050,75070,75330
11146,47,101,73580,77200,75080,76890,76900
11147,47,101,75400,77500,76900,76920,77200
11148,47,101,98330,100170,99830,99850,99870
11149,47,101,173670,175870,175170,175190,175570
11150,47,101,197560,199630,199060,199080,199330
11151,47,101,205540,207720,207040,207060,207420
11152,47,101,216690,218720,218190,218210,218420
11153,47,101,229930,232060,231430,231450,231760
11154,47,101,246540,248640,248040,248060,248340
11155,47,101,258360,260590,259860,259880,260290
11156,47,101,282110,284240,283610,283630,283940
11157,47,101,366650,368800,368150,368170,368500
11158,47,101,376880,379050,378380,378400,378750
11159,47,101,385400,387490,386900,386920,387190
11160,47,101,395110,397130,396610,396630,396830
11161,47,101,442900,444860,444400,444420,444560
11162,47,101,445750,447600,447250,447270,447300
11163,47,101,506280,508480,507780,507800,508180
11164,47,101,557590,559600,559090,559110,559300
11165,47,101,560510,562690,562010,562030,562390
11166,47,101,564190,566300,565690,565710,566000
11167,47,101,569720,571820,571220,571240,571520
11168,47,101,579520,581690,581020,581040,581390
11169,47,101,582850,585050,584350,584370,584750
11170,47,101,583920,585980,585420,585440,585680
11171,47,101,585240,587830,586740,586760,587530
11172,47,101,627800,629760,629300,629320,629460
11173,47,101,630300,632210,631800,631820,631910
11174,47,147,67870,69890,69370,69390,69590
11175,47,149,30520,32650,32020,32040,32350
11176,47,149,31940,33890,33440,33460,33590
11177,47,174,38840,40810,40340,40360,40510
11178,47,174,45380,47210,46880,46900,46910
11179,47,174,47490,49600,48990,49010,49300
11180,47,174,74470,76350,75970,75990,76050
11181,47,174,76600,78500,78100,78120,78200
11182,47,174,84060,86170,85560,85580,85870
11183,47,174,90110,91950,91610,91630,91650
11184,47,174,95050,96880,96550,96570,96580
11185,47,174,98980,100980,100480,100500,100680
11186,47,174,133810,135770,135310,135330,135470
11187,47,174,136170,138170,137670,137690,137870
11188,47,174,143600,145690,145100,145120,145390
11189,47,174,145310,147230,146810,146830,146930
11190,47,174,156800,158640,158300,158330,158340
11191,47,174,161000,162880,162500,162520,162580
11192,47,174,168710,170710,170210,170230,170410
11193,47,174,170040,171920,171540,171560,171620
11194,47,174,185580,187500,187080,187100,187200
11195,47,174,196020,198000,197520,197540,197700
11196,47,174,198320,200210,199820,199840,199910
11197,47,174,202050,204170,203550,203570,203870
11198,47,174,207530,209410,209030,209050,209110
11199,47,174,265620,267650,267120,267140,267350
11200,47,174,272570,274780,274070,274090,274480
11201,47,174,275710,277670,277210,277230,277370
11202,47,174,283350,285300,284850,284870,285000
11203,47,174,286840,288800,288340,288360,288500
11204,47,174,298930,300760,300430,300450,300460
11205,47,174,302150,304120,303650,303670,303820
11206,47,174,321960,324120,323460,323480,323820
11207,47,174,325320,327310,326820,326840,327010
11208,47,174,327410,329360,328910,328930,329060
11209,47,174,330680,332610,332180,332200,332310
11210,47,174,353340,355430,354840,354860,355130
11211,47,174,355270,357430,356770,356790,357130
11212,47,174,390650,392580,392150,392170,392280
11213,47,174,394150,396090,395650,395670,395790
11214,47,179,69610,71670,71110,71130,71370
11215,47,179,86030,88000,87530,87550,87700
11216,47,179,88700,90780,90200,90220,90480
11217,47,179,170960,172810,172460,172480,172510
11218,47,179,173080,175180,174580,174600,174880
11219,47,179,223740,225630,225240,225260,225330
11220,47,179,267990,270110,269490,269510,269810
11221,47,179,276740,278670,278240,278260,278370
11222,47,179,279840,282050,281340,281360,281750
11223,47,179,286170,288090,287670,287690,287790
11224,47,179,293150,294980,294650,294670,294680
11225,47,179,294650,296760,296150,296170,296460
11226,47,179,323040,325130,324540,324560,324830
11227,47,179,324770,326650,326270,326290,326350
11228,47,179,354030,355870,355530,355550,355570
11229,47,179,357530,359620,359030,359050,359320
11230,47,179,359850,361780,361350,361370,361480
11231,47,179,402560,404410,404060,404080,404110
11232,47,179,405740,407670,407240,407260,407370
11233,47,180,14930,16890,16430,16450,16590
11234,47,180,98580,100620,100080,100100,100320
11235,47,180,102020,103930,103520,103540,103630
11236,47,180,103610,105660,105110,105130,105360
11237,47,180,134430,136430,135930,135960,136130
11238,47,180,141710,143780,143210,143230,143480
11239,47,180,145210,147060,146710,146730,146760
11240,47,180,149310,151280,150810,150830,150980
11241,47,180,155520,157480,157020,157040,157180
11242,47,180,160740,162610,162240,162260,162310
11243,47,180,164410,166310,165910,165930,166010
11244,47,180,167640,169520,169140,169160,169220
11245,47,180,182620,184530,184120,184140,184230
11246,47,180,196460,198340,197960,197980,198040
11247,47,180,198800,200880,200300,200320,200580
11248,47,180,204170,206060,205670,205690,205760
11249,47,180,224770,226720,226270,226290,226420
11250,47,180,228110,229990,229610,229630,229690
11251,47,180,233300,235250,234800,234820,234950
11252,47,180,236620,238830,238120,238140,238530
11253,47,180,239240,241310,240740,240760,241010
11254,47,180,241070,242960,242570,242590,242660
11255,47,180,285460,287420,286960,286980,287120
11256,47,186,48680,50600,50180,50200,50300
11257,47,238,37830,39870,39330,39350,39570
11258,47,238,40260,42210,41760,41780,41910
11259,47,254,63710,65700,65210,65230,65400
11260,47,254,71390,73420,72890,72910,73120
11261,47,254,85240,87260,86740,86760,86960
11262,47,254,198070,200090,199570,199590,199790
11263,47,254,238380,240380,239880,239900,240080
11264,47,254,238950,240840,240450,240470,240540
11265,47,254,263430,265540,264930,264950,265240
11266,47,254,268570,270490,270070,270090,270190
11267,47,254,384280,386450,385780,385800,386150
11268,47,255,40540,42530,42040,42060,42230
11269,47,255,56110,58090,57610,57630,57790
11270,47,255,57520,59590,59020,59040,59290
11271,47,255,63150,64980,64650,64670,64680
11272,47,255,66020,68270,67520,67540,67970
11273,47,255,72300,74240,73800,73820,73940
11274,47,255,95330,97360,96830,96850,97060
11275,47,255,118940,121100,120440,120460,120800
11276,47,255,139840,141930,141340,141360,141630
11277,47,255,139870,153230,141370,152920,152930
11278,47,255,151430,153350,152930,152950,153050
11279,47,255,156980,159020,158480,158500,158720
11280,47,255,158170,160110,159670,159690,159810
11281,47,255,161200,163470,162700,162720,163170
11282,47,255,163610,165500,165110,165130,165200
11283,47,255,175160,177200,176660,176680,176900
11284,47,255,181200,183120,182700,182720,182820
11285,47,255,196100,198130,197600,197620,197830
11286,47,255,255940,257980,257440,257460,257680
11287,47,255,261690,263550,263190,263210,263250
11288,47,255,314700,316810,316200,316220,316510
11289,47,255,318580,320440,320080,320100,320140
11290,47,255,334380,336480,335880,335900,336180
11291,47,255,339080,341060,340580,340600,340760
11292,47,255,340440,342420,341940,341960,342120
11293,47,255,349210,351260,350710,350730,350960
11294,47,255,369420,371490,370920,370940,371190
11295,47,255,395540,397640,397040,397060,397340
11296,47,255,397150,399130,398650,398670,398830
11297,47,291,111970,113910,113470,113490,113610
11298,47,291,113960,115920,115460,115480,115620
11299,47,291,220580,222660,222080,222100,222360
11300,47,291,222030,224140,223530,223550,223840
11301,47,291,402000,404030,403500,403520,403730
11302,47,291,417570,419660,419070,419090,419360
11303,48,1,60770,62890,62270,62290,62590
11304,48,1,68810,70810,70310,70330,70510
11305,48,1,72700,74700,74200,74220,74400
11306,48,1,74210,76160,75710,75730,75860
11307,48,1,115630,117570,117130,117150,117270
11308,48,1,129160,131160,130660,130680,130860
11309,48,53,41450,43410,42950,42970,43110
11310,48,53,43880,45880,45380,45400,45580
11311,48,53,52490,54430,53990,54010,54130
11312,48,101,46420,48380,47920,47940,48080
11313,48,101,62050,64060,63550,63570,63760
11314,48,102,39980,41950,41480,41500,41650
11315,48,102,87040,88980,88540,88560,88680
11316,48,102,111480,113480,112980,113000,113180
11317,48,105,95560,97530,97060,97080,97230
11318,48,105,97790,99670,99290,99310,99370
11319,48,105,145620,147550,147120,147140,147250
11320,48,105,148760,150760,150260,150280,150460
11321,48,105,150230,152150,151730,151750,151850
11322,48,105,154410,156370,155910,155930,156070
11323,48,105,162120,164120,163620,163640,163820
11324,48,105,168710,170710,170210,170230,170410
11325,48,105,180400,182410,181900,181920,182110
11326,48,105,180430,182700,181930,182390,182400
11327,48,105,180900,182960,182400,182420,182660
11328,48,105,199080,200920,200580,200600,200620
11329,48,105,202190,204020,203690,203710,203720
11330,48,105,273060,275060,274560,274580,274760
11331,48,105,318810,320740,320310,320330,320440
11332,48,105,329020,331020,330520,330540,330720
11333,48,105,335400,337410,336900,336930,337110
11334,48,105,356250,358210,357750,357770,357910
11335,48,105,370060,372010,371560,371580,371710
11336,48,105,406760,408760,408260,408280,408460
11337,48,105,420120,422050,421620,421640,421750
11338,48,106,6900,8860,8400,8420,8560
11339,48,106,12590,14630,14090,14110,14330
11340,48,106,16450,18450,17950,17970,18150
11341,48,106,37210,39210,38710,38730,38910
11342,48,106,43970,46050,45470,45490,45750
11343,48,106,49440,51550,50940,50960,51250
11344,48,106,68090,70040,69590,69610,69740
11345,48,106,71000,73000,72500,72520,72700
11346,48,106,101160,103160,102660,102680,102860
11347,48,106,105940,107920,107440,107460,107620
11348,48,106,110210,112210,111710,111730,111910
11349,48,106,116340,118250,117840,117860,117950
11350,48,106,136290,138290,137790,137810,137990
11351,48,106,138130,140130,139630,139650,139830
11352,48,106,167360,169350,168860,168880,169050
11353,48,106,182890,184890,184390,184410,184590
11354,48,106,187490,189520,188990,189010,189220
11355,48,106,263160,265160,264660,264680,264860
11356,48,106,289480,291440,290980,291000,291140
11357,48,106,294280,296280,295780,295800,295980
11358,48,106,297160,299090,298660,298680,298790
11359,48,106,303440,305390,304940,304960,305090
11360,48,106,317590,319500,319090,319110,319200
11361,48,106,318800,320780,320300,320320,320480
11362,48,106,342380,344340,343880,343900,344040
11363,48,110,89890,91720,91390,91410,91420
11364,48,110,91930,93770,93430,93460,93470
11365,48,110,97000,98910,98500,98520,98610
11366,48,110,100740,102640,102240,102260,102340
11367,48,110,118740,120660,120240,120260,120360
11368,48,110,135220,137150,136720,136740,136850
11369,48,110,141100,143120,142600,142620,142820
11370,48,110,144790,146790,146290,146310,146490
11371,48,110,167350,169180,168850,168870,168880
11372,48,110,192640,194650,194140,194160,194350
11373,48,110,197080,199080,198580,198600,198780
11374,48,110,215030,216950,216530,216550,216650
11375,48,110,230930,232860,232430,232450,232560
11376,48,110,235990,237820,237490,237510,237520
11377,48,110,256870,258700,258370,258390,258400
11378,48,110,258320,260340,259820,259840,260040
11379,48,110,263030,265140,264530,264550,264840
11380,48,110,264700,266620,266200,266220,266320
11381,48,110,269230,271080,270730,270750,270780
11382,48,110,273370,275280,274870,274890,274980
11383,48,111,49630,51600,51130,51150,51300
11384,48,111,58200,60160,59700,59720,59860
11385,48,111,62150,64140,63650,63670,63840
11386,48,111,71090,73170,72590,72610,72870
11387,48,111,82350,84300,83850,83870,84000
11388,48,111,100830,102750,102330,102350,102450
11389,48,111,118610,120720,120110,120130,120420
11390,48,111,126990,129000,128490,128510,128700
11391,48,111,164080,166030,165580,165600,165730
11392,48,115,36520,38400,38020,38040,38100
11393,48,115,50340,52260,51840,51870,51960
11394,48,115,107820,109660,109320,109340,109360
11395,48,115,110840,112800,112340,112360,112500
11396,48,115,152730,154730,154230,154250,154430
11397,48,115,155040,157000,156540,156560,156700
11398,48,115,212290,214130,213790,213810,213830
11399,48,115,253790,255740,255290,255310,255440
11400,48,115,274390,276350,275890,275910,276050
11401,48,115,280320,282320,281820,281840,282020
11402,48,115,286140,288060,287640,287660,287760
11403,48,115,295950,297950,297450,297470,297650
11404,48,115,307290,309310,308790,308810,309010
11405,48,115,317700,319640,319200,319220,319340
11406,48,115,361080,363080,362580,362600,362780
11407,48,115,374910,376880,376410,376430,376580
11408,48,115,467030,468880,468530,468550,468580
11409,48,116,11180,13180,12680,12700,12880
11410,48,116,46220,48220,47720,47740,47920
11411,48,116,55780,57760,57280,57300,57460
11412,48,116,61630,63640,63130,63150,63340
11413,48,116,63760,65760,65260,65280,65460
11414,48,116,149470,151440,150970,150990,151140
11415,48,161,86820,88740,88320,88340,88440
11416,48,161,128320,130150,129820,129840,129850
11417,48,161,145340,147270,146840,146860,146970
11418,48,161,152580,154580,154080,154100,154280
11419,48,161,156360,158290,157860,157880,157990
11420,48,161,172760,174760,174260,174280,174460
11421,48,161,188470,190580,189970,190000,190280
11422,48,161,236140,238140,237640,237660,237840
11423,48,161,430890,432890,432390,432410,432590
11424,48,161,436160,438170,437660,437680,437870
11425,48,161,437710,439830,439210,439230,439530
11426,48,161,447030,448990,448530,448550,448690
11427,48,161,449540,451550,451040,451060,451250
11428,48,161,458690,460690,460190,460210,460390
11429,48,161,494130,496060,495630,495650,495760
11430,48,161,536050,537880,537550,537570,537580
11431,48,161,538790,540720,540290,540310,540420
11432,48,161,574700,576600,576200,576220,576300
11433,48,161,580180,582110,581680,581700,581810
11434,48,161,606770,608680,608270,608290,608380
11435,48,162,23270,25210,24770,24790,24910
11436,48,162,24620,26500,26120,26140,26200
11437,48,162,66330,68260,67830,67850,67960
11438,48,162,79160,81170,80660,80680,80870
11439,48,164,35860,37790,37360,37380,37490
11440,48,164,52520,54530,54020,54040,54230
11441,48,164,63810,65740,65310,65330,65440
11442,48,164,112480,114480,113980,114000,114180
11443,48,164,118670,120600,120170,120190,120300
11444,48,165,27970,29940,29470,29490,29640
11445,48,165,72110,74080,73610,73630,73780
11446,48,165,84360,86370,85860,85880,86070
11447,48,165,151940,153940,153440,153460,153640
11448,48,165,202070,203960,203570,203590,203660
11449,48,165,229320,231280,230820,230840,230980
11450,48,165,232580,234450,234080,234100,234150
11451,48,165,369400,371240,370900,370920,370940
11452,48,165,372510,374510,374010,374030,374210
11453,48,165,377780,379780,379280,379300,379480
11454,48,165,382680,384720,384180,384200,384420
11455,48,165,429800,431720,431300,431320,431420
11456,48,165,446980,448860,448480,448510,448560
11457,48,165,452640,454760,454140,454160,454460
11458,48,165,479530,481520,481030,481050,481220
11459,48,199,125090,127100,126590,126610,126800
11460,49,21,37620,39640,39120,39140,39340
11461,49,21,45640,47640,47140,47160,47340
11462,49,21,51800,53830,53300,53320,53530
11463,49,26,68470,70430,69970,69990,70130
11464,49,26,69860,71840,71360,71380,71540
11465,49,27,42210,44240,43710,43730,43940
11466,49,44,133100,134990,134600,134620,134690
11467,49,44,133130,135200,134630,134880,134900
11468,49,44,133390,135220,134890,134910,134920
11469,49,44,173650,175480,175150,175170,175180
11470,49,44,178220,180090,179720,179740,179790
11471,49,44,205020,207020,206520,206540,206720
11472,49,44,210160,212270,211660,211680,211970
11473,49,45,97030,99030,98530,98550,98730
11474,49,45,112280,114280,113780,113800,113980
11475,49,45,127730,129730,129230,129250,129430
11476,49,45,144620,146630,146120,146140,146330
11477,49,45,177510,179440,179010,179030,179140
11478,49,45,182070,184070,183570,183590,183770
11479,49,48,85540,87540,87040,87060,87240
11480,49,48,87350,89350,88850,88870,89050
11481,49,61,28190,30190,29690,29710,29890
11482,49,91,51060,53060,52560,52580,52760
11483,49,91,53530,55610,55030,55050,55310
11484,49,91,66500,68500,68000,68020,68200
11485,49,91,97400,99400,98900,98920,99100
11486,49,92,54180,56200,55680,55700,55900
11487,49,94,34920,37030,36420,36440,36730
11488,49,94,41360,43370,42860,42880,43070
11489,49,94,52300,54350,53800,53820,54050
11490,49,94,76670,78680,78170,78190,78380
11491,49,94,77670,79680,79170,79190,79380
11492,49,116,68670,70660,70170,70190,70360
11493,49,116,100580,102580,102080,102100,102280
11494,49,116,107810,109810,109310,109330,109510
11495,49,116,164990,166910,166490,166510,166610
11496,49,116,173730,175730,175230,175250,175430
11497,49,116,178700,180640,180200,180220,180340
11498,49,116,212440,214450,213940,213960,214150
11499,49,116,243790,245740,245290,245310,245440
11500,49,116,249160,251170,250660,250680,250870
11501,49,116,317410,319420,318910,318930,319120
11502,49,118,88720,90730,90220,90240,90430
11503,49,119,31880,33880,33380,33400,33580
11504,49,127,38390,40400,39890,39920,40100
11505,49,129,28350,30360,29850,29880,30060
11506,49,129,50630,52640,52130,52150,52340
11507,49,129,62040,63930,63540,63560,63630
11508,49,131,27390,29400,28890,28910,29100
11509,49,131,65160,67080,66660,66680,66780
11510,49,131,100750,102690,102250,102270,102390
11511,49,131,106700,108710,108200,108220,108410
11512,49,131,108660,110670,110160,110180,110370
11513,49,131,126000,128080,127500,127520,127780
11514,49,131,134230,136230,135730,135750,135930
11515,49,131,156010,158020,157510,157530,157720
11516,49,131,157320,159320,158820,158840,159020
11517,49,131,168890,170890,170390,170410,170590
11518,49,131,177740,179680,179240,179260,179380
11519,49,131,179430,181330,180930,180950,181030
11520,49,145,25180,27190,26680,26700,26890
11521,49,154,58550,60550,60050,60070,60250
11522,49,154,66460,68460,67960,67980,68160
11523,49,154,105030,107030,106530,106550,106730
11524,49,154,167140,169140,168640,168660,168840
11525,49,155,205780,207610,207280,207300,207310
11526,49,155,207980,209980,209480,209500,209680
11527,49,165,28350,30470,29850,29870,30170
11528,49,165,36520,38460,38020,38040,38160
11529,50,3,144270,146270,145770,145790,145970
11530,50,3,165320,167320,166820,166840,167020
11531,50,3,173450,175450,174950,174970,175150
11532,50,3,211730,213850,213230,213250,213550
11533,50,6,78120,80090,79620,79640,79790
11534,50,6,96990,99130,98490,98510,98830
11535,50,6,144910,146930,146410,146430,146630
11536,50,6,182010,183870,183510,183530,183570
11537,50,7,115230,117100,116730,116760,116800
11538,50,7,117910,119890,119410,119430,119590
11539,50,19,94220,96090,95720,95740,95790
11540,50,36,59350,61240,60850,60870,60940
11541,50,36,61380,63290,62880,62900,62990
11542,50,36,66280,68280,67780,67800,67980
11543,50,36,69980,72160,71480,71500,71860
11544,50,36,75420,77420,76920,76940,77120
11545,50,36,77960,79970,79460,79480,79670
11546,50,36,93750,95750,95250,95270,95450
11547,50,37,225020,226860,226520,226540,226560
11548,50,37,241920,243920,243420,243440,243620
11549,50,50,59050,60990,60550,60570,60690
11550,50,50,61510,63410,63010,63030,63110
11551,50,50,63120,65030,64620,64640,64730
11552,50,58,56430,58330,57930,57950,58030
11553,50,58,58140,60090,59640,59660,59790
11554,50,58,69640,71610,71140,71160,71310
11555,50,58,76030,77940,77530,77550,77640
11556,50,59,106610,108570,108110,108140,108270
11557,50,59,109110,111010,110610,110630,110710
11558,50,60,70780,72720,72280,72300,72420
11559,50,61,129760,131630,131260,131280,131330
11560,50,61,131450,133280,132950,132970,132980
11561,50,71,60110,62050,61610,61630,61750
11562,50,71,62370,64300,63870,63890,64000
11563,50,71,67020,68950,68520,68540,68650
11564,50,71,69580,71420,71080,71100,71120
11565,50,71,71260,73170,72760,72780,72870
11566,50,72,137560,139560,139060,139080,139260
11567,50,72,142850,144860,144350,144370,144560
11568,50,77,112300,114140,113800,113820,113840
11569,50,77,125540,127420,127040,127070,127120
11570,50,77,127310,129300,128810,128830,129000
11571,50,77,132550,134560,134050,134070,134260
11572,50,77,134870,136720,136370,136400,136420
11573,50,78,44790,46650,46290,46310,46350
11574,50,78,68360,70330,69860,69880,70030
11575,50,78,119950,121990,121450,121470,121690
11576,50,78,639380,641650,640880,640900,641350
11577,50,78,677390,679340,678890,678910,679040
11578,50,78,715190,717090,716690,716710,716790
11579,50,78,718750,720760,720250,720270,720460
11580,50,78,723340,725180,724840,724860,724880
11581,50,78,745300,747300,746800,746820,747000
11582,50,78,769220,771220,770720,770740,770920
11583,50,78,793930,795930,795430,795450,795630
11584,50,78,794760,796760,796260,796280,796460
11585,50,79,34150,36150,35650,35670,35850
11586,50,79,34180,83620,35680,83310,83320
11587,50,79,81820,83810,83320,83340,83510
11588,50,79,87800,89810,89300,89320,89510
11589,50,79,99530,101530,101030,101050,101230
11590,50,79,101420,103420,102920,102940,103120
11591,50,79,104230,106230,105730,105750,105930
11592,50,79,107260,109270,108760,108780,108970
11593,50,79,109530,111530,111030,111050,111230
11594,50,79,113760,115770,115260,115280,115470
11595,50,79,133690,135700,135190,135210,135400
11596,50,79,151670,153630,153170,153190,153330
11597,50,79,155270,157280,156770,156790,156980
11598,50,79,160260,162270,161760,161780,161970
11599,50,79,174630,176630,176130,176150,176330
11600,50,79,179510,181360,181010,181030,181060
11601,50,79,181340,183350,182840,182860,183050
11602,50,79,183610,185660,185110,185130,185360
11603,50,79,187550,189550,189050,189070,189250
11604,50,79,189450,191410,190950,190970,191110
11605,50,79,192850,195310,194350,194370,195010
11606,50,79,198130,200130,199630,199650,199830
11607,50,79,199900,201910,201400,201420,201610
11608,50,79,202240,204240,203740,203760,203940
11609,50,79,215560,217470,217060,217080,217170
11610,50,79,238270,240270,239770,239790,239970
11611,50,79,240270,242270,241770,241790,241970
11612,50,79,270950,272950,272450,272470,272650
11613,50,79,274440,276420,275940,275960,276120
11614,50,79,295220,297080,296720,296740,296780
11615,50,79,299310,301220,300810,300830,300920
11616,50,79,317250,319220,318750,318770,318920
11617,50,79,342370,344370,343870,343890,344070
11618,50,79,346320,348260,347820,347840,347960
11619,50,79,351060,353060,352560,352580,352760
11620,50,79,352980,354980,354480,354500,354680
11621,50,79,355800,357690,357300,357320,357390
11622,50,79,391630,393650,393130,393150,393350
11623,50,79,450150,452030,451650,451670,451730
11624,50,79,468250,470470,469750,469770,470170
11625,50,79,476190,478220,477690,477710,477920
11626,50,79,487000,489010,488500,488520,488710
11627,50,79,565180,567080,566680,566700,566780
11628,50,79,565210,570870,566710,570560,570570
11629,50,79,569070,571070,570570,570590,570770
11630,50,80,46340,48200,47840,47860,47900
11631,50,80,71900,73960,73400,73420,73660
11632,50,80,88710,90720,90210,90230,90420
11633,50,80,91530,93640,93030,93050,93340
11634,50,80,97140,99380,98640,98660,99080
11635,50,80,107770,109760,109270,109290,109460
11636,50,80,147590,149590,149090,149110,149290
11637,50,80,158220,160120,159720,159740,159820
11638,50,80,167740,169810,169240,169260,169510
11639,50,80,199870,201870,201370,201390,201570
11640,50,80,205220,207220,206720,206740,206920
11641,50,80,216170,218170,217670,217690,217870
11642,50,80,217150,219150,218650,218670,218850
11643,50,80,217770,219840,219270,219290,219540
11644,50,80,218320,220320,219820,219840,220020
11645,50,80,223500,225480,225000,225020,225180
11646,50,80,226300,228300,227800,227820,228000
11647,50,80,248930,250930,250430,250450,250630
11648,50,80,271350,273310,272850,272870,273010
11649,50,80,288280,290280,289780,289800,289980
11650,50,80,290980,292990,292480,292500,292690
11651,50,80,307360,309370,308860,308880,309070
11652,50,80,318100,320100,319600,319620,319800
11653,50,80,352160,354280,353660,353680,353980
11654,50,80,355120,357120,356620,356640,356820
11655,50,80,360480,362470,361980,362000,362170
11656,50,80,362700,364810,364200,364220,364510
11657,50,81,85400,87520,86900,86920,87220
11658,50,81,98560,100890,100060,100090,100590
11659,50,81,113890,115860,115390,115410,115560
11660,50,81,130400,132630,131900,131920,132330
11661,50,81,132460,134470,133960,133980,134170
11662,50,81,140440,142440,141940,141960,142140
11663,50,81,140470,188360,141970,188050,188060
11664,50,81,186560,188510,188060,188080,188210
11665,50,82,41300,43200,42800,42820,42900
11666,50,82,45040,47050,46540,46560,46750
11667,50,82,52390,54220,53890,53910,53920
11668,50,82,91550,93390,93050,93070,93090
11669,50,83,65720,67750,67220,67240,67450
11670,50,83,76400,78410,77900,77920,78110
11671,50,83,76430,86170,77930,85860,85870
11672,50,83,84370,86370,85870,85890,86070
11673,50,83,115890,117890,117390,117410,117590
11674,50,83,118100,120130,119600,119620,119830
11675,50,83,119220,121220,120720,120740,120920
11676,50,83,126390,128400,127890,127910,128100
11677,50,83,137800,139810,139300,139320,139510
11678,50,83,141530,143530,143030,143050,143230
11679,50,83,143740,145740,145240,145260,145440
11680,50,83,157630,159730,159130,159150,159430
11681,50,83,169800,171810,171300,171320,171510
11682,50,83,211980,214040,213480,213500,213740
11683,50,83,217250,219250,218750,218770,218950
11684,50,83,227770,229740,229270,229290,229440
11685,50,83,229790,231790,231290,231310,231490
11686,50,83,240830,242800,242330,242350,242500
11687,50,83,252130,254230,253630,253650,253930
11688,50,83,266310,268310,267810,267830,268010
11689,50,83,269180,271190,270680,270700,270890
11690,50,88,57010,59010,58510,58530,58710
11691,50,88,75640,77640,77140,77160,77340
11692,50,88,87740,89640,89240,89260,89340
11693,50,88,98800,100730,100300,100320,100430
11694,50,88,102380,104380,103880,103900,104080
11695,50,88,105900,107780,107400,107420,107480
11696,50,88,113010,114910,114510,114530,114610
11697,50,88,113040,115010,114540,114700,114710
11698,50,88,113210,115050,114710,114730,114750
11699,50,88,115600,117610,117100,117120,117310
11700,50,88,163200,165160,164700,164720,164860
11701,50,88,423230,425240,424730,424760,424940
11702,50,88,445550,447680,447050,447070,447380
11703,50,88,447030,449040,448530,448550,448740
11704,50,88,475360,477360,476860,476880,477060
11705,50,88,481950,483950,483450,483470,483650
11706,50,88,671840,673990,673340,673360,673690
11707,50,88,707110,709220,708610,708630,708920
11708,50,88,711230,713070,712730,712750,712770
11709,50,88,725210,727130,726710,726730,726830
11710,50,88,802230,804250,803730,803750,803950
11711,50,88,807740,809590,809240,809260,809290
11712,50,88,818330,820330,819830,819850,820030
11713,50,88,825260,827260,826760,826780,826960
11714,50,88,835410,837520,836910,836930,837220
11715,50,90,122450,124570,123950,123970,124270
11716,50,90,145320,147440,146820,146840,147140
11717,50,90,148380,150380,149880,149900,150080
11718,50,90,150860,152860,152360,152380,152560
11719,50,90,158610,160570,160110,160130,160270
11720,50,90,199610,201620,201110,201130,201320
11721,50,90,209390,211390,210890,210910,211090
11722,50,90,212720,214890,214220,214240,214590
11723,50,90,212750,216120,214250,215810,215820
11724,50,90,214320,216320,215820,215840,216020
11725,50,90,222080,224090,223580,223600,223790
11726,50,90,224450,226460,225950,225970,226160
11727,50,90,228530,230660,230030,230050,230360
11728,50,90,243330,245460,244830,244850,245160
11729,50,90,243360,249900,244860,249590,249600
11730,50,90,248100,250040,249600,249620,249740
11731,50,90,251000,253000,252500,252520,252700
11732,50,90,251030,254870,252530,254560,254570
11733,50,90,253070,255080,254570,254590,254780
11734,50,90,253100,260990,254600,260680,260690
11735,50,90,259190,261190,260690,260710,260890
11736,50,90,259220,274350,260720,274040,274050
11737,50,90,272550,274550,274050,274070,274250
11738,50,90,275270,277270,276770,276790,276970
11739,50,90,276620,278620,278120,278140,278320
11740,50,90,276650,287760,278150,287450,287460
11741,50,90,285960,288270,287460,287480,287970
11742,50,90,285990,290610,287490,290300,290310
11743,50,90,288810,290910,290310,290330,290610
11744,50,90,288840,299490,290340,299180,299190
11745,50,90,297690,299820,299190,299210,299520
11746,50,90,303800,305910,305300,305320,305610
11747,50,90,309960,312070,311460,311480,311770
11748,50,90,319280,321280,320780,320800,320980
11749,50,90,334370,336370,335870,335890,336070
11750,50,90,340440,342560,341940,341960,342260
11751,50,90,359080,361080,360580,360600,360780
11752,50,90,360980,362980,362480,362500,362680
11753,50,90,363890,365920,365390,365410,365620
11754,50,90,399150,401260,400650,400670,400960
11755,50,90,407220,409150,408720,408740,408850
11756,50,90,408440,410550,409940,409960,410250
11757,50,90,415150,417140,416650,416670,416840
11758,50,90,417440,419970,418940,418960,419670
11759,50,90,420220,422250,421720,421740,421950
11760,50,90,453330,455300,454830,454850,455000
11761,50,90,454550,456550,456050,456070,456250
11762,50,90,486980,489100,488480,488500,488800
11763,50,90,488730,490730,490230,490250,490430
11764,50,90,492900,494910,494400,494420,494610
11765,50,90,502430,504440,503930,503950,504140
11766,50,90,511780,513750,513280,513310,513450
11767,50,90,515770,517770,517270,517290,517470
11768,50,90,528160,530100,529660,529680,529800
11769,50,90,530630,532640,532130,532160,532340
11770,50,90,543670,545790,545170,545190,545490
11771,50,90,544820,546820,546320,546340,546520
11772,50,90,568430,570500,569930,569950,570200
11773,50,90,579940,581980,581440,581460,581680
11774,50,90,581890,584070,583390,583410,583770
11775,50,90,583540,585500,585040,585060,585200
11776,50,90,616620,618620,618120,618140,618320
11777,50,90,640310,642310,641810,641830,642010
11778,50,90,644200,646300,645700,645720,646000
11779,50,90,645000,646980,646500,646520,646680
11780,50,90,656160,658150,657660,657680,657850
11781,50,90,662790,665090,664290,664310,664790
11782,50,90,664580,666590,666080,666100,666290
11783,50,90,667690,669640,669190,669210,669340
11784,50,90,693090,695090,694590,694610,694790
11785,50,90,699460,701420,700960,700980,701120
11786,50,91,10840,12940,12340,12360,12640
11787,50,91,22140,24140,23640,23660,23840
11788,50,91,26230,28230,27730,27750,27930
11789,50,91,27050,29050,28550,28570,28750
11790,50,91,29030,31030,30530,30550,30730
11791,50,91,30020,32030,31520,31540,31730
11792,50,91,31320,33330,32820,32840,33030
11793,50,91,36160,38160,37660,37680,37860
11794,50,91,38170,40290,39670,39690,39990
11795,50,91,41290,43510,42790,42810,43210
11796,50,91,51580,53710,53080,53100,53410
11797,50,91,64090,66210,65590,65610,65910
11798,50,91,66750,68750,68250,68270,68450
11799,50,91,73570,75580,75070,75090,75280
11800,50,91,76760,78760,78260,78280,78460
11801,50,91,80540,82550,82040,82060,82250
11802,50,91,82670,84670,84170,84190,84370
11803,50,91,95170,97180,96670,96700,96880
11804,50,91,97140,99150,98640,98660,98850
11805,50,91,112480,114530,113980,114000,114230
11806,50,91,116300,118440,117800,117820,118140
11807,50,91,118110,119960,119610,119630,119660
11808,50,91,128790,130800,130290,130310,130500
11809,50,91,130980,133300,132480,132500,133000
11810,50,91,138030,140030,139530,139550,139730
11811,50,91,139520,141530,141020,141040,141230
11812,50,91,147080,149250,148580,148600,148950
11813,50,91,151390,153620,152890,152910,153320
11814,50,91,153480,155490,154980,155010,155190
11815,50,91,154970,157090,156470,156490,156790
11816,50,91,159600,161600,161100,161120,161300
11817,50,91,160810,162970,162310,162330,162670
11818,50,91,195580,197710,197080,197100,197410
11819,50,91,195610,201030,197110,200720,200730
11820,50,91,199230,201460,200730,200750,201160
11821,50,91,203230,205340,204730,204750,205040
11822,50,91,205240,207390,206740,206760,207090
11823,50,91,209200,211320,210700,210720,211020
11824,50,91,211890,214010,213390,213410,213710
11825,50,91,212580,214790,214080,214100,214490
11826,50,91,212610,222980,214110,222670,222680
11827,50,91,221180,223180,222680,222700,222880
11828,50,91,269990,272110,271490,271510,271810
11829,50,91,270020,274750,271520,274440,274450
11830,50,91,272950,274960,274450,274470,274660
11831,50,91,276060,278570,277560,277580,278270
11832,50,91,290640,292650,292140,292160,292350
11833,50,91,291400,293520,292900,292920,293220
11834,50,91,294110,296210,295610,295630,295910
11835,50,91,298280,300280,299780,299800,299980
11836,50,91,299680,301680,301180,301200,301380
11837,50,91,304370,306370,305870,305890,306070
11838,50,135,28970,30980,30470,30490,30680
11839,50,135,33150,35160,34650,34670,34860
11840,50,135,38980,40810,40480,40500,40510
11841,50,135,65020,67100,66520,66540,66800
11842,50,135,125390,127500,126890,126910,127200
11843,50,135,133860,135930,135360,135380,135630
11844,50,135,151850,154020,153350,153370,153720
11845,50,135,176520,178500,178020,178040,178200
11846,50,135,178850,180920,180350,180370,180620
11847,50,135,190550,192380,192050,192070,192080
11848,50,135,196860,198820,198360,198380,198520
11849,50,135,212690,214740,214190,214210,214440
11850,50,135,220820,222870,222320,222340,222570
11851,50,135,248710,250650,250210,250230,250350
11852,50,135,260140,262150,261640,261660,261850
11853,50,135,274010,276110,275510,275530,275810
11854,50,135,285780,287790,287280,287300,287490
11855,50,135,288130,290260,289630,289660,289960
11856,50,135,291920,293750,293420,293440,293450
11857,50,135,293570,295570,295070,295090,295270
11858,50,135,359290,361360,360790,360810,361060
11859,50,135,364940,366940,366440,366460,366640
11860,50,136,52640,54700,54140,54160,54400
11861,50,136,67770,69890,69270,69290,69590
11862,50,137,41350,43530,42850,42870,43230
11863,50,137,43970,45950,45470,45490,45650
11864,50,137,53230,55300,54730,54750,55000
11865,50,137,56750,58750,58250,58270,58450
11866,50,137,80860,82860,82360,82380,82560
11867,50,137,87300,89420,88800,88820,89120
11868,50,137,138210,140210,139710,139730,139910
11869,50,137,142510,144510,144010,144030,144210
11870,50,137,147030,149070,148530,148550,148770
11871,50,137,150510,152480,152010,152030,152180
11872,50,137,201330,203340,202830,202850,203040
11873,50,137,226920,228860,228420,228440,228560
11874,50,137,241610,243600,243110,243130,243300
11875,50,137,302470,304580,303970,303990,304280
11876,50,137,304670,306780,306170,306190,306480
11877,50,138,38880,40880,40380,40400,40580
11878,50,138,43650,45630,45150,45170,45330
11879,50,138,52040,54040,53540,53560,53740
11880,50,138,53840,55900,55340,55360,55600
11881,50,138,66860,68860,68360,68380,68560
11882,50,138,86820,88820,88320,88340,88520
11883,50,138,109360,111360,110860,110880,111060
11884,50,138,124050,126130,125550,125570,125830
11885,50,138,131670,133680,133170,133190,133380
11886,50,138,139060,141110,140560,140580,140810
11887,50,138,139900,141900,141400,141420,141600
11888,50,138,141850,143860,143350,143370,143560
11889,50,138,144400,146260,145900,145920,145960
11890,50,138,166870,168870,168370,168390,168570
11891,50,138,184320,186330,185820,185840,186030
11892,50,138,235490,237490,236990,237010,237190
11893,50,138,249060,251080,250560,250580,250780
11894,50,138,257440,259440,258940,258960,259140
11895,50,138,275840,277840,277340,277360,277540
11896,50,138,277910,279910,279410,279430,279610
11897,50,138,277940,281550,279440,281240,281250
11898,50,138,279750,281770,281250,281270,281470
11899,50,138,301320,303330,302820,302840,303030
11900,50,139,67150,69090,68650,68670,68790
11901,50,139,80930,82930,82430,82450,82630
11902,50,139,84520,86430,86020,86040,86130
11903,50,139,92090,94050,93590,93610,93750
11904,50,139,96540,98580,98040,98060,98280
11905,50,139,129700,131660,131200,131220,131360
11906,50,139,131950,133950,133450,133470,133650
11907,50,139,145800,147800,147300,147320,147500
11908,50,139,147930,149860,149430,149450,149560
11909,50,139,180290,182300,181790,181810,182000
11910,50,139,197460,199350,198960,198980,199050
11911,50,139,200660,202660,202160,202180,202360
11912,50,139,202750,204750,204250,204270,204450
11913,50,139,207800,209630,209300,209320,209330
11914,50,139,210490,212390,211990,212010,212090
11915,50,139,245850,247890,247350,247370,247590
11916,50,139,262920,264930,264420,264440,264630
11917,50,139,268710,270710,270210,270230,270410
11918,50,139,277260,279370,278760,278780,279070
11919,50,139,280680,282510,282180,282200,282210
11920,50,139,301720,303720,303220,303240,303420
11921,50,139,304050,306170,305550,305570,305870
11922,50,139,320620,322470,322120,322140,322170
11923,50,139,324640,326640,326140,326160,326340
11924,50,139,329050,331160,330550,330570,330860
11925,50,139,331640,333650,333140,333160,333350
11926,50,139,339780,341790,341280,341300,341490
11927,50,139,344010,346010,345510,345530,345710
11928,50,139,378780,380780,380280,380300,380480
11929,50,139,382170,384180,383670,383690,383880
11930,50,139,391380,393380,392880,392900,393080
11931,50,139,395620,397620,397120,397140,397320
11932,50,139,413610,415640,415110,415130,415340
11933,50,139,417280,419280,418780,418800,418980
11934,50,139,449750,451740,451250,451280,451440
11935,50,139,452990,454990,454490,454510,454690
11936,50,143,56010,58000,57510,57530,57700
11937,50,143,62440,64440,63940,63960,64140
11938,50,143,67810,69910,69310,69330,69610
11939,50,143,80250,82180,81750,81770,81880
11940,50,143,87280,89400,88780,88800,89100
11941,50,143,96010,98050,97510,97530,97750
11942,50,143,99770,101700,101270,101290,101400
11943,50,143,120680,122710,122180,122200,122410
11944,50,143,123420,125290,124920,124940,124990
11945,50,143,132470,134510,133970,133990,134210
11946,50,143,140470,142520,141970,141990,142220
11947,50,143,141950,143920,143450,143470,143620
11948,50,143,149020,151060,150520,150540,150760
11949,50,143,149050,155190,150550,154880,154890
11950,50,143,153390,155370,154890,154910,155070
11951,50,143,158230,160280,159730,159750,159980
11952,50,143,158260,186920,159760,186610,186620
11953,50,143,185120,187100,186620,186640,186800
11954,50,143,192650,194670,194150,194170,194370
11955,50,143,213140,215150,214640,214660,214850
11956,50,143,218490,220600,219990,220010,220300
11957,50,143,218520,222590,220020,222280,222290
11958,50,143,220790,222800,222290,222310,222500
11959,50,143,225710,227580,227210,227230,227280
11960,50,143,229150,231150,230650,230670,230850
11961,50,143,239590,241600,241090,241110,241300
11962,50,143,239620,273750,241120,273440,273450
11963,50,143,271950,273940,273450,273470,273640
11964,50,143,274040,276150,275540,275560,275850
11965,50,143,275510,277450,277010,277040,277150
11966,50,143,295700,297820,297200,297220,297520
11967,50,143,298630,300740,300130,300150,300440
11968,50,143,304240,306250,305740,305760,305950
11969,50,143,335680,337750,337180,337200,337450
11970,50,143,349510,351530,351010,351030,351230
11971,50,143,349540,365690,351040,365380,365390
11972,50,143,363890,365890,365390,365410,365590
11973,50,143,384940,386940,386440,386460,386640
11974,50,143,400350,402350,401850,401870,402050
11975,50,143,432340,434340,433840,433860,434040
11976,50,143,455100,457110,456600,456620,456810
11977,50,143,458200,460200,459700,459720,459900
11978,50,143,474480,476450,475980,476000,476150
11979,50,143,477290,479290,478790,478810,478990
11980,50,143,486760,488760,488260,488280,488460
11981,50,143,519720,521730,521220,521240,521430
11982,50,143,530000,532000,531500,531520,531700
11983,50,143,572360,574360,573860,573880,574060
11984,50,143,584630,586630,586130,586150,586330
11985,50,143,594090,596090,595590,595610,595790
11986,50,144,39990,42000,41490,41510,41700
11987,50,144,58960,60960,60460,60480,60660
11988,50,144,68600,70590,70100,70120,70290
11989,50,144,93390,95390,94890,94910,95090
11990,50,144,98970,100910,100470,100490,100610
11991,50,144,104140,106250,105640,105660,105950
11992,50,144,118640,120640,120140,120160,120340
11993,50,144,124050,126170,125550,125570,125870
11994,50,144,144620,146620,146120,146140,146320
11995,50,144,154300,156300,155800,155820,156000
11996,50,144,182860,184870,184360,184380,184570
11997,50,144,185910,187920,187410,187430,187620
11998,50,144,197440,199440,198940,198960,199140
11999,50,144,234910,237050,236410,236430,236750
12000,50,144,252340,254430,253840,253860,254130
12001,50,144,256210,258040,257710,257730,257740
12002,50,144,264910,266960,266410,266430,266660
12003,50,144,268080,270240,269580,269600,269940
12004,50,144,269970,272030,271470,271490,271730
12005,50,144,272750,274750,274250,274270,274450
12006,50,144,277970,279930,279470,279490,279630
12007,50,144,338360,340360,339860,339880,340060
12008,50,144,350740,352750,352240,352260,352450
12009,50,144,352470,354470,353970,353990,354170
12010,50,144,371480,373460,372980,373010,373160
12011,50,144,373570,375570,375070,375090,375270
12012,50,144,377600,379600,379100,379120,379300
12013,50,144,386860,388960,388360,388380,388660
12014,50,144,396100,397960,397600,397620,397660
12015,50,144,398950,400950,400450,400470,400650
12016,50,146,40390,42550,41890,41910,42250
12017,50,146,43300,45290,44800,44820,44990
12018,50,146,51620,53670,53120,53140,53370
12019,50,146,58130,60130,59630,59650,59830
12020,50,146,68760,70760,70260,70280,70460
12021,50,146,72850,74860,74350,74370,74560
12022,50,146,76000,78000,77500,77520,77700
12023,50,146,87500,89500,89000,89020,89200
12024,50,146,91890,93900,93390,93410,93600
12025,50,146,104040,106040,105540,105560,105740
12026,50,146,108490,110490,109990,110010,110190
12027,50,146,110180,112180,111680,111700,111880
12028,50,146,117520,119520,119020,119040,119220
12029,50,146,121060,123060,122560,122580,122760
12030,50,146,129440,131440,130940,130960,131140
12031,50,146,146860,148890,148360,148380,148590
12032,50,146,151240,153190,152740,152760,152890
12033,50,146,155100,157210,156600,156630,156910
12034,50,146,156960,158910,158460,158480,158610
12035,50,146,199660,201660,201160,201180,201360
12036,50,146,203470,205470,204970,204990,205170
12037,50,146,212950,214950,214450,214470,214650
12038,50,146,217600,219600,219100,219120,219300
12039,50,146,252630,254630,254130,254150,254330
12040,50,146,253760,255760,255260,255280,255460
12041,50,146,279210,281220,280710,280730,280920
12042,50,146,281260,283240,282760,282780,282940
12043,50,146,295800,297810,297300,297320,297510
12044,50,146,324670,326610,326170,326190,326310
12045,50,146,330840,332840,332340,332360,332540
12046,50,146,334030,336030,335530,335550,335730
12047,50,146,340340,342340,341840,341860,342040
12048,50,146,356990,358990,358490,358510,358690
12049,50,146,363190,365200,364690,364710,364900
12050,50,146,378930,380930,380430,380450,380630
12051,50,146,389390,391400,390890,390910,391100
12052,50,146,458230,460350,459730,459750,460050
12053,50,146,466630,468730,468130,468150,468430
12054,50,146,481290,483290,482790,482810,482990
12055,50,146,486360,488190,487860,487880,487890
12056,50,146,510560,512390,512060,512080,512090
12057,50,146,510590,537750,512090,537440,537450
12058,50,146,535950,537950,537450,537470,537650
12059,50,146,550150,552160,551650,551670,551860
12060,50,146,551260,553420,552760,552780,553120
12061,50,146,568070,569900,569570,569590,569600
12062,50,146,570500,572510,572000,572020,572210
12063,50,146,590660,592660,592160,592180,592360
12064,50,146,590690,594060,592190,593750,593760
12065,50,146,592260,594260,593760,593780,593960
12066,50,146,598120,600120,599620,599640,599820
12067,50,146,599770,601770,601270,601290,601470
12068,50,146,611830,613830,613330,613350,613530
12069,50,146,616000,618000,617500,617520,617700
12070,50,146,628980,631060,630480,630500,630760
12071,50,146,638430,640450,639930,639950,640150
12072,50,146,676470,678470,677970,677990,678170
12073,50,146,710660,712500,712160,712180,712200
12074,50,158,60930,62860,62430,62460,62560
12075,50,167,92500,94500,94000,94020,94200
12076,50,167,95980,97950,97480,97500,97650
12077,50,167,110240,112240,111740,111760,111940
12078,50,167,112410,114330,113910,113930,114030
12079,50,167,114770,116720,116270,116290,116420
12080,50,167,116480,118420,117980,118000,118120
12081,50,169,62900,65010,64400,64420,64710
12082,50,169,64150,66070,65650,65670,65770
12083,50,169,68270,70270,69770,69790,69970
12084,50,174,140880,142740,142380,142400,142440
12085,50,174,141550,143440,143050,143070,143140
12086,50,174,144090,146010,145590,145610,145710
12087,50,192,47100,49100,48600,48620,48800
12088,50,193,32810,34760,34310,34340,34460
12089,50,193,34090,36000,35590,35610,35700
12090,50,195,55440,57430,56940,56960,57130
12091,50,195,56460,58580,57960,57980,58280
12092,50,195,58100,60050,59600,59620,59750
12093,50,195,62340,64330,63840,63860,64030
12094,50,195,64350,66320,65850,65870,66020
12095,50,210,168500,170500,170000,170020,170200
12096,50,210,175720,177720,177220,177240,177420
12097,50,210,190900,192910,192400,192420,192610
12098,50,210,214890,216900,216390,216410,216600
12099,50,210,255310,257310,256810,256840,257010
12100,50,229,48390,50230,49890,49910,49930
12101,50,229,50690,52700,52190,52210,52400
12102,50,229,61430,63280,62930,62950,62980
12103,50,230,69300,71300,70800,70820,71000
12104,50,230,91350,93350,92850,92870,93050
12105,50,232,94900,96930,96400,96420,96630
12106,50,232,99210,101100,100710,100730,100800
12107,50,232,103210,105210,104710,104730,104910
12108,50,232,104910,106840,106410,106430,106540
12109,50,238,59530,61530,61030,61050,61230
12110,50,238,62640,64640,64140,64160,64340
12111,50,238,65530,67530,67030,67050,67230
12112,50,238,67210,69230,68710,68730,68930
12113,50,238,90630,92630,92130,92150,92330
12114,50,240,54180,56050,55680,55700,55750
12115,50,240,55110,57110,56610,56630,56810
12116,50,240,70600,72610,72100,72130,72310
12117,50,240,73660,75580,75160,75180,75280
12118,50,244,53320,55260,54820,54840,54960
12119,50,246,118890,121040,120390,120410,120740
12120,50,246,119880,121770,121380,121400,121470
12121,50,246,122400,124400,123900,123920,124100
12122,50,246,123000,124920,124500,124520,124620
12123,50,247,50940,52820,52440,52460,52520
12124,50,247,54990,56890,56490,56510,56590
12125,50,247,57950,59830,59450,59470,59530
12126,50,247,60880,62710,62380,62400,62410
12127,50,251,62920,64870,64420,64440,64570
12128,50,251,74170,76100,75670,75690,75800
12129,50,254,157810,159820,159310,159330,159520
12130,50,254,159900,161850,161400,161420,161550
12131,50,254,165090,167110,166590,166610,166810
12132,50,256,109870,111700,111370,111390,111400
12133,50,256,114390,116310,115890,115910,116010
12134,50,256,118130,120130,119630,119650,119830
12135,50,257,135150,137030,136650,136670,136730
12136,50,257,138150,140060,139650,139670,139760
12137,50,257,139240,141160,140740,140770,140860
12138,50,265,61830,63780,63330,63350,63480
12139,50,265,63660,65610,65160,65180,65310
12140,50,265,68620,70560,70120,70140,70260
12141,50,265,81790,83800,83290,83320,83500
12142,50,274,126730,128730,128230,128250,128430
12143,50,274,131150,133140,132650,132670,132840
12144,50,278,49440,51290,50940,50960,50990
12145,50,278,51920,53830,53420,53440,53530
12146,50,278,58400,60290,59900,59920,59990
12147,50,278,61310,63310,62810,62830,63010
12148,50,278,63470,65420,64970,64990,65120
12149,50,278,66020,68030,67520,67540,67730
12150,50,300,76370,78320,77870,77890,78020
12151,50,300,100530,102600,102030,102050,102300
12152,50,304,70370,72300,71870,71890,72000
12153,50,306,114360,116250,115860,115880,115950
12154,50,306,127110,129020,128610,128640,128720
12155,50,309,66370,68310,67870,67890,68010
12156,50,309,69360,71290,70860,70880,70990
12157,50,312,140410,142410,141910,141930,142110
12158,50,312,142340,144260,143840,143860,143960
12159,50,341,83850,85720,85350,85370,85420
12160,50,362,40340,42290,41840,41860,41990
12161,50,362,44890,46830,46390,46420,46530
12162,50,362,70920,73030,72420,72440,72730
12163,50,362,73030,74900,74530,74550,74600
12164,50,367,21000,23010,22500,22520,22710
12165,50,367,72070,74000,73570,73590,73700
12166,51,1,95450,97410,96950,96970,97110
12167,51,1,96140,98110,97640,97660,97810
12168,51,1,111120,112950,112620,112640,112650
12169,51,1,112950,114950,114450,114470,114650
12170,51,1,139240,141130,140740,140760,140830
12171,51,1,140930,143010,142430,142450,142710
12172,51,1,144590,146600,146090,146110,146300
12173,51,1,164890,166890,166390,166410,166590
12174,51,1,180210,182070,181710,181730,181770
12175,51,1,270200,272160,271700,271720,271860
12176,51,3,96440,98380,97940,97960,98080
12177,51,3,96470,133920,97970,133610,133620
12178,51,3,132120,133980,133620,133640,133680
12179,51,3,135660,137630,137160,137180,137330
12180,51,3,137370,139240,138870,138890,138940
12181,51,3,144240,146100,145740,145760,145800
12182,51,3,150040,151910,151540,151560,151610
12183,51,31,115690,117530,117190,117210,117230
12184,51,31,127140,129010,128640,128660,128710
12185,51,31,165100,167110,166600,166620,166810
12186,51,31,180750,182600,182250,182270,182300
12187,51,31,184840,186850,186340,186360,186550
12188,51,31,196850,198860,198350,198370,198560
12189,51,31,201820,203870,203320,203340,203570
12190,51,31,214360,216360,215860,215880,216060
12191,51,31,217010,218940,218510,218530,218640
12192,51,31,226250,228260,227750,227770,227960
12193,51,31,264190,266080,265690,265710,265780
12194,51,31,266430,268440,267930,267950,268140
12195,51,31,267490,269490,268990,269010,269190
12196,51,31,269340,271340,270840,270860,271040
12197,51,31,278660,280660,280160,280180,280360
12198,51,31,288150,290280,289650,289670,289980
12199,51,31,290990,292990,292490,292510,292690
12200,51,31,324100,326110,325600,325620,325810
12201,51,31,338820,340900,340320,340350,340600
12202,51,31,412480,414620,413980,414000,414320
12203,51,31,414520,416520,416020,416040,416220
12204,51,31,414550,447970,416050,447660,447670
12205,51,31,460310,462310,461810,461830,462010
12206,51,31,487730,489730,489230,489250,489430
12207,51,31,494180,496030,495680,495700,495730
12208,51,31,500200,502210,501700,501720,501910
12209,51,31,509450,511420,510950,510970,511120
12210,51,31,515060,517070,516560,516580,516770
12211,51,31,518760,520730,520260,520280,520430
12212,51,31,521090,523090,522590,522610,522790
12213,51,31,527880,529800,529380,529400,529500
12214,51,31,530590,532590,532090,532110,532290
12215,51,31,532930,534900,534430,534450,534600
12216,51,31,542980,544960,544480,544500,544660
12217,51,31,546830,548740,548330,548350,548440
12218,51,31,577750,579740,579250,579280,579440
12219,51,49,36860,38730,38360,38380,38430
12220,51,49,108420,110420,109920,109940,110120
12221,51,49,111920,114040,113420,113440,113740
12222,51,49,113290,115290,114790,114810,114990
12223,51,49,121740,123750,123240,123260,123450
12224,51,49,135630,137640,137130,137150,137340
12225,51,49,149660,151540,151160,151180,151240
12226,51,49,151700,153680,153200,153220,153380
12227,51,49,154040,155870,155540,155560,155570
12228,51,49,154070,163550,155570,163240,163250
12229,51,49,161750,163740,163250,163270,163440
12230,51,49,171360,173370,172860,172880,173070
12231,51,49,199950,201930,201450,201480,201630
12232,51,49,204710,206710,206210,206230,206410
12233,51,49,221310,223230,222810,222830,222930
12234,51,49,221340,225560,222840,225250,225260
12235,51,49,223760,225810,225260,225280,225510
12236,51,49,233510,235520,235010,235030,235220
12237,51,49,281910,283920,283410,283440,283620
12238,51,49,289720,291720,291220,291240,291420
12239,51,49,339620,341610,341120,341140,341310
12240,51,49,393900,395900,395400,395420,395600
12241,51,49,407610,409730,409110,409130,409430
12242,51,49,423240,425180,424740,424760,424880
12243,51,49,440100,442110,441600,441620,441810
12244,51,49,443110,445110,444610,444630,444810
12245,51,49,443140,454680,444640,454370,454380
12246,51,49,452880,454740,454380,454400,454440
12247,51,49,474060,476060,475560,475580,475760
12248,51,49,479180,481120,480680,480710,480820
12249,51,49,485930,487780,487430,487450,487480
12250,51,49,489050,491050,490550,490570,490750
12251,51,49,525750,527810,527250,527270,527510
12252,51,49,555950,557950,557450,557470,557650
12253,51,49,556680,558660,558180,558210,558360
12254,51,49,558250,560180,559750,559770,559880
12255,51,75,34340,36260,35840,35860,35960
12256,51,75,41830,43770,43330,43350,43470
12257,51,75,53620,55450,55120,55140,55150
12258,51,90,56300,58380,57800,57820,58080
12259,51,91,33920,35770,35420,35440,35470
12260,51,120,32180,34180,33680,33700,33880
12261,51,120,73020,74910,74520,74540,74610
12262,51,152,131660,133720,133160,133180,133420
12263,51,152,170900,172750,172400,172420,172450
12264,51,152,182560,184570,184060,184080,184270
12265,51,152,184050,186060,185550,185570,185760
12266,51,152,280200,282200,281700,281720,281900
12267,51,152,280230,282510,281730,282200,282210
12268,51,152,280710,282630,282210,282230,282330
12269,51,152,283210,285170,284710,284740,284870
12270,51,152,310980,312870,312480,312500,312570
12271,51,152,322670,324670,324170,324190,324370
12272,51,152,323790,325790,325290,325310,325490
12273,52,30,49440,51290,50940,50960,50990
12274,52,32,41470,43550,42970,42990,43250
12275,52,32,44910,46830,46410,46430,46530
12276,52,39,59120,61080,60620,60640,60780
12277,52,39,74790,76800,76290,76310,76500
12278,52,39,75430,77390,76930,76950,77090
12279,52,40,34460,36460,35960,35980,36160
12280,52,48,113340,115500,114840,114860,115200
12281,52,70,70780,72780,72280,72300,72480
12282,52,70,85540,87370,87040,87060,87070
12283,52,70,87080,89000,88580,88600,88700
12284,52,71,20680,22680,22180,22200,22380
12285,52,101,59520,61370,61020,61040,61070
12286,52,117,134010,135930,135510,135530,135630
12287,52,146,95620,97580,97120,97140,97280
12288,52,148,21520,23410,23020,23040,23110
12289,52,148,45280,47230,46780,46800,46930
12290,52,152,36860,38730,38360,38380,38430
12291,52,152,44600,46610,46100,46120,46310
12292,52,152,83970,85870,85470,85490,85570
12293,52,154,18080,19940,19580,19600,19640
12294,52,154,64870,66870,66370,66390,66570
12295,52,155,26150,28090,27650,27680,27790
12296,52,172,40420,42420,41920,41940,42120
12297,52,172,50900,52860,52400,52420,52560
12298,52,172,59880,61880,61380,61400,61580
12299,52,172,62630,64470,64130,64150,64170
12300,52,184,14210,16040,15710,15730,15740
12301,52,202,34170,36090,35670,35690,35790
12302,52,224,53510,55340,55010,55030,55040
12303,52,224,58380,60320,59880,59900,60020
12304,52,229,68360,70300,69860,69880,70000
12305,52,229,70950,72950,72450,72470,72650
12306,52,229,75270,77270,76770,76790,76970
12307,52,229,99820,101820,101320,101340,101520
12308,52,229,161020,163020,162520,162540,162720
12309,52,229,210370,212270,211870,211890,211970
12310,52,229,215870,217830,217370,217390,217530
12311,52,229,217330,219440,218830,218850,219140
12312,52,229,220820,222780,222320,222350,222480
12313,52,229,225240,227210,226740,226760,226910
12314,52,229,236420,238350,237920,237940,238050
12315,52,229,251740,253720,253240,253260,253420
12316,52,229,257780,259800,259280,259300,259500
12317,52,229,299240,301080,300740,300760,300780
12318,52,229,305460,307470,306960,306980,307170
12319,52,229,309190,311130,310690,310710,310830
12320,52,229,312420,314350,313920,313940,314050
12321,52,229,318340,320310,319840,319860,320010
12322,52,229,398900,400800,400400,400420,400500
12323,52,230,43760,45770,45260,45290,45470
12324,52,230,47710,49720,49210,49230,49420
12325,52,231,53370,55480,54870,54890,55180
12326,52,231,60450,62280,61950,61970,61980
12327,52,231,78600,80540,80100,80120,80240
12328,52,231,128780,130780,130280,130300,130480
12329,52,231,135010,136860,136510,136530,136560
12330,52,231,187360,189190,188860,188880,188890
12331,52,231,190820,192770,192320,192340,192470
12332,52,231,192190,194030,193690,193710,193730
12333,52,231,204840,206770,206340,206360,206470
12334,52,231,207940,209880,209440,209460,209580
12335,52,231,216310,218310,217810,217830,218010
12336,52,231,233840,235840,235340,235360,235540
12337,52,231,236090,237940,237590,237620,237640
12338,52,231,244390,246250,245890,245910,245950
12339,52,231,350950,352960,352450,352470,352660
12340,52,231,360310,362310,361810,361830,362010
12341,52,239,27200,29110,28700,28720,28810
12342,53,10,40470,42420,41970,41990,42120
12343,53,10,43430,45370,44930,44950,45070
12344,53,10,47970,49940,49470,49490,49640
12345,53,10,48470,50380,49970,49990,50080
12346,53,10,50660,52680,52160,52180,52380
12347,53,10,60730,62710,62230,62250,62410
12348,53,10,71980,74000,73480,73500,73700
12349,53,10,80350,82360,81850,81880,82060
12350,53,10,95690,97660,97190,97210,97360
12351,53,10,119110,121110,120610,120630,120810
12352,53,10,131730,133670,133230,133250,133370
12353,53,10,245990,247990,247490,247510,247690
12354,53,19,41630,43530,43130,43150,43230
12355,53,22,102580,104480,104080,104100,104180
12356,53,22,105140,107120,106640,106660,106820
12357,53,29,40530,42650,42030,42050,42350
12358,53,29,48040,49940,49540,49560,49640
12359,53,30,162280,164280,163780,163800,163980
12360,53,30,164220,166300,165720,165740,166000
12361,53,30,169340,171350,170840,170860,171050
12362,53,30,172630,174640,174130,174150,174340
12363,53,30,177950,179960,179450,179470,179660
12364,53,30,178760,180690,180260,180280,180390
12365,53,30,180650,182650,182150,182170,182350
12366,53,30,181150,183020,182650,182670,182720
12367,53,31,13460,15610,14960,14980,15310
12368,53,31,14000,15900,15500,15520,15600
12369,53,31,14510,16420,16010,16030,16120
12370,53,31,96220,98070,97720,97740,97770
12371,53,81,49370,51370,50870,50890,51070
12372,53,84,41130,43070,42630,42650,42770
12373,53,90,35330,37330,36830,36850,37030
12374,53,90,72000,73960,73500,73520,73660
12375,53,109,37180,39180,38680,38700,38880
12376,53,115,249950,252070,251450,251470,251770
12377,53,115,257480,259480,258980,259000,259180
12378,53,119,90170,92160,91670,91690,91860
12379,53,120,116480,118400,117980,118000,118100
12380,53,120,323670,325640,325170,325190,325340
12381,53,120,328470,330470,329970,329990,330170
12382,53,120,332210,334160,333710,333730,333860
12383,53,125,46720,48630,48220,48240,48330
12384,53,126,164840,166840,166340,166360,166540
12385,53,130,57150,59150,58650,58670,58850
12386,53,130,64050,65950,65550,65570,65650
12387,53,131,55730,57730,57230,57250,57430
12388,53,134,81000,82940,82500,82520,82640
12389,53,134,107240,109400,108740,108760,109100
12390,53,143,57230,59230,58730,58750,58930
12391,53,166,70090,72020,71590,71610,71720
12392,53,166,74150,76150,75650,75670,75850
12393,53,171,80640,82600,82140,82160,82300
12394,53,171,152830,154830,154330,154350,154530
12395,53,171,260650,262580,262150,262170,262280
12396,53,171,308790,310770,310290,310310,310470
12397,53,171,308820,310870,310320,310520,310570
12398,53,171,309030,310870,310530,310550,310570
12399,53,171,334840,336820,336340,336360,336520
12400,53,171,383320,385320,384820,384840,385020
12401,53,171,391520,393580,393020,393040,393280
12402,53,172,426030,428030,427530,427550,427730
12403,53,172,441520,443410,443020,443040,443110
12404,53,177,69250,71240,70750,70770,70940
12405,53,184,17780,19640,19280,19300,19340
12406,53,184,19220,21120,20720,20740,20820
12407,53,186,35020,36980,36520,36540,36680
12408,53,187,195820,197690,197320,197340,197390
12409,53,187,223340,225340,224840,224860,225040
12410,53,187,314340,316560,315840,315860,316260
12411,53,187,325550,327560,327050,327070,327260
12412,53,187,331780,333770,333280,333300,333470
12413,53,187,335800,337860,337300,337320,337560
12414,53,187,350550,352490,352050,352070,352190
12415,53,201,69470,71330,70970,70990,71030
12416,53,201,71950,73810,73450,73470,73510
12417,53,201,111060,113060,112560,112580,112760
12418,53,201,118240,120120,119740,119760,119820
12419,53,201,120360,122370,121860,121890,122070
12420,53,201,122370,124260,123870,123890,123960
12421,53,201,131830,133830,133330,133350,133530
12422,53,201,133350,135350,134850,134870,135050
12423,53,201,149510,151410,151010,151030,151110
12424,53,201,195450,197450,196950,196970,197150
12425,53,201,198310,200320,199810,199830,200020
12426,53,203,51180,53210,52680,52700,52910
12427,53,203,54330,56340,55830,55850,56040
12428,53,203,65850,67850,67350,67370,67550
12429,53,203,88300,90170,89800,89820,89870
12430,53,203,99440,101440,100940,100960,101140
12431,53,203,103360,105200,104860,104880,104900
12432,53,203,110480,112480,111980,112000,112180
12433,53,203,113480,115360,114980,115000,115060
12434,53,207,78190,80190,79690,79710,79890
12435,53,209,72270,74180,73770,73790,73880
12436,53,216,40350,42270,41850,41870,41970
12437,53,216,53060,55010,54560,54580,54710
12438,53,225,42090,43920,43590,43610,43620
12439,53,225,48780,50620,50280,50300,50320
12440,53,225,56390,58390,57890,57910,58090
12441,53,234,90930,92930,92430,92450,92630
12442,53,235,123740,125750,125240,125260,125450
12443,53,240,83260,85220,84760,84780,84920
12444,53,241,50660,52670,52160,52180,52370
12445,53,241,87560,89570,89060,89080,89270
12446,53,246,15870,17850,17370,17390,17550
12447,53,247,121490,123510,122990,123010,123210
12448,53,247,134770,136790,136270,136290,136490
12449,53,247,142770,144730,144270,144290,144430
12450,53,247,283540,285530,285040,285060,285230
12451,53,247,315550,317880,317050,317070,317580
12452,53,247,321870,323870,323370,323390,323570
12453,53,248,520910,522810,522410,522430,522510
12454,53,248,522940,524800,524440,524460,524500
12455,53,248,533730,535790,535230,535250,535490
12456,53,251,67760,69770,69260,69280,69470
12457,53,251,78240,80220,79740,79760,79920
12458,53,257,48550,50560,50050,50070,50260
12459,53,285,21460,23340,22960,22980,23040
12460,53,319,69130,71050,70630,70650,70750
12461,53,325,28310,30290,29810,29830,29990
12462,53,325,37380,39370,38880,38900,39070
12463,53,325,47650,49550,49150,49170,49250
12464,53,327,163240,165240,164740,164760,164940
12465,54,12,142140,144140,143640,143660,143840
12466,54,12,145750,147690,147250,147270,147390
12467,54,12,173150,175110,174650,174670,174810
12468,54,12,174630,176570,176130,176150,176270
12469,54,12,222810,224760,224310,224330,224460
12470,54,12,227450,229470,228950,228970,229170
12471,54,12,237600,239550,239100,239120,239250
12472,54,12,241050,243010,242550,242570,242710
12473,54,12,245830,247720,247330,247350,247420
12474,54,12,265350,267310,266850,266870,267010
12475,54,12,267140,269190,268640,268660,268890
12476,54,12,270450,272410,271950,271980,272110
12477,54,12,272260,274350,273760,273780,274050
12478,54,12,280720,282640,282220,282240,282340
12479,54,12,286560,288530,288060,288080,288230
12480,54,12,296220,298190,297720,297740,297890
12481,54,12,320220,322200,321720,321740,321900
12482,54,12,327820,329820,329320,329340,329520
12483,54,12,352970,354980,354470,354490,354680
12484,54,12,354610,356470,356110,356130,356170
12485,54,13,38610,40620,40110,40130,40320
12486,54,13,47620,49620,49120,49140,49320
12487,54,13,86390,88290,87890,87910,87990
12488,54,13,86420,94550,87920,94240,94250
12489,54,13,92750,94800,94250,94270,94500
12490,54,13,192640,194490,194140,194160,194190
12491,54,13,197510,199520,199010,199030,199220
12492,54,13,197540,201520,199040,201210,201220
12493,54,13,199720,201720,201220,201240,201420
12494,54,13,253110,255060,254610,254630,254760
12495,54,13,253140,256610,254640,256300,256310
12496,54,13,254810,256820,256310,256330,256520
12497,54,13,287720,289800,289220,289240,289500
12498,54,13,287750,292070,289250,291760,291770
12499,54,13,290270,292260,291770,291790,291960
12500,54,13,322160,324160,323660,323680,323860
12501,54,13,394220,396110,395720,395740,395810
12502,54,13,415940,417880,417440,417460,417580
12503,54,13,492960,494870,494460,494480,494570
12504,54,14,220320,222320,221820,221840,222020
12505,54,29,396690,398690,398190,398210,398390
12506,54,29,398730,400700,400230,400250,400400
12507,54,29,420410,422410,421910,421930,422110
12508,54,29,422820,424760,424320,424340,424460
12509,54,29,430040,432040,431540,431560,431740
12510,54,29,463090,465210,464590,464610,464910
12511,54,29,499840,501840,501340,501360,501540
12512,54,29,503700,505700,505200,505220,505400
12513,54,29,522140,524140,523640,523660,523840
12514,54,29,524330,526330,525830,525850,526030
12515,54,29,524360,555110,525860,554800,554810
12516,54,29,553310,555410,554810,554830,555110
12517,54,29,615040,616960,616540,616560,616660
12518,54,30,36700,38700,38200,38220,38400
12519,54,30,143590,145460,145090,145110,145160
12520,54,30,170020,172020,171520,171540,171720
12521,54,30,232810,234790,234310,234330,234490
12522,54,30,371070,373000,372570,372590,372700
12523,54,30,374110,375970,375610,375630,375670
12524,54,30,395030,396950,396530,396550,396650
12525,54,31,23440,25450,24940,24970,25150
12526,54,31,26200,28110,27700,27720,27810
12527,54,31,81100,82990,82600,82620,82690
12528,54,31,93230,95190,94730,94750,94890
12529,54,31,111040,113050,112540,112570,112750
12530,54,31,115490,117530,116990,117010,117230
12531,54,31,215260,217260,216760,216780,216960
12532,54,31,219860,221860,221360,221380,221560
12533,54,31,226410,228420,227910,227930,228120
12534,54,31,240490,242360,241990,242010,242060
12535,54,31,256900,258900,258400,258420,258600
12536,54,31,258440,260440,259940,259960,260140
12537,54,31,333540,335540,335040,335060,335240
12538,54,31,357590,359570,359090,359110,359270
12539,54,36,20950,22950,22450,22470,22650
12540,54,36,51060,53070,52560,52580,52770
12541,54,36,56920,58930,58420,58440,58630
12542,54,36,60820,62830,62320,62340,62530
12543,54,36,64600,66600,66100,66120,66300
12544,54,36,68540,70370,70040,70060,70070
12545,54,36,71070,73080,72570,72600,72780
12546,54,36,101490,103520,102990,103010,103220
12547,54,36,104160,106190,105660,105680,105890
12548,54,36,115240,117250,116740,116770,116950
12549,54,36,116500,118500,118000,118020,118200
12550,54,36,125830,127840,127330,127360,127540
12551,54,36,128960,130800,130460,130480,130500
12552,54,36,161270,163210,162770,162790,162910
12553,54,36,175630,177600,177130,177150,177300
12554,54,36,218450,220450,219950,219970,220150
12555,54,36,244310,246140,245810,245830,245840
12556,54,36,262860,264860,264360,264380,264560
12557,54,36,290880,292880,292380,292400,292580
12558,54,36,290910,331060,292410,330750,330760
12559,54,36,329260,331110,330760,330780,330810
12560,54,36,335620,337620,337120,337140,337320
12561,54,36,337640,339610,339140,339160,339310
12562,54,36,342350,344460,343850,343870,344160
12563,54,36,344930,346930,346430,346450,346630
12564,54,36,359230,361160,360730,360750,360860
12565,54,36,369920,371790,371420,371440,371490
12566,54,36,384840,386850,386340,386360,386550
12567,54,36,427820,429770,429320,429340,429470
12568,54,36,432680,434580,434180,434200,434280
12569,54,36,432710,474510,434210,474200,474210
12570,54,36,472710,474690,474210,474230,474390
12571,54,37,14720,16720,16220,16240,16420
12572,54,37,14750,20120,16250,19810,19820
12573,54,37,18320,20320,19820,19840,20020
12574,54,37,24160,26160,25660,25680,25860
12575,54,37,26460,28430,27960,27980,28130
12576,54,37,44020,45880,45520,45540,45580
12577,54,37,49560,51450,51060,51080,51150
12578,54,37,103850,105860,105350,105370,105560
12579,54,37,169860,171820,171360,171380,171520
12580,54,37,191060,193050,192560,192580,192750
12581,54,42,231330,233340,232830,232850,233040
12582,54,42,405130,406980,406630,406650,406680
12583,54,42,405160,407430,406660,407120,407130
12584,54,42,405630,407480,407130,407150,407180
12585,54,42,405660,407930,407160,407620,407630
12586,54,42,406130,407960,407630,407650,407660
12587,54,42,414360,416190,415860,415880,415890
12588,54,42,433930,435830,435430,435450,435530
12589,54,42,480500,482510,482000,482020,482210
12590,54,42,516260,518230,517760,517780,517930
12591,54,42,547160,549170,548660,548680,548870
12592,54,45,24920,26920,26420,26440,26620
12593,54,45,71570,73690,73070,73090,73390
12594,54,45,75860,77860,77360,77380,77560
12595,54,45,79150,81120,80650,80670,80820
12596,54,45,133460,135460,134960,134980,135160
12597,54,45,135690,137670,137190,137210,137370
12598,54,45,140510,142510,142010,142030,142210
12599,54,45,142010,143940,143510,143530,143640
12600,54,45,153880,155830,155380,155400,155530
12601,54,45,294220,296220,295720,295740,295920
12602,54,45,297500,299440,299000,299020,299140
12603,54,45,384290,386120,385790,385810,385820
12604,54,45,385740,387730,387240,387260,387430
12605,54,45,387060,389000,388560,388580,388700
12606,54,45,403750,405720,405250,405270,405420
12607,54,45,496050,498050,497550,497570,497750
12608,54,45,497930,499860,499430,499450,499560
12609,54,45,515870,517700,517370,517390,517400
12610,54,45,519980,521980,521480,521500,521680
12611,54,45,566450,568450,567950,567970,568150
12612,54,45,574850,576790,576350,576370,576490
12613,54,45,589430,591430,590930,590950,591130
12614,54,45,591100,593100,592600,592620,592800
12615,54,45,595950,597900,597450,597470,597600
12616,54,59,199610,201610,201110,201130,201310
12617,54,59,201910,203880,203410,203430,203580
12618,55,2,49620,51600,51120,51140,51300
12619,55,2,56340,58170,57840,57860,57870
12620,55,2,64500,66500,66000,66020,66200
12621,55,2,122460,124470,123960,123980,124170
12622,55,2,125140,127140,126640,126660,126840
12623,55,2,132260,134110,133760,133780,133810
12624,55,2,140960,142950,142460,142480,142650
12625,55,30,115720,117730,117220,117240,117430
12626,55,30,125380,127370,126880,126900,127070
12627,55,30,126930,128930,128430,128450,128630
12628,55,30,132350,134320,133850,133870,134020
12629,55,30,134990,136830,136490,136510,136530
12630,55,30,202850,204760,204350,204370,204460
12631,55,30,204170,206170,205670,205690,205870
12632,55,30,392220,394220,393720,393740,393920
12633,55,30,393380,395210,394880,394900,394910
12634,55,30,395630,397640,397130,397150,397340
12635,55,30,412480,414310,413980,414000,414010
12636,55,30,422810,424810,424310,424330,424510
12637,55,30,428310,430310,429810,429830,430010
12638,55,30,443090,445210,444590,444610,444910
12639,55,30,446530,448860,448030,448050,448560
12640,55,30,609870,611970,611370,611390,611670
12641,55,30,609900,612180,611400,611870,611880
12642,55,30,610380,612380,611880,611900,612080
12643,55,30,705260,707260,706760,706780,706960
12644,55,167,121560,123610,123060,123080,123310
12645,55,167,136230,138230,137730,137750,137930
12646,55,167,139060,141200,140560,140590,140900
12647,55,167,140650,142740,142150,142170,142440
12648,55,167,143270,145250,144770,144790,144950
12649,55,168,106760,108630,108260,108280,108330
12650,55,177,251120,253130,252620,252640,252830
12651,55,178,58360,60380,59860,59880,60080
12652,55,178,69470,71510,70970,70990,71210
12653,55,178,138640,140650,140140,140160,140350
12654,55,185,62840,64880,64340,64360,64580
12655,55,185,64200,66310,65700,65720,66010
12656,55,185,123230,125240,124730,124750,124940
12657,55,185,125110,127080,126610,126630,126780
12658,55,185,141840,143690,143340,143360,143390
12659,55,185,142470,144470,143970,143990,144170
12660,55,185,201320,203320,202820,202840,203020
12661,55,185,233870,235880,235370,235390,235580
12662,55,185,234860,237030,236360,236380,236730
12663,55,186,68770,70710,70270,70290,70410
12664,55,186,71360,73430,72860,72880,73130
12665,55,186,73110,75060,74610,74630,74760
12666,55,186,76230,78240,77730,77750,77940
12667,55,186,80680,82640,82180,82200,82340
12668,55,186,82120,83970,83620,83640,83670
12669,55,186,139480,141720,140980,141000,141420
12670,55,186,141050,143060,142550,142570,142760
12671,55,186,142360,144370,143860,143880,144070
12672,55,186,144740,146750,146240,146260,146450
12673,55,186,149700,151850,151200,151220,151550
12674,55,186,153170,155180,154670,154690,154880
12675,55,186,160190,162200,161690,161710,161900
12676,55,234,143230,145230,144730,144750,144930
12677,55,234,149500,151820,151000,151020,151520
12678,56,1,34020,36020,35520,35540,35720
12679,56,1,75730,77570,77230,77250,77270
12680,56,1,99820,101830,101320,101340,101530
12681,56,1,124280,126110,125780,125800,125810
12682,56,1,131730,133590,133230,133250,133290
12683,56,12,61050,63060,62550,62570,62760
12684,56,12,78560,80560,80060,80080,80260
12685,56,12,80360,82310,81860,81880,82010
12686,56,12,87400,89250,88900,88920,88950
12687,56,12,88670,90600,90170,90200,90300
12688,56,12,111060,112890,112560,112580,112590
12689,56,12,114480,116480,115980,116000,116180
12690,56,13,42280,44280,43780,43800,43980
12691,56,13,46510,48520,48010,48030,48220
12692,56,13,48060,49920,49560,49580,49620
12693,56,13,50670,52700,52170,52190,52400
12694,56,13,59280,61220,60780,60800,60920
12695,56,13,70740,72740,72240,72260,72440
12696,56,25,52180,54180,53680,53700,53880
12697,56,25,107340,109420,108840,108860,109120
12698,56,25,112480,114480,113980,114000,114180
12699,56,25,115500,117370,117000,117020,117070
12700,56,25,117010,119010,118510,118530,118710
12701,56,25,127700,129550,129200,129220,129250
12702,56,25,131650,133530,133150,133180,133230
12703,56,25,140590,142490,142090,142110,142190
12704,56,25,141420,143440,142920,142940,143140
12705,56,25,146400,148320,147900,147920,148020
12706,56,25,148960,150960,150460,150480,150660
12707,56,25,167860,169970,169360,169380,169670
12708,56,25,268370,270210,269870,269890,269910
12709,56,25,274800,276730,276300,276320,276430
12710,56,25,277690,279700,279190,279210,279400
12711,56,25,280260,282270,281760,281780,281970
12712,56,25,283150,285150,284650,284670,284850
12713,56,25,293410,295360,294910,294930,295060
12714,56,25,315710,317720,317210,317230,317420
12715,56,25,319260,321210,320760,320780,320910
12716,56,25,323740,325760,325240,325260,325460
12717,56,25,331720,333560,333220,333240,333260
12718,56,25,334850,336710,336350,336370,336410
12719,56,25,336700,338700,338200,338220,338400
12720,56,25,366780,368780,368280,368300,368480
12721,56,25,406770,408770,408270,408290,408470
12722,56,25,427810,429810,429310,429330,429510
12723,56,25,431260,433240,432760,432780,432940
12724,56,25,439330,441450,440830,440850,441150
12725,56,25,440790,442800,442290,442310,442500
12726,56,25,475450,477300,476950,476970,477000
12727,56,25,480220,482050,481720,481740,481750
12728,56,25,495080,497090,496580,496600,496790
12729,56,25,503620,505530,505120,505150,505230
12730,56,25,510390,512310,511890,511910,512010
12731,56,25,516990,519080,518490,518510,518780
12732,56,25,518320,520330,519820,519840,520030
12733,56,25,519630,521630,521130,521150,521330
12734,56,25,537560,539560,539060,539080,539260
12735,56,25,543490,545600,544990,545010,545300
12736,56,25,552130,554500,553630,553650,554200
12737,56,25,563190,565130,564690,564710,564830
12738,56,25,571860,573860,573360,573380,573560
12739,56,25,597350,599330,598850,598870,599030
12740,56,25,605450,607460,606950,606970,607160
12741,56,25,607210,609200,608710,608730,608900
12742,56,25,615730,617570,617230,617250,617270
12743,56,25,629480,631410,630980,631000,631110
12744,56,25,636520,638520,638020,638040,638220
12745,56,25,657660,659600,659160,659180,659300
12746,56,25,666510,668510,668010,668030,668210
12747,56,25,674600,676600,676100,676120,676300
12748,56,25,679560,681670,681060,681080,681370
12749,56,25,683430,685470,684930,684950,685170
12750,56,25,685730,687750,687230,687250,687450
12751,56,25,687650,689630,689150,689170,689330
12752,56,25,718080,720100,719580,719600,719800
12753,56,25,721280,723540,722780,722800,723240
12754,56,25,728410,730420,729910,729930,730120
12755,56,25,734430,736430,735930,735950,736130
12756,56,25,739120,741130,740620,740640,740830
12757,56,25,749490,751730,750990,751010,751430
12758,56,25,777980,779980,779480,779500,779680
12759,56,25,797630,799610,799130,799150,799310
12760,56,25,857950,859950,859450,859470,859650
12761,56,25,868080,870090,869580,869600,869790
12762,56,25,886980,888920,888480,888500,888620
12763,56,26,41570,43800,43070,43090,43500
12764,56,26,54930,56930,56430,56450,56630
12765,56,26,69690,71660,71190,71210,71360
12766,56,26,78350,80350,79850,79870,80050
12767,56,26,84490,86510,85990,86010,86210
12768,56,26,147840,149840,149340,149360,149540
12769,56,26,169680,171680,171180,171200,171380
12770,56,26,181390,183370,182890,182910,183070
12771,56,26,195080,197090,196580,196610,196790
12772,56,26,217660,219660,219160,219180,219360
12773,56,26,232680,234690,234180,234200,234390
12774,56,26,250000,251830,251500,251520,251530
12775,56,26,278640,280640,280140,280160,280340
12776,56,26,306120,308120,307620,307640,307820
12777,56,26,344460,346470,345960,345980,346170
12778,56,26,369070,371070,370570,370590,370770
12779,56,26,394310,396320,395810,395830,396020
12780,56,26,416350,418350,417850,417870,418050
12781,56,26,427380,429210,428880,428900,428910
12782,56,26,433280,435230,434780,434800,434930
12783,56,26,453180,455210,454680,454700,454910
12784,56,26,463850,465820,465350,465370,465520
12785,56,26,463880,479430,465380,479120,479130
12786,56,26,477630,479630,479130,479150,479330
12787,56,26,484330,486360,485830,485850,486060
12788,56,26,484360,518180,485860,517870,517880
12789,56,26,516380,518490,517880,517900,518190
12790,56,26,519740,521790,521240,521260,521490
12791,56,26,531730,533730,533230,533250,533430
12792,56,26,539830,541890,541330,541350,541590
12793,56,26,543920,546050,545420,545440,545750
12794,56,26,558600,560600,560100,560120,560300
12795,56,26,563380,565390,564880,564900,565090
12796,56,26,570560,572560,572060,572080,572260
12797,56,26,570590,596830,572090,596520,596530
12798,56,26,595030,597030,596530,596550,596730
12799,56,26,603220,605050,604720,604740,604750
12800,56,26,617550,619480,619050,619070,619180
12801,56,26,620410,622410,621910,621930,622110
12802,56,26,636280,638390,637780,637800,638090
12803,56,26,643180,645050,644680,644700,644750
12804,56,26,647860,649860,649360,649380,649560
12805,56,26,650010,652000,651510,651530,651700
12806,56,26,659540,661550,661040,661060,661250
12807,56,26,689740,691620,691240,691260,691320
12808,56,26,731960,733970,733460,733480,733670
12809,56,26,734690,736700,736190,736210,736400
12810,56,26,766520,768530,768020,768040,768230
12811,56,26,773010,774990,774510,774530,774690
12812,56,26,775620,777620,777120,777140,777320
12813,56,26,778060,779960,779560,779580,779660
12814,56,26,779330,781480,780830,780850,781180
12815,56,26,786450,788480,787950,787970,788180
12816,56,26,816350,818350,817850,817870,818050
12817,56,27,5920,7820,7420,7440,7520
12818,56,27,17570,19570,19070,19090,19270
12819,56,27,22640,24650,24140,24160,24350
12820,56,27,26660,28660,28160,28180,28360
12821,56,27,40300,42310,41800,41820,42010
12822,56,29,5110,7130,6610,6630,6830
12823,56,29,7570,9670,9070,9090,9370
12824,56,29,30570,32580,32070,32090,32280
12825,56,29,53840,55840,55340,55360,55540
12826,56,29,54590,56500,56090,56110,56200
12827,56,29,55220,57230,56720,56750,56930
12828,56,29,79750,81760,81250,81270,81460
12829,56,29,194310,196250,195810,195830,195950
12830,56,29,204590,206600,206090,206110,206300
12831,56,29,235240,237190,236740,236760,236890
12832,56,29,254590,256520,256090,256110,256220
12833,56,29,258740,260700,260240,260260,260400
12834,56,29,271560,273560,273060,273080,273260
12835,56,29,277460,279460,278960,278980,279160
12836,56,29,284310,286240,285810,285830,285940
12837,56,29,286610,288610,288110,288130,288310
12838,56,29,323020,324850,324520,324540,324550
12839,56,29,327060,329070,328560,328580,328770
12840,56,29,335130,336970,336630,336650,336670
12841,56,29,345240,347140,346740,346760,346840
12842,56,29,372730,374730,374230,374250,374430
12843,56,29,401430,403260,402930,402950,402960
12844,56,29,430080,432180,431580,431600,431880
12845,56,29,436490,438440,437990,438010,438140
12846,56,29,439130,441260,440630,440650,440960
12847,56,29,440180,442190,441680,441700,441890
12848,56,29,442610,444560,444110,444130,444260
12849,56,29,462460,464340,463960,463980,464040
12850,56,29,484390,486390,485890,485910,486090
12851,56,29,491270,493270,492770,492790,492970
12852,56,29,514380,516380,515880,515900,516080
12853,56,29,516240,518450,517740,517760,518150
12854,56,29,526390,528240,527890,527910,527940
12855,56,29,537380,539330,538880,538900,539030
12856,56,29,541380,543390,542880,542900,543090
12857,56,29,548750,550750,550250,550270,550450
12858,56,29,551190,553190,552690,552710,552890
12859,56,29,563330,565330,564830,564850,565030
12860,56,29,572960,574960,574460,574480,574660
12861,56,29,584530,586500,586030,586050,586200
12862,56,30,8230,10220,9730,9750,9920
12863,56,30,16950,18960,18450,18470,18660
12864,56,30,32830,34840,34330,34350,34540
12865,56,30,34820,36820,36320,36340,36520
12866,56,30,45180,47180,46680,46700,46880
12867,56,30,57870,59870,59370,59390,59570
12868,56,30,70690,72690,72190,72210,72390
12869,56,30,116860,118710,118360,118380,118410
12870,56,31,77430,79430,78930,78950,79130
12871,56,32,61110,63110,62610,62630,62810
12872,56,32,85440,87390,86940,86960,87090
12873,56,42,65460,67580,66960,66980,67280
12874,56,44,95340,97350,96840,96860,97050
12875,56,46,450250,452410,451750,451770,452110
12876,56,46,451480,453480,452980,453000,453180
12877,56,46,463140,465130,464640,464660,464830
12878,56,46,496640,498570,498140,498170,498270
12879,56,46,517300,519310,518800,518820,519010
12880,56,46,529780,531750,531280,531300,531450
12881,56,46,533360,535360,534860,534880,535060
12882,56,46,543440,545340,544940,544960,545040
12883,56,46,546490,548490,547990,548010,548190
12884,56,46,553180,555180,554680,554700,554880
12885,56,46,554590,556590,556090,556110,556290
12886,56,48,18980,21000,20480,20500,20700
12887,56,48,24600,26530,26100,26120,26230
12888,56,48,40900,42880,42400,42420,42580
12889,56,48,44480,46480,45980,46000,46180
12890,56,48,71540,73550,73040,73060,73250
12891,56,48,87020,89030,88520,88540,88730
12892,56,48,107490,109500,108990,109010,109200
12893,56,48,110460,112470,111960,111990,112170
12894,56,48,161590,163530,163090,163110,163230
12895,56,48,164840,166840,166340,166360,166540
12896,56,48,174320,176270,175820,175840,175970
12897,56,48,176530,178530,178030,178050,178230
12898,56,48,192720,194590,194220,194240,194290
12899,56,48,194260,196260,195760,195780,195960
12900,56,48,202220,204190,203720,203740,203890
12901,56,48,210030,212030,211530,211550,211730
12902,56,48,215320,217180,216820,216840,216880
12903,56,48,216480,218580,217980,218000,218280
12904,56,48,219480,221480,220980,221000,221180
12905,56,48,234520,236520,236020,236040,236220
12906,56,48,236900,238900,238400,238420,238600
12907,56,49,34940,36940,36440,36460,36640
12908,56,49,36240,38250,37740,37760,37950
12909,56,49,46040,48020,47540,47560,47720
12910,56,49,57800,59810,59300,59330,59510
12911,56,49,76380,78380,77880,77900,78080
12912,56,49,78540,80650,80040,80060,80350
12913,56,49,96780,98750,98280,98300,98450
12914,56,49,98570,100500,100070,100090,100200
12915,56,49,114180,116180,115680,115700,115880
12916,56,49,122190,124310,123690,123710,124010
12917,56,49,128000,129880,129500,129520,129580
12918,56,49,129930,131890,131430,131450,131590
12919,56,49,172760,174720,174260,174280,174420
12920,56,49,179590,181740,181090,181110,181440
12921,56,49,186540,188430,188040,188060,188130
12922,56,49,261090,263090,262590,262610,262790
12923,56,49,269210,271180,270710,270730,270880
12924,56,49,276150,278160,277650,277670,277860
12925,56,49,280420,282420,281920,281940,282120
12926,56,49,282990,284990,284490,284510,284690
12927,56,49,313640,315540,315140,315160,315240
12928,56,49,318310,320310,319810,319830,320010
12929,56,49,324460,326340,325960,325980,326040
12930,56,49,327100,329190,328600,328620,328890
12931,56,49,347020,349030,348520,348540,348730
12932,56,49,349010,351120,350510,350530,350820
12933,56,49,370910,372920,372410,372430,372620
12934,56,49,394000,396010,395500,395520,395710
12935,56,49,399050,401050,400550,400570,400750
12936,56,49,399970,401980,401470,401490,401680
12937,56,49,428120,429980,429620,429640,429680
12938,56,49,445660,447610,447160,447180,447310
12939,56,49,452870,454700,454370,454390,454400
12940,56,49,456480,458480,457980,458000,458180
12941,56,49,474610,476610,476110,476130,476310
12942,56,49,476580,478580,478080,478100,478280
12943,56,49,480650,482660,482150,482170,482360
12944,56,49,483350,485350,484850,484870,485050
12945,56,49,494290,496290,495790,495810,495990
12946,56,49,502020,503970,503520,503540,503670
12947,56,49,511650,513770,513150,513170,513470
12948,56,49,530880,532710,532380,532400,532410
12949,56,49,537040,539040,538540,538560,538740
12950,56,49,580790,582760,582290,582310,582460
12951,56,49,582340,584340,583840,583860,584040
12952,56,49,589690,591690,591190,591210,591390
12953,56,49,596870,599010,598370,598390,598710
12954,56,49,600340,602300,601840,601860,602000
12955,56,49,607930,610060,609430,609460,609760
12956,56,49,610930,613010,612430,612450,612710
12957,56,49,621280,623280,622780,622800,622980
12958,56,52,53070,55070,54570,54590,54770
12959,56,52,57340,59170,58840,58860,58870
12960,56,52,59950,61850,61450,61470,61550
12961,56,52,59980,68330,61480,68020,68030
12962,56,52,66530,68370,68030,68050,68070
12963,56,52,69530,71380,71030,71050,71080
12964,56,52,69560,77640,71060,77330,77340
12965,56,52,75840,77780,77340,77360,77480
12966,56,52,108030,109900,109530,109550,109600
12967,56,52,114060,116010,115560,115580,115710
12968,56,52,160710,162650,162210,162230,162350
12969,56,52,194010,196010,195510,195530,195710
12970,56,52,197580,199490,199080,199100,199190
12971,56,52,292560,294560,294060,294080,294260
12972,56,52,315660,317500,317160,317180,317200
12973,56,52,318010,319940,319510,319530,319640
12974,56,54,117540,119550,119040,119060,119250
12975,56,54,144780,146630,146280,146300,146330
12976,56,54,147950,149930,149450,149470,149630
12977,56,54,161560,163560,163060,163080,163260
12978,56,54,165180,167180,166680,166700,166880
12979,56,54,234500,236390,236000,236020,236090
12980,56,54,249050,251060,250550,250570,250760
12981,56,54,418540,420700,420040,420060,420400
12982,56,54,435370,437220,436870,436890,436920
12983,56,62,110010,112010,111510,111530,111710
12984,56,71,84450,86290,85950,85970,85990
12985,56,71,85280,87410,86780,86800,87110
12986,56,80,47560,49570,49060,49080,49270
12987,56,80,48450,50300,49950,49970,50000
12988,56,93,132230,134400,133730,133750,134100
12989,56,94,31830,33830,33330,33350,33530
12990,56,95,102360,104410,103860,103880,104110
12991,56,95,104120,105970,105620,105640,105670
12992,56,95,111810,113810,113310,113330,113510
12993,56,95,132760,134600,134260,134280,134300
12994,56,95,135870,137740,137370,137390,137440
12995,56,96,20440,22440,21940,21960,22140
12996,56,96,88470,90300,89970,89990,90000
12997,56,105,59170,61180,60670,60690,60880
12998,56,105,72620,74460,74120,74140,74160
12999,56,105,85220,87150,86720,86740,86850
13000,56,105,110100,112090,111600,111620,111790
13001,56,108,43480,45310,44980,45000,45010
13002,56,108,45050,47080,46550,46570,46780
13003,56,108,59770,61770,61270,61290,61470
13004,56,112,98960,100890,100460,100480,100590
13005,56,112,114500,116510,116000,116030,116210
13006,56,112,130070,132070,131570,131590,131770
13007,56,112,144910,146910,146410,146430,146610
13008,56,112,171150,172980,172650,172670,172680
13009,56,113,50140,56370,51640,56060,56070
13010,56,113,54570,56510,56070,56090,56210
13011,56,113,63980,65980,65480,65500,65680
13012,56,113,99910,101920,101410,101430,101620
13013,56,113,100520,102380,102020,102040,102080
13014,56,119,87300,89130,88800,88820,88830
13015,56,119,103490,105500,104990,105010,105200
13016,56,119,118340,120350,119840,119860,120050
13017,56,126,59910,61920,61410,61440,61620
13018,56,126,63970,65970,65470,65490,65670
13019,56,126,95550,97550,97050,97070,97250
13020,56,140,100840,102840,102340,102360,102540
13021,56,140,189600,191600,191100,191120,191300
13022,56,140,193090,195100,194590,194610,194800
13023,56,140,209080,211080,210580,210600,210780
13024,56,140,215880,217940,217380,217400,217640
13025,56,140,217590,219600,219090,219120,219300
13026,57,1,52420,54250,53920,53940,53950
13027,57,1,59760,61760,61260,61280,61460
13028,57,47,169440,171330,170940,170960,171030
13029,57,47,189250,191150,190750,190770,190850
13030,57,373,186560,188400,188060,188080,188100
13031,57,373,188800,190800,190300,190320,190500
13032,57,373,190980,192960,192480,192500,192660
13033,57,373,195650,197650,197150,197170,197350
13034,57,373,197260,199220,198760,198780,198920
13035,57,373,214540,216570,216040,216060,216270
13036,57,373,227410,229410,228910,228930,229110
13037,57,373,239890,241890,241390,241410,241590
13038,57,373,243890,245890,245390,245410,245590
13039,57,373,255020,257210,256520,256540,256910
13040,57,373,288180,290180,289680,289700,289880
13041,57,373,325440,327440,326940,326960,327140
13042,57,373,393190,395190,394690,394710,394890
13043,57,373,399070,401070,400570,400590,400770
13044,57,373,404360,406370,405860,405880,406070
13045,57,373,446380,448340,447880,447900,448040
13046,57,373,477140,479140,478640,478660,478840
13047,57,373,490000,491970,491500,491520,491670
13048,57,373,496840,498670,498340,498360,498370
13049,57,373,498860,500720,500360,500380,500420
13050,57,373,514960,517150,516460,516480,516850
13051,57,373,515940,517940,517440,517460,517640
13052,57,382,66700,68680,68200,68220,68380
13053,57,382,75330,77340,76830,76860,77040
13054,57,382,77930,79830,79430,79450,79530
13055,57,382,96050,97950,97550,97570,97650
13056,57,382,97810,99760,99310,99330,99460
13057,57,382,101740,103850,103240,103260,103550
13058,57,382,103750,105670,105250,105270,105370
13059,57,382,111480,113480,112980,113000,113180
13060,57,382,129260,131260,130760,130780,130960
13061,57,382,138200,140210,139700,139720,139910
13062,57,382,142580,144480,144080,144100,144180
13063,57,382,148560,150560,150060,150080,150260
13064,57,382,156780,158780,158280,158300,158480
13065,57,382,158340,160340,159840,159860,160040
13066,57,382,171840,173840,173340,173360,173540
13067,57,382,206880,208880,208380,208400,208580
13068,57,382,225980,228000,227480,227500,227700
13069,57,384,22310,24320,23810,23830,24020
13070,57,384,45060,47070,46560,46590,46770
13071,57,384,46670,48640,48170,48190,48340
13072,57,384,57170,59170,58670,58690,58870
13073,57,384,64860,66860,66360,66380,66560
13074,57,384,81140,83080,82640,82660,82780
13075,57,384,94100,96110,95600,95620,95810
13076,57,384,98650,100660,100150,100180,100360
13077,57,384,116810,118950,118310,118330,118650
13078,57,384,152490,154490,153990,154010,154190
13079,57,384,154220,156220,155720,155740,155920
13080,57,503,187550,189490,189050,189070,189190
13081,57,503,248660,250660,250160,250180,250360
13082,57,503,258720,260600,260220,260240,260300
13083,57,503,383370,385380,384870,384890,385080
13084,57,503,386340,388350,387840,387860,388050
13085,57,503,403120,404970,404620,404640,404670
13086,57,503,403850,405850,405350,405370,405550
13087,57,503,427470,429470,428970,428990,429170
13088,57,503,427500,431640,429000,431330,431340
13089,57,503,429840,431740,431340,431360,431440
13090,57,503,431080,432970,432580,432600,432670
13091,57,503,433880,435720,435380,435400,435420
13092,57,503,436040,438050,437540,437560,437750
13093,57,503,436630,438640,438130,438150,438340
13094,57,503,444510,446510,446010,446030,446210
13095,57,503,445560,447570,447060,447080,447270
13096,57,508,67290,69190,68790,68810,68890
13097,57,508,97600,99560,99100,99130,99260
13098,57,508,101310,103440,102810,102830,103140
13099,57,508,126890,128750,128390,128410,128450
13100,57,669,59040,61020,60540,60560,60720
13101,57,669,60160,62160,61660,61680,61860
13102,57,669,72530,74460,74030,74050,74160
13103,57,669,78770,80770,80270,80290,80470
13104,57,669,81370,83300,82870,82890,83000
13105,57,669,85540,87470,87040,87060,87170
13106,57,669,87940,89900,89440,89460,89600
13107,57,669,93050,94930,94550,94570,94630
13108,57,669,110760,112610,112260,112280,112310
13109,57,669,119150,121150,120650,120670,120850
13110,57,669,127040,129050,128540,128560,128750
13111,57,669,131610,133620,133110,133130,133320
13112,57,669,150660,152620,152160,152180,152320
13113,57,669,152870,154870,154370,154390,154570
13114,57,669,171940,173900,173440,173460,173600
13115,57,669,173040,175140,174540,174560,174840
13116,57,669,192130,194130,193630,193650,193830
13117,57,669,195710,197680,197210,197230,197380
13118,57,669,200400,202400,201900,201920,202100
13119,57,676,315610,317610,317110,317130,317310
13120,57,676,317690,319660,319190,319210,319360
13121,57,676,321730,323740,323230,323260,323440
13122,57,676,332770,334710,334270,334290,334410
13123,57,676,341040,343050,342540,342560,342750
13124,57,676,349390,351390,350890,350920,351090
13125,57,676,365990,368000,367490,367510,367700
13126,57,676,377740,379720,379240,379260,379420
13127,57,676,377770,388590,379270,388280,388290
13128,57,676,392400,394380,393900,393920,394080
13129,57,676,409510,411490,411010,411030,411190
13130,57,676,418850,420850,420350,420370,420550
13131,57,676,431410,433380,432910,432930,433080
13132,57,676,447470,449470,448970,448990,449170
13133,57,676,454940,456950,456440,456460,456650
13134,57,676,455540,457540,457040,457060,457240
13135,58,1,112660,114960,114160,114180,114660
13136,58,7,121740,123750,123240,123260,123450
13137,58,12,187580,189570,189080,189100,189270
13138,58,14,60640,62760,62140,62160,62460
13139,58,14,128830,130800,130330,130350,130500
13140,58,19,135910,137920,137410,137430,137620
13141,58,19,141330,143460,142830,142850,143160
13142,58,19,184990,186830,186490,186510,186530
13143,58,23,152990,154940,154490,154510,154640
13144,58,34,38860,40880,40360,40380,40580
13145,58,34,45280,47290,46780,46800,46990
13146,58,34,46350,48360,47850,47870,48060
13147,58,34,72170,74040,73670,73690,73740
13148,58,34,147990,150010,149490,149510,149710
13149,58,34,148020,162560,149520,162250,162260
13150,58,34,160760,162730,162260,162280,162430
13151,58,34,191740,193750,193240,193260,193450
13152,58,37,39440,41270,40940,40960,40970
13153,58,37,70690,72700,72190,72210,72400
13154,58,37,92460,94290,93960,93980,93990
13155,58,37,223500,225340,225000,225020,225040
13156,58,37,225540,227370,227040,227060,227070
13157,58,37,234740,236750,236240,236260,236450
13158,58,37,240870,242870,242370,242390,242570
13159,58,38,159350,161340,160850,160870,161040
13160,58,38,162830,164910,164330,164350,164610
13161,58,43,247830,249820,249330,249350,249520
13162,58,47,24830,26680,26330,26350,26380
13163,58,48,63530,65590,65030,65050,65290
13164,58,48,65820,67820,67320,67340,67520
13165,58,48,79930,81930,81430,81450,81630
13166,58,48,146330,148240,147830,147850,147940
13167,58,48,148790,150810,150290,150320,150510
13168,58,50,197430,199550,198930,198950,199250
13169,58,50,264400,266380,265900,265920,266080
13170,58,52,160610,162610,162110,162130,162310
13171,58,52,166470,168340,167970,167990,168040
13172,58,53,18560,20570,20060,20080,20270
13173,58,53,146410,148320,147910,147930,148020
13174,58,53,213890,215850,215390,215410,215550
13175,58,53,216060,218060,217560,217580,217760
13176,58,53,271840,273850,273340,273360,273550
13177,58,53,279020,281020,280520,280540,280720
13178,58,53,344300,346300,345800,345820,346000
13179,58,53,381820,383650,383320,383340,383350
13180,58,54,111040,113040,112540,112560,112740
13181,58,54,350170,352170,351670,351690,351870
13182,58,54,357500,359510,359000,359020,359210
13183,58,54,407400,409330,408900,408920,409030
13184,58,54,410330,412340,411830,411850,412040
13185,58,54,417730,419810,419230,419250,419510
13186,58,54,429620,431590,431120,431140,431290
13187,58,59,93110,95120,94610,94630,94820
13188,58,59,119460,121460,120960,120980,121160
13189,58,59,195460,197370,196960,196980,197070
13190,58,59,196680,198610,198180,198200,198310
13191,58,59,213690,215720,215190,215210,215420
13192,58,59,219990,222000,221490,221510,221700
13193,58,59,237630,239460,239130,239150,239160
13194,58,59,253880,255870,255380,255400,255570
13195,58,59,272910,274750,274410,274430,274450
13196,58,60,32820,34860,34320,34340,34560
13197,58,73,160650,162730,162150,162170,162430
13198,58,74,26920,28920,28420,28440,28620
13199,58,75,78660,80660,80160,80180,80360
13200,58,75,81590,83490,83090,83110,83190
13201,58,75,109720,111660,111220,111240,111360
13202,58,77,99930,101790,101430,101450,101490
13203,58,80,164320,166340,165820,165840,166040
13204,58,80,245260,247220,246760,246780,246920
13205,58,83,25690,27690,27190,27210,27390
13206,58,83,28210,30120,29710,29730,29820
13207,58,84,42320,44320,43820,43840,44020
13208,58,84,46340,48340,47840,47860,48040
13209,58,84,130020,132090,131520,131540,131790
13210,58,84,139280,141110,140780,140800,140810
13211,58,85,120550,122670,122050,122070,122370
13212,58,87,73690,75710,75190,75210,75410
13213,58,87,81890,83890,83390,83410,83590
13214,58,87,195480,197310,196980,197000,197010
13215,58,87,200140,202100,201640,201660,201800
13216,58,87,298950,300850,300450,300470,300550
13217,58,90,214140,216150,215640,215660,215850
13218,58,91,266720,268760,268220,268240,268460
13219,58,93,233960,235820,235460,235480,235520
13220,58,98,47130,48990,48630,48650,48690
13221,58,98,57620,59700,59120,59140,59400
13222,58,98,57650,59880,59150,59500,59580
13223,58,98,58010,59880,59510,59530,59580
13224,58,98,66340,68450,67840,67860,68150
13225,58,98,70330,72330,71830,71850,72030
13226,58,98,122180,124140,123680,123700,123840
13227,58,98,184070,186040,185570,185590,185740
13228,58,104,142400,144410,143900,143920,144110
13229,58,104,151090,153100,152590,152610,152800
13230,58,104,212500,214580,214000,214020,214280
13231,58,104,214040,215880,215540,215560,215580
13232,58,104,233340,235200,234840,234860,234900
13233,58,104,253740,255740,255240,255260,255440
13234,58,104,271780,273800,273280,273300,273500
13235,58,106,66290,68310,67790,67810,68010
13236,58,106,72000,74010,73500,73520,73710
13237,58,106,74030,75960,75530,75550,75660
13238,58,106,134610,136610,136110,136130,136310
13239,58,106,137890,139890,139390,139410,139590
13240,58,107,131500,133630,133000,133020,133330
13241,58,107,160510,162350,162010,162030,162050
13242,58,107,225400,227410,226900,226920,227110
13243,58,112,71180,73030,72680,72700,72730
13244,58,112,130640,132640,132140,132160,132340
13245,58,114,48710,50880,50210,50230,50580
13246,58,114,163770,165770,165270,165290,165470
13247,58,115,101820,103830,103320,103340,103530
13248,58,115,102480,104480,103980,104000,104180
13249,58,115,153100,155100,154600,154620,154800
13250,58,120,161220,163450,162720,162740,163150
13251,58,121,56140,58110,57640,57660,57810
13252,58,121,99290,101430,100790,100810,101130
13253,58,121,110970,112980,112470,112500,112680
13254,58,121,135240,137110,136740,136760,136810
13255,58,121,135740,137770,137240,137260,137470
13256,58,121,175090,177060,176590,176610,176760
13257,58,121,176060,178050,177560,177580,177750
13258,58,123,43530,45370,45030,45050,45070
13259,58,123,44030,45870,45530,45550,45570
13260,58,123,170310,172490,171810,171830,172190
13261,58,125,21300,23300,22800,22820,23000
13262,58,127,45920,48160,47420,47440,47860
13263,58,127,95430,97260,96930,96950,96960
13264,58,127,98600,100440,100100,100120,100140
13265,58,127,102250,104250,103750,103770,103950
13266,58,127,119850,121700,121350,121370,121400
13267,58,128,140630,142630,142130,142150,142330
13268,58,128,142300,144340,143800,143820,144040
13269,58,128,304770,306770,306270,306290,306470
13270,58,133,51780,53790,53280,53300,53490
13271,58,133,70180,72180,71680,71700,71880
13272,58,133,85800,87880,87300,87320,87580
13273,58,133,129870,131990,131370,131390,131690
13274,58,133,130680,132510,132180,132200,132210
13275,58,133,135570,137570,137070,137090,137270
13276,58,135,138640,140640,140140,140160,140340
13277,58,135,195480,197530,196980,197000,197230
13278,58,137,27750,29630,29250,29280,29330
13279,58,137,37380,39320,38880,38900,39020
13280,58,138,63500,65340,65000,65020,65040
13281,58,138,66390,68390,67890,67910,68090
13282,58,143,94840,96950,96340,96360,96650
13283,58,154,45940,48060,47440,47460,47760
13284,58,154,47900,49730,49400,49420,49430
13285,58,154,50430,52470,51930,51950,52170
13286,58,154,55730,57740,57230,57260,57440
13287,58,154,56560,58560,58060,58080,58260
13288,58,154,78310,80310,79810,79830,80010
13289,58,154,79010,81010,80510,80530,80710
13290,58,154,124110,126050,125610,125630,125750
13291,58,154,132740,134740,134240,134260,134440
13292,58,160,51460,53670,52960,52980,53370
13293,58,160,52370,54210,53870,53890,53910
13294,58,160,64900,66900,66400,66420,66600
13295,58,160,105440,107390,106940,106960,107090
13296,58,160,111030,113020,112530,112550,112720
13297,58,160,121740,123690,123240,123260,123390
13298,58,163,45430,47330,46930,46950,47030
13299,58,163,141980,143810,143480,143500,143510
13300,58,168,36020,37850,37520,37540,37550
13301,58,168,60070,62070,61570,61590,61770
13302,58,168,65340,67170,66840,66860,66870
13303,58,174,42590,44650,44090,44110,44350
13304,58,174,114970,116980,116470,116490,116680
13305,58,176,38460,40480,39960,39990,40180
13306,58,176,41580,43680,43080,43100,43380
13307,58,177,144140,145970,145640,145660,145670
13308,58,179,32230,34240,33730,33760,33940
13309,58,180,49140,51150,50640,50660,50850
13310,58,180,70670,72600,72170,72190,72300
13311,58,180,83520,85350,85020,85040,85050
13312,58,180,111740,113740,113240,113260,113440
13313,58,180,140740,142780,142240,142260,142480
13314,58,186,48150,50130,49650,49670,49830
13315,58,187,46190,48020,47690,47710,47720
13316,58,187,71120,73130,72620,72640,72830
13317,58,196,25520,27450,27020,27040,27150
13318,58,196,30470,32470,31970,31990,32170
13319,58,197,42030,44150,43530,43550,43850
13320,58,197,62140,64150,63640,63660,63850
13321,58,197,67830,69860,69330,69350,69560
13322,58,197,129720,131730,131220,131240,131430
13323,58,197,131810,133640,133310,133330,133340
13324,58,198,154020,156020,155520,155540,155720
13325,58,198,209800,211810,211300,211320,211510
13326,58,198,210910,212840,212410,212430,212540
13327,58,198,259780,261630,261280,261300,261330
13328,58,198,260670,262780,262170,262190,262480
13329,58,198,276020,278030,277520,277540,277730
13330,59,1,88730,90580,90230,90250,90280
13331,59,1,90870,92880,92370,92390,92580
13332,59,1,105740,107740,107240,107260,107440
13333,59,1,118530,120370,120030,120050,120070
13334,59,1,118560,122540,120060,122230,122240
13335,59,1,120740,122580,122240,122270,122280
13336,59,6,42450,44420,43950,43970,44120
13337,59,16,28140,30260,29640,29660,29960
13338,59,16,37070,38990,38570,38590,38690
13339,59,16,46820,48800,48320,48340,48500
13340,59,19,28590,30650,30090,30110,30350
13341,59,21,36800,38810,38300,38330,38510
13342,59,21,60230,62230,61730,61750,61930
13343,59,21,63710,65540,65210,65230,65240
13344,59,22,106250,108110,107750,107770,107810
13345,59,22,114500,116500,116000,116020,116200
13346,59,31,26220,28240,27720,27740,27940
13347,59,31,33460,35430,34960,34980,35130
13348,59,31,61460,63510,62960,62980,63210
13349,59,33,18940,20940,20440,20460,20640
13350,59,33,38560,40390,40060,40080,40090
13351,59,35,70780,72970,72280,72300,72670
13352,59,50,21260,23470,22760,22780,23170
13353,59,50,50620,52570,52120,52140,52270
13354,59,51,21200,23100,22700,22720,22800
13355,59,51,110130,112130,111630,111650,111830
13356,59,51,284390,286280,285890,285910,285980
13357,59,51,292170,294020,293670,293690,293720
13358,59,51,296650,298500,298150,298170,298200
13359,59,51,303050,304950,304550,304570,304650
13360,59,55,73090,75090,74590,74610,74790
13361,59,55,80650,82640,82150,82170,82340
13362,59,56,30190,32160,31690,31710,31860
13363,59,56,37560,39550,39060,39080,39250
13364,59,56,39140,41110,40640,40660,40810
13365,59,56,41910,43830,43410,43440,43530
13366,59,57,24070,26070,25570,25590,25770
13367,59,57,52720,54570,54220,54240,54270
13368,59,57,54690,56520,56190,56210,56220
13369,59,57,55720,57780,57220,57240,57480
13370,59,57,58040,59980,59540,59560,59680
13371,59,58,59110,61110,60610,60630,60810
13372,59,58,204410,206240,205910,205930,205940
13373,59,58,233190,235270,234690,234710,234970
13374,59,58,266850,268780,268350,268370,268480
13375,59,58,421790,423790,423290,423310,423490
13376,59,65,89150,91000,90650,90670,90700
13377,59,67,44570,46500,46070,46090,46200
13378,59,71,43390,45390,44890,44910,45090
13379,59,80,49560,51750,51060,51080,51450
13380,59,83,35030,36990,36530,36550,36690
13381,59,83,45230,47240,46730,46750,46940
13382,59,85,48370,50340,49870,49890,50040
13383,59,85,80950,83010,82450,82470,82710
13384,59,86,22710,24710,24210,24230,24410
13385,59,103,89960,91980,91460,91480,91680
13386,59,103,119970,121990,121470,121490,121690
13387,59,105,30350,32450,31850,31870,32150
13388,59,105,45890,47890,47390,47410,47590
13389,59,107,55370,57340,56870,56890,57040
13390,59,107,57690,59690,59190,59210,59390
13391,59,107,65170,67010,66670,66690,66710
13392,59,107,91810,93810,93310,93330,93510
13393,59,107,94250,96220,95750,95770,95920
13394,59,112,154920,156920,156420,156440,156620
13395,59,112,199950,201950,201450,201470,201650
13396,59,112,203270,205390,204770,204790,205090
13397,59,112,237850,239850,239350,239370,239550
13398,59,112,275010,277010,276510,276530,276710
13399,59,112,279320,281320,280820,280840,281020
13400,59,112,301730,303700,303230,303250,303400
13401,59,112,303500,305330,305000,305020,305030
13402,59,112,316520,318450,318020,318040,318150
13403,59,112,397690,399680,399190,399210,399380
13404,59,112,423740,425860,425240,425260,425560
13405,59,112,424390,426360,425890,425910,426060
13406,59,112,437000,439000,438500,438520,438700
13407,59,112,539160,541160,540660,540680,540860
13408,59,112,545270,547100,546770,546790,546800
13409,59,112,563160,565180,564660,564680,564880
13410,59,112,582010,583970,583510,583530,583670
13411,59,112,590080,592040,591580,591600,591740
13412,59,112,636450,638560,637950,637970,638260
13413,59,112,676160,678160,677660,677680,677860
13414,59,112,710930,712930,712430,712450,712630
13415,59,113,69500,71500,71000,71020,71200
13416,59,113,123650,125610,125150,125170,125310
13417,59,113,142170,144170,143670,143690,143870
13418,59,113,145320,147240,146820,146840,146940
13419,59,113,181930,183960,183430,183450,183660
13420,59,113,235180,237180,236680,236700,236880
13421,59,113,241650,243660,243150,243170,243360
13422,59,113,292150,294150,293650,293670,293850
13423,59,113,295230,297110,296730,296750,296810
13424,59,113,297240,299230,298740,298760,298930
13425,59,113,302430,304260,303930,303950,303960
13426,59,113,316790,318790,318290,318310,318490
13427,59,113,320940,322940,322440,322460,322640
13428,59,115,99020,101020,100520,100540,100720
13429,59,115,107860,109860,109360,109380,109560
13430,59,115,138950,141050,140450,140470,140750
13431,59,122,67300,69140,68800,68820,68840
13432,59,123,51010,53030,52510,52530,52730
13433,59,123,58610,60610,60110,60130,60310
13434,59,123,72110,74130,73610,73640,73830
13435,59,123,85400,87610,86900,86930,87310
13436,59,125,66910,68760,68410,68430,68460
13437,59,128,37240,39150,38740,38760,38850
13438,59,128,46150,48040,47650,47670,47740
13439,59,133,54710,56630,56210,56230,56330
13440,59,136,24190,26050,25690,25710,25750
13441,59,136,35900,37900,37400,37420,37600
13442,59,136,38530,40430,40030,40050,40130
13443,59,136,56530,58590,58030,58050,58290
13444,59,137,86320,88260,87820,87840,87960
13445,59,138,203150,205190,204650,204670,204890
13446,59,138,346360,348190,347860,347880,347890
13447,59,141,20750,22750,22250,22270,22450
13448,59,151,23980,25980,25480,25500,25680
13449,59,151,42410,44420,43910,43930,44120
13450,59,151,52480,54480,53980,54000,54180
13451,59,154,85950,87930,87450,87470,87630
13452,59,159,24570,26570,26070,26090,26270
13453,59,159,48640,50560,50140,50160,50260
13454,59,167,36750,38820,38250,38270,38520
13455,59,167,56320,58260,57820,57840,57960
13456,59,167,59120,61060,60620,60640,60760
13457,59,167,72500,74600,74000,74020,74300
13458,59,169,28260,30260,29760,29780,29960
13459,59,170,63630,65580,65130,65150,65280
13460,59,174,80600,82430,82100,82120,82130
13461,59,174,82180,84070,83680,83700,83770
13462,59,174,85620,87740,87120,87140,87440
13463,59,174,89690,91660,91190,91210,91360
13464,59,174,93450,95450,94950,94970,95150
13465,59,194,62300,64310,63800,63820,64010
13466,59,194,81870,83780,83370,83390,83480
13467,59,200,91430,93430,92930,92950,93130
13468,59,200,159920,161830,161420,161440,161530
13469,59,200,164090,166040,165590,165610,165740
13470,59,200,175550,177480,177050,177070,177180
13471,59,200,184790,186790,186290,186310,186490
13472,59,200,189300,191310,190800,190820,191010
13473,59,200,191940,193940,193440,193460,193640
13474,59,200,193390,195310,194890,194910,195010
13475,60,1,54480,56480,55980,56000,56180
13476,60,1,55250,57160,56750,56770,56860
13477,60,2,17810,19810,19310,19330,19510
13478,60,2,29510,31520,31010,31030,31220
13479,60,2,54180,56180,55680,55700,55880
13480,60,2,57090,59220,58590,58610,58920
13481,60,2,82980,84990,84480,84500,84690
13482,60,2,103110,105110,104610,104630,104810
13483,60,151,329030,331030,330530,330550,330730
13484,60,151,333680,335620,335180,335200,335320
13485,60,151,337960,339900,339460,339480,339600
13486,60,151,340060,342060,341560,341580,341760
13487,60,151,370290,372290,371790,371810,371990
13488,60,151,372770,374720,374270,374290,374420
13489,60,151,385200,387200,386700,386720,386900
13490,60,151,390320,392180,391820,391850,391880
13491,60,151,414470,416390,415970,416000,416090
13492,60,151,420450,422440,421950,421970,422140
13493,60,151,493470,495480,494970,494990,495180
13494,60,151,495040,497060,496540,496560,496760
13495,60,151,584100,586110,585600,585620,585810
13496,60,151,660890,662820,662390,662410,662520
13497,60,151,664960,666930,666460,666480,666630
13498,60,151,666140,668260,667640,667660,667960
13499,60,151,667760,669690,669260,669280,669390
13500,60,151,683740,685850,685240,685260,685550
13501,60,151,685660,687620,687160,687180,687320
13502,60,151,704330,706440,705830,705850,706140
13503,60,151,708260,710250,709760,709780,709950
13504,60,151,714220,716230,715720,715750,715930
13505,60,151,716010,717960,717510,717530,717660
13506,60,152,14020,16020,15520,15540,15720
13507,60,152,20910,23010,22410,22430,22710
13508,60,152,30200,32160,31700,31720,31860
13509,60,152,34880,37000,36380,36400,36700
13510,60,152,52500,54620,54000,54030,54320
13511,60,152,57280,59290,58780,58800,58990
13512,60,152,76820,78820,78320,78340,78520
13513,60,152,78180,80190,79680,79700,79890
13514,60,152,84100,86100,85600,85620,85800
13515,60,152,88940,90940,90440,90460,90640
13516,60,152,110820,112780,112320,112340,112480
13517,60,152,161320,163290,162820,162840,162990
13518,60,153,14240,16230,15740,15760,15930
13519,60,153,21270,23270,22770,22790,22970
13520,60,153,28500,30410,30000,30020,30110
13521,60,153,54530,56650,56030,56050,56350
13522,60,153,66660,68660,68160,68180,68360
13523,60,153,66690,72970,68190,72660,72670
13524,60,153,71170,73180,72670,72690,72880
13525,60,153,91780,93780,93280,93300,93480
13526,60,153,101970,103970,103470,103490,103670
13527,60,153,106270,108270,107770,107790,107970
13528,60,153,114110,116110,115610,115630,115810
13529,60,153,129980,131980,131480,131500,131680
13530,60,153,130830,132840,132330,132360,132540
13531,60,153,130870,138290,132370,137980,137990
13532,60,153,136490,138490,137990,138010,138190
13533,60,153,145920,147830,147420,147440,147530
13534,60,153,153420,155270,154920,154940,154970
13535,60,153,156860,158840,158360,158380,158540
13536,60,153,177620,179620,179120,179140,179320
13537,60,153,192630,194520,194130,194150,194220
13538,60,153,197840,199850,199340,199360,199550
13539,60,153,228470,230470,229970,229990,230170
13540,60,153,231250,233250,232750,232770,232950
13541,60,153,249600,251610,251100,251120,251310
13542,60,153,255110,257110,256610,256630,256810
13543,60,153,261060,263060,262560,262580,262760
13544,60,153,269210,271210,270710,270730,270910
13545,60,153,296570,298570,298070,298090,298270
13546,60,153,299050,300970,300550,300570,300670
13547,60,153,329350,331470,330850,330870,331170
13548,60,153,338930,340970,340430,340450,340670
13549,60,153,344590,346490,346090,346110,346190
13550,60,153,364440,366450,365940,365970,366150
13551,60,153,372710,374710,374210,374230,374410
13552,60,153,405190,407300,406690,406710,407000
13553,60,153,406610,408630,408110,408130,408330
13554,60,153,449440,451440,450940,450960,451140
13555,60,153,449470,452790,450970,452480,452490
13556,60,153,450990,453000,452490,452510,452700
13557,60,153,464980,466830,466480,466500,466530
13558,60,153,470930,472870,472430,472450,472570
13559,60,153,485820,487830,487320,487340,487530
13560,60,153,497550,499630,499050,499070,499330
13561,60,153,546280,548310,547780,547800,548010
13562,60,153,562580,564580,564080,564100,564280
13563,60,153,564250,566140,565750,565770,565840
13564,60,153,607860,609870,609360,609380,609570
13565,60,153,662550,664530,664050,664070,664230
13566,60,153,721960,723940,723460,723480,723640
13567,60,153,721990,724270,723490,723960,723970
13568,60,153,722470,724310,723970,723990,724010
13569,60,155,157930,159890,159430,159450,159590
13570,60,155,176200,178210,177700,177720,177910
13571,60,155,180040,182040,181540,181560,181740
13572,60,156,45870,47800,47370,47390,47500
13573,60,156,47240,49410,48740,48760,49110
13574,60,156,51280,53250,52780,52800,52950
13575,60,156,60880,62880,62380,62400,62580
13576,60,156,65940,67940,67440,67460,67640
13577,60,156,67800,69790,69300,69320,69490
13578,60,156,71090,73090,72590,72610,72790
13579,60,156,78940,80950,80440,80460,80650
13580,60,156,86590,88600,88090,88110,88300
13581,60,156,90790,92800,92290,92310,92500
13582,60,156,97720,99670,99220,99240,99370
13583,60,156,99190,101330,100690,100710,101030
13584,60,156,116210,118210,117710,117730,117910
13585,60,156,162360,164370,163860,163880,164070
13586,60,156,193940,195940,195440,195460,195640
13587,60,156,196040,198010,197540,197560,197710
13588,60,156,209040,211050,210540,210560,210750
13589,60,156,210830,212830,212330,212350,212530
13590,60,156,244170,246180,245670,245690,245880
13591,60,156,245990,247990,247490,247510,247690
13592,60,156,252210,254130,253710,253730,253830
13593,60,156,254880,256880,256380,256400,256580
13594,60,156,264440,266300,265940,265960,266000
13595,60,156,264470,273600,265970,273290,273300
13596,60,156,271800,273760,273300,273320,273460
13597,60,156,277260,279090,278760,278780,278790
13598,60,156,444700,446700,446200,446220,446400
13599,60,156,444730,454380,446230,454070,454080
13600,60,156,452580,454590,454080,454100,454290
13601,60,156,551360,553360,552860,552880,553060
13602,60,156,555480,557370,556980,557000,557070
13603,60,156,586230,588240,587730,587750,587940
13604,60,156,587220,589140,588720,588740,588840
13605,60,156,598040,600040,599540,599560,599740
13606,60,156,607580,609590,609080,609100,609290
13607,60,156,647890,649890,649390,649410,649590
13608,60,156,649220,651170,650720,650740,650870
13609,60,156,654900,656900,656400,656420,656600
13610,60,156,656210,658160,657710,657730,657860
13611,60,156,666320,668360,667820,667840,668060
13612,60,156,668260,670260,669760,669780,669960
13613,60,156,670850,672960,672350,672370,672660
13614,60,156,686330,688340,687830,687850,688040
13615,60,156,698250,700250,699750,699770,699950
13616,60,156,703410,705380,704910,704930,705080
13617,60,156,723520,725560,725020,725040,725260
13618,60,156,725060,726890,726560,726580,726590
13619,60,156,730910,732910,732410,732430,732610
13620,60,156,730940,734870,732440,734560,734570
13621,60,156,733070,735070,734570,734590,734770
13622,60,156,738520,740360,740020,740040,740060
13623,60,156,780560,782570,782060,782080,782270
13624,60,156,788250,790080,789750,789770,789780
13625,60,156,795390,797390,796890,796910,797090
13626,60,156,799360,801360,800860,800880,801060
13627,60,156,816530,818500,818030,818050,818200
13628,60,156,823180,825030,824680,824700,824730
13629,60,156,824980,826980,826480,826500,826680
13630,60,156,829800,831800,831300,831320,831500
13631,60,156,831640,833600,833140,833160,833300
13632,60,156,849180,851180,850680,850700,850880
13633,60,156,878310,880320,879810,879830,880020
13634,60,156,881560,883560,883060,883080,883260
13635,60,157,12620,14630,14120,14140,14330
13636,60,157,75890,77870,77390,77410,77570
13637,60,157,77640,79730,79140,79160,79430
13638,60,157,78880,80830,80380,80400,80530
13639,60,157,80250,82250,81750,81770,81950
13640,60,157,81490,83460,82990,83010,83160
13641,60,157,94550,96550,96050,96070,96250
13642,60,157,158570,160570,160070,160090,160270
13643,60,157,162870,164970,164370,164390,164670
13644,60,157,208550,210570,210050,210070,210270
13645,60,161,175710,177670,177210,177230,177370
13646,60,161,175740,182220,177240,181910,181920
13647,60,161,180420,182420,181920,181940,182120
13648,60,161,230520,232520,232020,232040,232220
13649,60,161,238790,240800,240290,240310,240500
13650,60,161,246690,248700,248190,248210,248400
13651,60,161,250530,252530,252030,252050,252230
13652,60,161,258310,260230,259810,259830,259930
13653,60,161,259380,261260,260880,260900,260960
13654,60,161,261560,263510,263060,263080,263210
13655,60,161,263500,265430,265000,265020,265130
13656,60,161,270460,272470,271960,271980,272170
13657,60,161,272980,274940,274480,274500,274640
13658,60,161,276000,278100,277500,277520,277800
13659,60,161,297990,299830,299490,299510,299530
13660,60,161,301240,303180,302740,302760,302880
13661,60,161,301270,316750,302770,316440,316450
13662,60,161,314950,316790,316450,316470,316490
13663,60,161,317200,319210,318700,318720,318910
13664,60,161,317230,331840,318730,331530,331540
13665,60,161,330040,332020,331540,331560,331720
13666,60,161,332710,334870,334210,334230,334570
13667,60,161,332740,339070,334240,338760,338770
13668,60,161,337270,339220,338770,338790,338920
13669,60,161,342140,344150,343640,343660,343850
13670,60,161,343050,345060,344550,344570,344760
13671,60,161,349600,351560,351100,351120,351260
13672,60,161,349630,354770,351130,354460,354470
13673,60,161,352970,354880,354470,354490,354580
13674,60,161,369390,371460,370890,370910,371160
13675,60,161,402100,403930,403600,403620,403630
13676,60,161,406050,408020,407550,407570,407720
13677,60,161,410570,412570,412070,412090,412270
13678,60,161,414910,416910,416410,416430,416610
13679,60,161,418710,420700,420210,420230,420400
13680,60,161,463430,465440,464930,464950,465140
13681,60,161,466420,468420,467920,467940,468120
13682,60,161,469100,471100,470600,470620,470800
13683,60,161,471330,473330,472830,472850,473030
13684,60,161,473120,475120,474620,474640,474820
13685,60,161,477870,479880,479370,479390,479580
13686,60,161,482300,484300,483800,483820,484000
13687,60,161,495060,497070,496560,496590,496770
13688,60,161,497520,499520,499020,499040,499220
13689,60,161,503130,505130,504630,504650,504830
13690,60,161,505860,508150,507360,507380,507850
13691,60,161,510340,512340,511840,511860,512040
13692,60,161,511690,513690,513190,513210,513390
13693,60,161,523480,525480,524980,525000,525180
13694,60,161,536020,538030,537520,537540,537730
13695,60,161,538650,540480,540150,540170,540180
13696,60,161,549030,551030,550530,550550,550730
13697,60,161,557390,559460,558890,558910,559160
13698,60,161,559970,561930,561470,561490,561630
13699,60,161,574490,576340,575990,576010,576040
13700,60,161,577370,579310,578870,578890,579010
13701,60,161,585120,587000,586620,586640,586700
13702,60,161,589110,591120,590610,590630,590820
13703,60,161,596570,598570,598070,598090,598270
13704,60,161,599040,600950,600540,600570,600650
13705,60,161,627530,629540,629030,629050,629240
13706,60,161,629280,631210,630780,630800,630910
13707,60,161,641280,643340,642780,642800,643040
13708,60,161,643010,645010,644510,644530,644710
13709,60,161,684490,686500,685990,686010,686200
13710,60,161,686380,688380,687880,687900,688080
13711,60,161,694420,696420,695920,695940,696120
13712,60,161,699400,701400,700900,700920,701100
13713,60,161,713200,715200,714700,714720,714900
13714,60,161,718020,720020,719520,719540,719720
13715,60,161,722030,723950,723530,723550,723650
13716,60,161,728130,730080,729630,729650,729780
13717,60,161,733500,735560,735000,735020,735260
13718,60,161,738360,740340,739860,739880,740040
13719,60,161,744110,746110,745610,745630,745810
13720,60,161,748300,750290,749800,749820,749990
13721,60,161,750410,752420,751910,751930,752120
13722,60,161,753160,755170,754660,754680,754870
13723,60,161,924210,926320,925710,925730,926020
13724,60,161,925660,927660,927160,927180,927360
13725,60,161,935730,937750,937230,937250,937450
13726,60,161,960740,962830,962240,962260,962530
13727,60,161,966950,968890,968450,968470,968590
13728,60,161,980860,982690,982360,982380,982390
13729,60,161,980890,984630,982390,984320,984330
13730,60,161,982830,984940,984330,984350,984640
13731,60,161,984410,986250,985910,985930,985950
13732,60,161,1021940,1023930,1023440,1023460,1023630
13733,60,161,1030020,1031990,1031520,1031540,1031690
13734,60,161,1064950,1066950,1066450,1066470,1066650
13735,60,161,1070320,1072320,1071820,1071840,1072020
13736,60,161,1078060,1079910,1079560,1079580,1079610
13737,60,161,1118480,1120490,1119980,1120000,1120190
13738,60,161,1122180,1124140,1123680,1123700,1123840
13739,60,161,1127530,1129540,1129030,1129050,1129240
13740,60,161,1132310,1134310,1133810,1133830,1134010
13741,60,161,1137580,1139420,1139080,1139100,1139120
13742,60,161,1138840,1140960,1140340,1140360,1140660
13743,60,161,1146640,1148640,1148140,1148160,1148340
13744,60,161,1156680,1158680,1158180,1158200,1158380
13745,60,161,1162470,1164570,1163970,1163990,1164270
13746,60,161,1170760,1172730,1172260,1172280,1172430
13747,60,161,1191040,1193080,1192540,1192560,1192780
13748,60,161,1261090,1263090,1262590,1262610,1262790
13749,60,169,105420,107420,106920,106940,107120
13750,60,169,106420,108250,107920,107940,107950
13751,60,169,108850,110850,110350,110370,110550
13752,60,169,112240,114250,113740,113760,113950
13753,60,169,113820,115820,115320,115340,115520
13754,60,169,133890,135890,135390,135410,135590
13755,60,169,138240,140240,139740,139760,139940
13756,60,169,143700,145540,145200,145220,145240
13757,60,169,145370,147230,146870,146900,146930
13758,60,169,162530,164370,164030,164050,164070
13759,60,169,162560,165910,164060,165600,165610
13760,60,169,164110,166050,165610,165630,165750
13761,60,169,167140,169220,168640,168660,168920
13762,60,169,170220,172220,171720,171740,171920
13763,60,169,175880,178000,177380,177400,177700
13764,60,169,204270,206270,205770,205790,205970
13765,60,169,238370,240380,239870,239890,240080
13766,60,169,240960,243080,242460,242480,242780
13767,60,169,272820,274820,274320,274340,274520
13768,60,169,272850,294010,274350,293700,293710
13769,60,169,292210,294210,293710,293730,293910
13770,60,169,323670,325540,325170,325190,325240
13771,60,169,323700,331430,325200,331120,331130
13772,60,169,329630,331530,331130,331150,331230
13773,60,169,333050,335080,334550,334570,334780
13774,60,169,387200,389030,388700,388720,388730
13775,60,169,393450,395410,394950,394970,395110
13776,60,169,432410,434410,433910,433930,434110
13777,60,169,450980,452920,452480,452500,452620
13778,60,169,466210,468180,467710,467730,467880
13779,60,169,501630,503630,503130,503150,503330
13780,60,169,516920,518920,518420,518440,518620
13781,60,169,534230,536090,535730,535750,535790
13782,60,169,535600,537570,537100,537120,537270
13783,60,169,574600,576710,576100,576120,576410
13784,60,169,574630,580050,576130,579740,579750
13785,60,169,578250,580150,579750,579770,579850
13786,60,169,591500,593550,593000,593020,593250
13787,60,169,591530,601400,593030,601090,601100
13788,60,169,599600,601500,601100,601120,601200
13789,60,169,620070,621900,621570,621590,621600
13790,60,169,627480,629440,628980,629000,629140
13791,60,169,634080,636000,635580,635600,635700
13792,60,169,640440,642310,641940,641960,642010
13793,60,169,651310,653430,652810,652830,653130
13794,60,169,656130,658140,657630,657650,657840
13795,60,169,662270,664380,663770,663790,664080
13796,60,169,664490,666460,665990,666010,666160
13797,60,169,695780,697610,697280,697300,697310
13798,60,169,707900,709730,709400,709420,709430
13799,60,169,713470,715470,714970,714990,715170
13800,60,169,715150,717050,716650,716670,716750
13801,60,169,721320,723240,722820,722840,722940
13802,60,169,725750,727760,727250,727270,727460
13803,60,169,748180,750030,749680,749700,749730
13804,60,169,764970,766970,766470,766490,766670
13805,60,169,771800,773640,773300,773320,773340
13806,60,169,773450,775290,774950,774970,774990
13807,60,169,790970,793080,792470,792490,792780
13808,60,169,793400,795260,794900,794920,794960
13809,60,169,817920,820200,819420,819440,819900
13810,60,169,823680,825550,825180,825200,825250
13811,60,169,832120,834130,833620,833640,833830
13812,60,169,841730,843580,843230,843260,843280
13813,60,169,861760,863770,863260,863280,863470
13814,60,169,867070,869060,868570,868590,868760
13815,60,169,877550,879560,879050,879070,879260
13816,60,169,898920,900930,900420,900440,900630
13817,60,169,904500,906500,906000,906020,906200
13818,60,169,911370,913270,912870,912890,912970
13819,60,169,918260,920270,919760,919780,919970
13820,60,169,933030,935030,934530,934550,934730
13821,60,169,937010,939130,938510,938530,938830
13822,60,169,937040,941520,938540,941210,941220
13823,60,169,939720,941720,941220,941240,941420
13824,60,169,944730,946740,946230,946260,946440
13825,60,169,944770,953190,946270,952880,952890
13826,60,169,951390,953400,952890,952910,953100
13827,60,169,968770,970770,970270,970290,970470
13828,60,171,13140,15150,14640,14660,14850
13829,60,171,13170,33980,14670,33670,33680
13830,60,171,32180,34170,33680,33700,33870
13831,60,171,35490,37640,36990,37010,37340
13832,60,171,35520,58480,37020,58170,58180
13833,60,171,56680,58680,58180,58200,58380
13834,60,171,67120,69090,68620,68640,68790
13835,60,171,122120,124120,123620,123640,123820
13836,60,171,170360,172370,171860,171880,172070
13837,60,172,11480,13480,12980,13000,13180
13838,60,172,22910,24870,24410,24430,24570
13839,60,172,26240,28240,27740,27760,27940
13840,60,172,51620,53630,53120,53140,53330
13841,60,172,56130,58080,57630,57650,57780
13842,60,172,80250,82240,81750,81770,81940
13843,60,172,81780,83700,83280,83300,83400
13844,60,172,85970,87910,87470,87490,87610
13845,60,172,91370,93380,92870,92900,93080
13846,60,172,164320,166170,165820,165840,165870
13847,60,172,164350,177810,165850,177500,177510
13848,60,172,176010,177860,177510,177530,177560
13849,60,304,118310,120140,119810,119830,119840
13850,60,304,136610,138470,138110,138130,138170
13851,60,304,176330,178210,177830,177850,177910
13852,60,304,231070,232930,232570,232590,232630
13853,60,304,258280,260170,259780,259800,259870
13854,61,1,87140,89330,88640,88660,89030
13855,61,1,90560,92470,92060,92080,92170
13856,61,1,93840,95850,95340,95360,95550
13857,61,1,105400,107410,106900,106920,107110
13858,61,12,165630,167550,167130,167150,167250
13859,61,12,170500,172410,172000,172020,172110
13860,61,12,173270,175230,174770,174790,174930
13861,61,14,56950,58890,58450,58470,58590
13862,61,14,61030,63020,62530,62550,62720
13863,61,14,62740,64880,64240,64260,64580
13864,61,14,66920,68860,68420,68440,68560
13865,61,40,118630,120580,120130,120150,120280
13866,61,40,142570,144710,144070,144090,144410
13867,61,40,203200,205080,204700,204720,204780
13868,61,40,205160,207270,206660,206680,206970
13869,61,40,214280,216260,215780,215800,215960
13870,61,40,216900,218900,218400,218420,218600
13871,61,40,236520,238480,238020,238040,238180
13872,61,40,239230,241120,240730,240750,240820
13873,61,40,255190,257050,256690,256710,256750
13874,61,40,261350,263180,262850,262870,262880
13875,61,40,274320,276180,275820,275840,275880
13876,61,40,274350,278100,275850,277790,277800
13877,61,40,276300,278340,277800,277820,278040
13878,61,40,295550,297400,297050,297070,297100
13879,61,40,320700,322630,322200,322220,322330
13880,61,40,324480,326560,325980,326000,326260
13881,61,40,325810,327730,327310,327330,327430
13882,61,40,326980,328870,328480,328500,328570
13883,61,40,337170,339060,338670,338690,338760
13884,61,40,339890,341820,341390,341410,341520
13885,61,40,345340,347260,346840,346860,346960
13886,61,40,353120,355010,354620,354640,354710
13887,61,40,354800,356970,356300,356320,356670
13888,61,40,355710,357700,357210,357230,357400
13889,61,40,372260,374160,373760,373780,373860
13890,61,40,421600,423510,423100,423120,423210
13891,61,40,432090,433930,433590,433610,433630
13892,61,40,442150,444010,443650,443670,443710
13893,61,44,70610,72720,72110,72130,72420
13894,61,44,73460,75380,74960,74980,75080
13895,61,44,87870,89710,89370,89390,89410
13896,61,44,101260,103180,102760,102780,102880
13897,61,44,122440,124430,123940,123960,124130
13898,61,44,128280,130340,129780,129800,130040
13899,61,44,130140,132150,131640,131660,131850
13900,61,44,133470,135710,134970,134990,135410
13901,61,44,145760,147690,147260,147280,147390
13902,61,44,154090,156190,155590,155610,155890
13903,61,44,159800,161810,161300,161320,161510
13904,61,44,167230,169170,168730,168750,168870
13905,61,44,169640,171890,171140,171160,171590
13906,61,44,170410,172390,171910,171930,172090
13907,61,44,176650,178650,178150,178170,178350
13908,61,44,177900,180110,179400,179420,179810
13909,61,44,184600,186710,186100,186120,186410
13910,61,44,186220,188160,187720,187740,187860
13911,61,44,257210,259070,258710,258730,258770
13912,61,44,268390,270330,269890,269910,270030
13913,61,44,275640,277630,277140,277160,277330
13914,61,44,290130,292190,291630,291650,291890
13915,61,44,302010,303990,303510,303530,303690
13916,61,44,326630,328740,328130,328160,328440
13917,61,44,332480,334360,333980,334000,334060
13918,61,44,348040,349950,349540,349560,349650
13919,61,52,38070,40070,39570,39590,39770
13920,61,52,43040,44970,44540,44560,44670
13921,61,52,44070,46110,45570,45600,45810
13922,61,52,46200,48170,47700,47720,47870
13923,61,71,160710,162660,162210,162230,162360
13924,61,71,169150,171040,170650,170670,170740
13925,61,71,181280,183450,182780,182800,183150
13926,61,71,261090,263080,262590,262610,262780
13927,61,71,266060,268180,267560,267580,267880
13928,61,71,296990,299030,298490,298510,298730
13929,61,71,307040,308970,308540,308560,308670
13930,61,71,312180,314150,313680,313700,313850
13931,61,71,315040,317150,316540,316560,316850
13932,61,72,22450,24410,23950,23970,24110
13933,61,72,24510,26450,26010,26030,26150
13934,61,72,31790,33740,33290,33310,33440
13935,61,72,36260,38260,37760,37780,37960
13936,61,73,23860,25710,25360,25380,25410
13937,61,73,30860,32760,32360,32380,32460
13938,61,73,38480,40520,39980,40000,40220
13939,61,73,58710,60720,60210,60230,60420
13940,61,73,62230,64080,63730,63750,63780
13941,61,73,65400,67370,66900,66920,67070
13942,61,73,68900,71110,70400,70420,70810
13943,61,73,84560,86470,86060,86080,86170
13944,61,73,87120,89270,88620,88640,88970
13945,61,73,88620,90550,90120,90140,90250
13946,61,73,102150,104130,103650,103670,103830
13947,61,73,119850,121690,121350,121370,121390
13948,61,73,123470,125330,124970,124990,125030
13949,61,74,28090,29950,29590,29620,29650
13950,61,102,39150,41150,40650,40670,40850
13951,61,102,42980,45080,44480,44500,44780
13952,61,102,52130,54190,53630,53650,53890
13953,61,102,60620,62570,62120,62140,62270
13954,61,102,73840,76040,75340,75360,75740
13955,61,102,79390,81220,80890,80910,80920
13956,61,102,79890,81720,81390,81410,81420
13957,61,102,81290,83180,82790,82810,82880
13958,61,102,120960,122920,122460,122480,122620
13959,61,102,125660,127760,127160,127180,127460
13960,61,102,149430,151390,150930,150950,151090
13961,61,102,153860,155830,155360,155380,155530
13962,61,102,239180,241140,240680,240700,240840
13963,61,102,247530,249360,249030,249050,249060
13964,61,102,250670,252510,252170,252190,252210
13965,61,102,252900,254730,254400,254420,254430
13966,61,102,265360,267220,266860,266880,266920
13967,61,104,65380,67640,66880,66900,67340
13968,61,104,71380,73330,72880,72900,73030
13969,61,104,89950,92120,91450,91470,91820
13970,61,104,93000,94960,94500,94520,94660
13971,61,104,108050,110430,109550,109570,110130
13972,61,104,110190,112200,111690,111710,111900
13973,61,104,120990,123310,122490,122510,123010
13974,61,104,129740,131790,131240,131260,131490
13975,61,104,134550,136710,136050,136070,136410
13976,61,104,135110,137040,136610,136630,136740
13977,61,104,139660,141770,141160,141180,141470
13978,61,104,141940,143950,143440,143460,143650
13979,61,104,171200,173130,172700,172730,172830
13980,61,104,175730,177910,177230,177250,177610
13981,61,104,222480,224490,223980,224010,224190
13982,61,104,235380,237580,236880,236900,237280
13983,61,104,303630,305560,305130,305150,305260
13984,61,104,320450,322680,321950,321970,322380
13985,61,104,322510,324490,324010,324030,324190
13986,61,104,332920,335120,334420,334440,334820
13987,61,104,344290,346240,345790,345810,345940
13988,61,143,35440,37360,36940,36960,37060
13989,61,143,51230,53600,52730,52750,53300
13990,61,143,54050,56020,55550,55570,55720
13991,61,143,63170,65280,64670,64690,64980
13992,61,143,90220,92180,91720,91740,91880
13993,61,143,91790,93630,93290,93310,93330
13994,61,143,123820,125730,125320,125340,125430
13995,61,143,126560,128450,128060,128080,128150
13996,61,143,163980,166070,165480,165500,165770
13997,61,143,165440,167870,166940,166960,167570
13998,61,143,214810,216730,216310,216330,216430
13999,61,143,217680,219870,219180,219200,219570
14000,61,143,257950,260000,259450,259470,259700
14001,61,143,267460,269480,268960,268980,269180
14002,61,143,278710,280820,280210,280240,280520
14003,61,146,46000,48180,47500,47520,47880
14004,61,146,54750,56720,56250,56270,56420
14005,61,146,68350,70460,69850,69870,70160
14006,61,146,130660,132680,132160,132180,132380
14007,61,146,196200,198260,197700,197720,197960
14008,61,146,205060,207020,206560,206580,206720
14009,61,146,213480,215690,214980,215010,215390
14010,61,146,216050,218000,217550,217570,217700
14011,61,146,225450,227370,226950,226970,227070
14012,61,146,231370,233250,232870,232890,232950
14013,61,146,271840,273800,273340,273360,273500
14014,61,146,298360,300390,299860,299880,300090
14015,61,146,300110,302210,301610,301630,301910
14016,61,146,301470,303430,302970,302990,303130
14017,61,146,331420,333670,332920,332940,333370
14018,61,188,51330,53460,52830,52850,53160
14019,61,193,161150,162980,162650,162670,162680
14020,61,193,174700,176790,176200,176220,176490
14021,61,193,192720,194750,194220,194240,194450
14022,61,193,194180,196090,195680,195700,195790
14023,62,15,48770,50720,50270,50290,50420
14024,62,15,76290,78300,77790,77810,78000
14025,62,15,79330,81210,80830,80850,80910
14026,62,15,88610,90520,90110,90130,90220
14027,62,15,152440,154350,153940,153960,154050
14028,62,15,165040,167050,166540,166560,166750
14029,62,15,231410,233440,232910,232930,233140
14030,62,15,234530,236530,236030,236050,236230
14031,62,15,287850,289880,289350,289370,289580
14032,62,15,297820,299650,299320,299340,299350
14033,62,15,297850,301250,299350,300940,300950
14034,62,15,299450,301380,300950,300970,301080
14035,62,15,470300,472290,471800,471820,471990
14036,62,15,476980,479010,478480,478500,478710
14037,62,15,492210,494190,493710,493730,493890
14038,62,15,512630,514640,514130,514160,514340
14039,62,15,515230,517110,516730,516750,516810
14040,62,16,21850,23880,23350,23370,23580
14041,62,16,22950,24960,24450,24470,24660
14042,62,16,68540,70420,70040,70070,70120
14043,62,16,116680,118680,118180,118200,118380
14044,62,16,134810,136930,136310,136330,136630
14045,62,16,158600,160590,160100,160120,160290
14046,62,16,177660,179670,179160,179180,179370
14047,62,16,179740,181690,181240,181260,181390
14048,62,16,184700,186700,186200,186220,186400
14049,62,16,241650,243650,243150,243170,243350
14050,62,16,256770,258690,258270,258290,258390
14051,62,16,257840,259850,259340,259360,259550
14052,62,16,290780,292780,292280,292300,292480
14053,62,16,293010,294980,294510,294530,294680
14054,62,16,303890,305890,305390,305410,305590
14055,62,16,306730,308670,308230,308250,308370
14056,62,16,325410,327410,326910,326930,327110
14057,62,16,358180,360130,359680,359700,359830
14058,62,16,369560,371480,371060,371080,371180
14059,62,16,377350,379350,378850,378870,379050
14060,62,16,382460,384380,383960,383980,384080
14061,62,16,384210,386120,385710,385730,385820
14062,62,16,388290,390290,389790,389810,389990
14063,62,16,402860,404810,404360,404380,404510
14064,62,16,407410,409420,408910,408930,409120
14065,62,16,409340,411270,410840,410860,410970
14066,62,16,409840,411840,411340,411360,411540
14067,62,16,428320,430300,429820,429840,430000
14068,62,16,446540,448490,448040,448060,448190
14069,62,16,458020,460020,459520,459540,459720
14070,62,16,470570,472570,472070,472090,472270
14071,62,47,76520,78530,78020,78050,78230
14072,62,72,71770,73770,73270,73290,73470
14073,62,72,82610,84550,84110,84130,84250
14074,62,72,83870,85950,85370,85390,85650
14075,62,72,94050,96060,95550,95570,95760
14076,62,72,106340,108340,107840,107860,108040
14077,62,72,161300,163300,162800,162820,163000
14078,62,72,163210,165210,164710,164730,164910
14079,62,72,165720,167730,167220,167240,167430
14080,62,72,166740,168680,168240,168260,168380
14081,62,72,187160,189110,188660,188680,188810
14082,62,72,203620,205620,205120,205140,205320
14083,62,72,208490,210450,209990,210010,210150
14084,62,72,219740,221750,221240,221260,221450
14085,62,72,224560,226450,226060,226080,226150
14086,62,72,226480,228460,227980,228000,228160
14087,62,72,232630,234590,234130,234150,234290
14088,62,72,236920,238930,238420,238440,238630
14089,62,72,238280,240290,239780,239800,239990
14090,62,72,253200,255100,254700,254720,254800
14091,62,72,254640,256680,256140,256160,256380
14092,62,72,255890,257930,257390,257410,257630
14093,62,72,270520,272530,272020,272040,272230
14094,62,72,279160,281160,280660,280680,280860
14095,62,72,288190,290190,289690,289710,289890
14096,62,73,15890,17890,17390,17410,17590
14097,62,73,29700,31700,31200,31220,31400
14098,62,73,31810,33780,33310,33330,33480
14099,62,73,271480,273480,272980,273000,273180
14100,62,73,277560,279560,279060,279080,279260
14101,62,73,284360,286480,285860,285880,286180
14102,62,73,286000,287840,287500,287520,287540
14103,62,73,403840,405690,405340,405360,405390
14104,62,73,487600,489540,489100,489120,489240
14105,62,73,624130,626120,625630,625650,625820
14106,62,73,635840,637790,637340,637360,637490
14107,62,73,656870,658770,658370,658390,658470
14108,62,73,666520,668470,668020,668040,668170
14109,62,73,669710,671650,671210,671230,671350
14110,62,73,674330,676330,675830,675850,676030
14111,62,73,677520,679440,679020,679040,679140
14112,62,73,682860,684720,684360,684380,684420
14113,62,73,683680,685650,685180,685200,685350
14114,62,73,691100,692990,692600,692620,692690
14115,62,73,736320,738330,737820,737850,738030
14116,62,74,33920,35920,35420,35440,35620
14117,62,74,165630,167620,167130,167150,167320
14118,62,76,32170,34020,33670,33690,33720
14119,62,77,63560,65530,65060,65090,65230
14120,62,398,27140,28970,28640,28660,28670
14121,62,398,39340,41460,40840,40860,41160
14122,62,398,92650,94650,94150,94170,94350
14123,62,398,101430,103540,102930,102950,103240
14124,62,407,37750,39890,39250,39270,39590
14125,62,407,85070,87070,86570,86590,86770
14126,62,407,88100,90030,89600,89620,89730
14127,62,407,91030,92960,92530,92550,92660
14128,62,407,92270,94160,93770,93790,93860
14129,62,429,38480,40470,39980,40000,40170
14130,62,429,164300,166190,165800,165820,165890
14131,62,429,167620,169630,169120,169140,169330
14132,62,429,182870,184770,184370,184390,184470
14133,62,431,47210,49340,48710,48740,49040
14134,62,431,56520,58370,58020,58040,58070
14135,62,431,57020,58850,58520,58540,58550
14136,62,431,57520,59360,59020,59040,59060
14137,62,431,211960,213880,213460,213480,213580
14138,62,431,218440,220420,219940,219960,220120
14139,62,435,76140,78140,77640,77660,77840
14140,62,435,260280,262510,261780,261800,262210
14141,62,438,177020,179020,178520,178540,178720
14142,62,439,48340,50320,49840,49860,50020
14143,62,443,42220,44180,43720,43740,43880
14144,62,443,66320,68160,67820,67840,67860
14145,62,443,67700,69830,69200,69220,69530
14146,62,443,73270,75200,74770,74790,74900
14147,62,458,302290,304300,303790,303810,304000
14148,62,458,338410,340530,339910,339930,340230
14149,62,458,348820,350820,350320,350340,350520
14150,62,478,50120,51950,51620,51640,51650
14151,62,478,54020,56020,55520,55540,55720
14152,62,478,61040,63070,62540,62560,62770
14153,62,478,74200,76200,75700,75720,75900
14154,62,478,114320,116320,115820,115840,116020
14155,62,479,78600,80720,80100,80120,80420
14156,62,479,93930,95930,95430,95450,95630
14157,62,484,31490,33500,32990,33010,33200
14158,62,484,130540,132550,132040,132060,132250
14159,62,485,38850,40960,40350,40370,40660
14160,62,485,73280,75290,74780,74800,74990
14161,62,485,78850,81070,80350,80380,80770
14162,62,485,333420,335260,334920,334940,334960
14163,62,485,629220,631270,630720,630740,630970
14164,62,487,155450,157330,156950,156970,157030
14165,62,494,93090,95090,94590,94610,94790
14166,62,494,141270,143100,142770,142790,142800
14167,62,498,71990,73990,73490,73510,73690
14168,62,498,74800,76800,76300,76320,76500
14169,62,498,83030,85130,84530,84550,84830
14170,62,498,265640,267630,267140,267160,267330
14171,62,501,86620,88630,88120,88140,88330
14172,62,501,91570,93470,93070,93090,93170
14173,62,502,69330,71290,70830,70850,70990
14174,62,502,112450,114400,113950,113970,114100
14175,62,502,116310,118260,117810,117830,117960
14176,62,502,156170,158170,157670,157690,157870
14177,62,502,167440,169400,168940,168960,169100
14178,62,502,207190,209150,208690,208710,208850
14179,62,502,238970,240970,240470,240490,240670
14180,62,502,243160,245160,244660,244680,244860
14181,62,502,247200,249200,248700,248720,248900
14182,62,502,247230,262930,248730,262620,262630
14183,62,502,261130,263140,262630,262650,262840
14184,62,502,263400,265230,264900,264920,264930
14185,62,502,265830,267780,267330,267350,267480
14186,62,502,269140,271250,270640,270670,270950
14187,62,502,278420,280250,279920,279940,279950
14188,62,505,166270,168270,167770,167790,167970
14189,62,505,202640,204530,204140,204160,204230
14190,62,505,222460,224460,223960,223980,224160
14191,62,505,233700,235700,235200,235220,235400
14192,62,505,239450,241450,240950,240970,241150
14193,62,505,251060,253010,252560,252580,252710
14194,62,505,290710,292830,292210,292230,292530
14195,62,505,301340,303250,302840,302860,302950
14196,62,505,312810,314920,314310,314330,314620
14197,62,505,356450,358410,357950,357970,358110
14198,62,505,369800,371800,371300,371320,371500
14199,62,505,389010,391000,390510,390530,390700
14200,62,505,400210,402220,401710,401730,401920
14201,62,524,76280,78290,77780,77800,77990
14202,62,524,76940,78940,78440,78460,78640
14203,62,524,82700,84700,84200,84220,84400
14204,62,532,31540,33740,33040,33060,33440
14205,62,532,96380,98380,97880,97900,98080
14206,62,532,108960,110960,110460,110480,110660
14207,62,532,111940,113900,113440,113460,113600
14208,62,537,15620,17620,17120,17140,17320
14209,62,537,29060,30970,30560,30580,30670
14210,62,537,99630,101650,101130,101150,101350
14211,62,537,142570,144610,144070,144090,144310
14212,62,537,168840,170740,170340,170360,170440
14213,62,537,170440,172320,171940,171960,172020
14214,62,537,173360,175330,174860,174880,175030
14215,62,537,290310,292140,291810,291830,291840
14216,62,537,315960,317980,317460,317480,317680
14217,62,537,337730,339560,339230,339250,339260
14218,62,537,433960,435960,435460,435480,435660
14219,62,537,437150,439170,438650,438670,438870
14220,62,537,445320,447250,446820,446840,446950
14221,62,537,452810,454810,454310,454330,454510
14222,62,537,458930,460930,460430,460450,460630
14223,62,546,37520,39470,39020,39040,39170
14224,62,549,77670,79590,79170,79190,79290
14225,62,549,80090,82040,81590,81610,81740
14226,62,549,96240,98360,97740,97760,98060
14227,62,549,112380,114290,113880,113900,113990
14228,62,550,18910,20920,20410,20430,20620
14229,62,550,23010,24950,24510,24540,24650
14230,62,550,36810,38810,38310,38330,38510
14231,62,550,46420,48420,47920,47940,48120
14232,62,559,22080,24080,23580,23600,23780
14233,62,559,70050,71940,71550,71570,71640
14234,62,559,146470,148910,147970,147990,148610
14235,62,562,81530,83530,83030,83050,83230
14236,62,562,115190,117020,116690,116710,116720
14237,62,562,140020,141980,141520,141540,141680
14238,62,562,177670,179530,179170,179190,179230
14239,62,562,195510,197510,197010,197030,197210
14240,62,562,197530,199540,199030,199050,199240
14241,62,575,73820,75880,75320,75340,75580
14242,62,577,138980,141250,140480,140500,140950
14243,62,578,90670,92670,92170,92190,92370
14244,62,579,131190,133160,132690,132710,132860
14245,62,579,149620,151620,151120,151140,151320
14246,62,582,22660,24640,24160,24180,24340
14247,62,582,29040,31050,30540,30560,30750
14248,62,582,174210,176190,175710,175730,175890
14249,62,582,182760,184770,184260,184280,184470
14250,62,582,567250,569630,568750,568770,569330
14251,62,590,85180,87610,86680,86700,87310
14252,62,623,79610,81720,81110,81130,81420
14253,62,626,93750,95660,95250,95270,95360
14254,62,626,111510,113520,113010,113030,113220
14255,62,626,114760,116690,116260,116280,116390
14256,62,627,67500,69610,69000,69020,69310
14257,62,627,69560,71500,71060,71080,71200
14258,62,627,95280,97280,96780,96800,96980
14259,62,627,106830,108840,108330,108350,108540
14260,62,638,78500,80570,80000,80020,80270
14261,62,638,205800,207860,207300,207320,207560
14262,62,638,206760,208720,208260,208280,208420
14263,62,647,89560,91570,91060,91090,91270
14264,62,647,101730,103590,103230,103250,103290
14265,62,647,141160,143160,142660,142680,142860
14266,62,647,141870,143870,143370,143390,143570
14267,62,647,214850,216850,216350,216370,216550
14268,62,647,221830,223840,223330,223350,223540
14269,62,647,238860,240780,240360,240380,240480
14270,62,647,249890,251900,251390,251410,251600
14271,62,647,256140,258150,257640,257660,257850
14272,62,647,258620,260490,260120,260140,260190
14273,62,654,33940,35950,35440,35470,35650
14274,63,5,26580,28580,28080,28100,28280
14275,63,5,28570,30500,30070,30090,30200
14276,63,12,64970,66980,66470,66490,66680
14277,63,12,83160,85160,84660,84680,84860
14278,63,12,89720,91610,91220,91240,91310
14279,63,12,93090,95090,94590,94610,94790
14280,63,12,113930,115810,115430,115450,115510
14281,63,12,117500,119430,119000,119020,119130
14282,63,12,127200,129200,128700,128720,128900
14283,63,12,138490,140500,139990,140020,140200
14284,63,12,142220,144310,143720,143740,144010
14285,63,12,146610,148700,148110,148130,148400
14286,63,12,149610,151620,151110,151130,151320
14287,63,13,41600,43600,43100,43120,43300
14288,63,13,54920,56930,56420,56440,56630
14289,63,13,56190,58060,57690,57710,57760
14290,63,13,86060,88070,87560,87580,87770
14291,63,13,89330,91330,90830,90850,91030
14292,63,13,154300,156150,155800,155820,155850
14293,63,35,70990,72990,72490,72510,72690
14294,63,35,77170,79160,78670,78690,78860
14295,63,35,105040,107140,106540,106560,106840
14296,63,35,166690,168650,168190,168210,168350
14297,63,35,170100,172040,171600,171620,171740
14298,63,35,188000,189970,189500,189520,189670
14299,63,35,206530,208470,208030,208050,208170
14300,63,36,49820,51720,51320,51340,51420
14301,63,36,64290,66290,65790,65810,65990
14302,63,36,103830,105830,105330,105350,105530
14303,63,36,111560,113650,113060,113080,113350
14304,63,36,119540,121470,121040,121060,121170
14305,63,36,125350,127570,126850,126870,127270
14306,63,36,137450,139310,138950,138970,139010
14307,63,36,145600,147610,147100,147120,147310
14308,63,36,158100,159940,159600,159620,159640
14309,63,36,165320,167440,166820,166840,167140
14310,63,83,88580,90580,90080,90100,90280
14311,63,83,95630,97640,97130,97150,97340
14312,63,83,101950,103960,103450,103470,103660
14313,63,83,122850,124810,124350,124370,124510
14314,63,83,127320,129330,128820,128840,129030
14315,63,83,133170,135170,134670,134690,134870
14316,63,83,148630,150630,150130,150150,150330
14317,63,84,55930,58040,57430,57450,57740
14318,63,84,157870,159700,159370,159390,159400
14319,63,84,158600,160600,160100,160120,160300
14320,63,84,163020,165020,164520,164540,164720
14321,63,84,163590,165590,165090,165110,165290
14322,63,91,36120,38120,37620,37640,37820
14323,63,92,21040,22880,22540,22570,22580
14324,63,92,23390,25390,24890,24910,25090
14325,63,97,60750,62590,62250,62270,62290
14326,63,97,71650,73700,73150,73170,73400
14327,63,97,75870,77870,77370,77390,77570
14328,63,97,76710,78550,78210,78230,78250
14329,63,97,80690,82520,82190,82210,82220
14330,63,97,82900,84730,84400,84420,84430
14331,63,97,93920,95880,95420,95440,95580
14332,63,97,107410,109410,108910,108930,109110
14333,63,97,112080,114010,113580,113600,113710
14334,63,98,129380,131380,130880,130900,131080
14335,63,98,134720,136660,136220,136240,136360
14336,63,98,375640,377640,377140,377160,377340
14337,63,98,377980,379950,379480,379500,379650
14338,63,98,452830,454960,454330,454350,454660
14339,63,98,468940,470780,470440,470460,470480
14340,63,98,473590,475590,475090,475110,475290
14341,63,98,488060,490090,489560,489580,489790
14342,63,102,53580,55420,55080,55100,55120
14343,63,102,57460,59450,58960,58980,59150
14344,63,103,21830,23700,23330,23350,23400
14345,63,136,34620,36550,36120,36140,36250
14346,63,136,96040,98040,97540,97560,97740
14347,63,136,97700,99590,99200,99220,99290
14348,63,136,111270,113270,112770,112790,112970
14349,63,136,115100,117040,116600,116620,116740
14350,63,136,127600,129430,129100,129120,129130
14351,63,136,161150,163160,162650,162670,162860
14352,63,138,41450,43540,42950,42970,43240
14353,63,138,43640,45640,45140,45160,45340
14354,63,138,52750,54720,54250,54270,54420
14355,63,138,144220,146230,145720,145740,145930
14356,64,1,395870,397920,397370,397390,397620
14357,64,1,397790,399660,399290,399310,399360
14358,64,1,445000,446990,446500,446520,446690
14359,64,1,446610,448620,448110,448130,448320
14360,64,4,88150,90070,89650,89670,89770
14361,64,4,94590,96600,96090,96110,96300
14362,64,4,94620,102830,96120,102520,102530
14363,64,4,101030,102870,102530,102550,102570
14364,64,4,184230,186230,185730,185750,185930
14365,64,4,185590,187600,187090,187110,187300
14366,64,4,215720,217650,217220,217240,217350
14367,64,4,225590,227600,227090,227120,227300
14368,64,4,227490,229490,228990,229010,229190
14369,64,4,403630,405760,405130,405150,405460
14370,64,4,548940,550860,550440,550460,550560
14371,64,7,88020,89950,89520,89540,89650
14372,64,9,51740,53730,53240,53260,53430
14373,64,9,86170,88310,87670,87690,88010
14374,64,9,178630,180640,180130,180150,180340
14375,64,9,181210,183190,182710,182730,182890
14376,64,9,225870,227870,227370,227390,227570
14377,64,9,232280,234270,233780,233800,233970
14378,64,9,283550,285500,285050,285070,285200
14379,64,9,287230,289220,288730,288750,288920
14380,64,10,57570,59560,59070,59090,59260
14381,64,10,276230,278230,277730,277750,277930
14382,64,10,279090,281090,280590,280610,280790
14383,64,10,373460,375390,374960,374980,375090
14384,64,10,376760,378760,378260,378280,378460
14385,64,10,379310,381310,380810,380830,381010
14386,64,10,408880,410840,410380,410400,410540
14387,64,10,418880,420920,420380,420400,420620
14388,64,10,424150,426150,425650,425670,425850
14389,64,10,429970,431970,431470,431490,431670
14390,64,10,486130,488130,487630,487650,487830
14391,64,10,506520,508530,508020,508040,508230
14392,64,15,156830,158870,158330,158350,158570
14393,64,15,162470,164430,163970,163990,164130
14394,64,15,174340,176340,175840,175860,176040
14395,64,15,176530,178510,178030,178050,178210
14396,64,15,192980,194930,194480,194500,194630
14397,64,15,198570,200610,200070,200090,200310
14398,64,15,240650,242660,242150,242170,242360
14399,64,18,279030,281150,280530,280550,280850
14400,64,18,282650,284560,284150,284170,284260
14401,64,32,168910,170920,170410,170430,170620
14402,64,34,37460,39470,38960,38980,39170
14403,64,34,46670,48670,48170,48190,48370
14404,64,34,64510,66440,66010,66030,66140
14405,64,34,72380,74210,73880,73900,73910
14406,64,34,80450,82500,81950,81970,82200
14407,64,34,91850,93790,93350,93370,93490
14408,64,35,56940,58940,58440,58460,58640
14409,64,35,65530,67530,67030,67050,67230
14410,64,35,73450,75450,74950,74970,75150
14411,64,35,88410,90240,89910,89930,89940
14412,64,35,150520,152520,152020,152040,152220
14413,64,35,153730,155730,155230,155250,155430
14414,64,36,160970,162970,162470,162490,162670
14415,64,36,204160,206170,205660,205680,205870
14416,64,39,171600,173710,173100,173120,173410
14417,64,39,175920,178040,177420,177440,177740
14418,64,40,181100,183100,182600,182620,182800
14419,64,40,189170,191170,190670,190690,190870
14420,64,42,36920,38920,38420,38440,38620
14421,64,48,180270,182230,181770,181790,181930
14422,64,48,229340,231170,230840,230860,230870
14423,64,51,138140,140210,139640,139670,139910
14424,64,51,185090,186940,186590,186610,186640
14425,64,51,192480,194640,193980,194000,194340
14426,64,60,85690,87680,87190,87210,87380
14427,64,60,88770,90770,90270,90290,90470
14428,64,61,26070,28150,27570,27590,27850
14429,64,61,37900,39900,39400,39420,39600
14430,64,61,113710,115720,115210,115230,115420
14431,64,66,180230,182260,181730,181750,181960
14432,64,66,195980,197980,197480,197500,197680
14433,64,66,206430,208430,207930,207950,208130
14434,64,66,208880,210710,210380,210400,210410
14435,64,66,220910,222940,222410,222430,222640
14436,64,67,10940,12810,12440,12470,12510
14437,64,67,80610,82620,82110,82130,82320
14438,64,71,143600,145570,145100,145120,145270
14439,64,71,150210,152110,151710,151730,151810
14440,64,71,151820,153900,153320,153340,153600
14441,64,71,164140,166030,165640,165660,165730
14442,64,75,45190,47200,46690,46710,46900
14443,64,75,54750,56600,56250,56270,56300
14444,64,75,58720,60610,60220,60240,60310
14445,64,75,67200,69130,68700,68720,68830
14446,64,82,171320,173320,172820,172840,173020
14447,64,85,86480,88580,87980,88000,88280
14448,64,85,87090,89090,88590,88610,88790
14449,64,85,175490,177430,176990,177010,177130
14450,64,85,207140,208970,208640,208660,208670
14451,64,94,154210,156170,155710,155730,155870
14452,64,94,167580,169590,169080,169100,169290
14453,64,95,175280,177280,176780,176800,176980
14454,64,95,182170,184200,183670,183690,183900
14455,64,98,153800,155990,155300,155320,155690
14456,64,98,154980,156930,156480,156500,156630
14457,64,98,164290,166340,165790,165810,166040
14458,64,99,177310,179320,178810,178830,179020
14459,64,99,222580,224450,224080,224100,224150
14460,64,103,165310,167390,166810,166830,167090
14461,64,103,169520,171530,171020,171040,171230
14462,64,103,171550,173380,173050,173070,173080
14463,64,103,171580,210300,173080,209990,210000
14464,64,103,208500,210510,210000,210020,210210
14465,64,104,181800,183910,183300,183320,183610
14466,64,106,159460,161560,160960,160980,161260
14467,64,109,197940,199820,199440,199460,199520
14468,64,129,180290,182440,181790,181810,182140
14469,64,142,276270,278290,277770,277790,277990
14470,64,148,87050,89050,88550,88570,88750
14471,64,166,24650,26480,26150,26170,26180
14472,64,166,78550,80610,80050,80070,80310
14473,64,166,91410,93410,92910,92930,93110
14474,64,166,101360,103360,102860,102880,103060
14475,64,166,157730,159800,159230,159250,159500
14476,64,166,188710,190650,190210,190230,190350
14477,64,166,190820,192660,192320,192340,192360
14478,64,167,85060,86980,86560,86580,86680
14479,64,167,90510,92360,92010,92030,92060
14480,64,167,132340,134330,133840,133860,134030
14481,64,167,142440,144460,143940,143960,144160
14482,64,171,148310,150180,149810,149830,149880
14483,64,171,150340,152290,151840,151860,151990
14484,64,171,165010,167050,166510,166530,166750
14485,64,172,190900,192900,192400,192420,192600
14486,64,182,168320,170170,169820,169840,169870
14487,64,182,186190,188120,187690,187710,187820
14488,64,182,221660,223670,223160,223190,223370
14489,64,183,192000,193950,193500,193520,193650
14490,64,185,169500,171480,171000,171020,171180
14491,64,185,176050,178170,177550,177570,177870
14492,64,185,220500,222500,222000,222020,222200
14493,64,190,139250,141210,140750,140770,140910
14494,64,210,162270,164310,163770,163790,164010
14495,64,210,169050,171060,170550,170570,170760
14496,64,210,174270,176270,175770,175790,175970
14497,64,210,199760,201700,201260,201280,201400
14498,64,213,212810,214650,214310,214330,214350
14499,64,217,257620,259620,259120,259140,259320
14500,64,225,132210,134180,133710,133730,133880
14501,64,225,144610,146770,146110,146130,146470
14502,64,228,64690,66680,66190,66210,66380
14503,64,235,33500,35470,35000,35020,35170
14504,64,235,33530,39750,35030,39440,39450
14505,64,235,37950,39950,39450,39470,39650
14506,64,238,286650,288670,288150,288170,288370
14507,64,238,291140,293140,292640,292660,292840
14508,64,238,330410,332420,331910,331930,332120
14509,64,238,340060,342060,341560,341580,341760
14510,64,238,346570,348560,348070,348090,348260
14511,64,238,497840,499850,499340,499360,499550
14512,64,238,502190,504190,503690,503710,503890
14513,64,238,583510,585520,585010,585030,585220
14514,64,238,604210,606210,605710,605730,605910
14515,64,238,606300,608130,607800,607820,607830
14516,64,240,281120,283120,282620,282640,282820
14517,64,240,282110,284110,283610,283630,283810
14518,64,240,385890,387760,387390,387410,387460
14519,64,240,535950,537780,537450,537470,537480
14520,64,240,598790,600790,600290,600310,600490
14521,64,240,611340,613340,612840,612860,613040
14522,64,248,192800,194760,194300,194320,194460
14523,65,1,62650,64650,64150,64170,64350
14524,65,1,131820,133820,133320,133340,133520
14525,65,1,131850,134120,133350,133810,133820
14526,65,1,132320,134180,133820,133840,133880
14527,65,1,235960,237960,237460,237480,237660
14528,65,1,237860,239840,239360,239380,239540
14529,65,1,273900,275900,275400,275420,275600
14530,65,1,280050,282060,281550,281580,281760
14531,65,5,27360,29300,28860,28880,29000
14532,65,11,53350,55350,54850,54870,55050
14533,65,12,76410,78240,77910,77930,77940
14534,65,20,26940,28900,28440,28470,28600
14535,65,20,53600,55490,55100,55120,55190
14536,65,21,79620,81610,81120,81140,81310
14537,65,23,55660,57590,57160,57180,57290
14538,65,28,22160,24120,23660,23680,23820
14539,65,57,31520,33350,33020,33040,33050
14540,65,57,33260,35180,34760,34780,34880
14541,65,58,15760,17760,17260,17280,17460
14542,65,58,19760,21620,21260,21280,21320
14543,65,61,36920,38910,38420,38440,38610
14544,65,61,43300,45300,44800,44820,45000
14545,65,64,40360,42190,41860,41880,41890
14546,65,64,46300,48140,47800,47820,47840
14547,65,64,48290,50350,49790,49810,50050
14548,65,66,81180,83040,82680,82700,82740
14549,65,66,160740,162650,162240,162260,162350
14550,65,66,177620,179590,179120,179140,179290
14551,65,66,213070,214980,214570,214590,214680
14552,65,66,243100,245200,244600,244620,244900
14553,65,67,36490,38590,37990,38010,38290
14554,65,67,87700,89820,89200,89220,89520
14555,65,67,120930,122930,122430,122450,122630
14556,65,67,142700,144700,144200,144220,144400
14557,65,67,154420,156430,155920,155940,156130
14558,65,67,159560,161560,161060,161080,161260
14559,65,67,162510,164510,164010,164030,164210
14560,65,67,229030,231000,230530,230550,230700
14561,65,68,40220,42230,41720,41740,41930
14562,65,68,47760,49770,49260,49280,49470
14563,65,68,49270,51190,50770,50790,50890
14564,65,68,56150,58150,57650,57670,57850
14565,65,68,57880,59860,59380,59400,59560
14566,65,68,61600,63610,63100,63120,63310
14567,65,70,47410,49410,48910,48930,49110
14568,65,70,71920,73920,73420,73440,73620
14569,65,70,73610,75610,75110,75130,75310
14570,65,70,95180,97160,96680,96700,96860
14571,65,70,120320,122330,121820,121840,122030
14572,65,70,123350,125350,124850,124870,125050
14573,65,74,37630,39630,39130,39150,39330
14574,65,74,98520,100530,100020,100040,100230
14575,65,74,104660,106670,106160,106180,106370
14576,65,74,107690,109670,109190,109210,109370
14577,65,74,150190,152200,151690,151710,151900
14578,65,77,23740,25740,25240,25260,25440
14579,65,77,54300,56300,55800,55820,56000
14580,65,77,69190,71130,70690,70710,70830
14581,65,77,115940,117920,117440,117460,117620
14582,65,77,121930,123930,123430,123450,123630
14583,65,77,161370,163380,162870,162890,163080
14584,65,77,169000,171010,170500,170520,170710
14585,65,77,174670,176710,176170,176190,176410
14586,65,77,180110,182120,181610,181630,181820
14587,65,77,210640,212630,212140,212160,212330
14588,65,77,223740,225760,225240,225260,225460
14589,65,77,227200,229130,228700,228720,228830
14590,65,77,235030,237150,236530,236550,236850
14591,65,77,255240,257160,256740,256760,256860
14592,65,77,276320,278280,277820,277840,277980
14593,65,77,291110,292950,292610,292630,292650
14594,65,77,318730,320730,320230,320250,320430
14595,65,77,323040,325050,324540,324560,324750
14596,65,77,324230,326210,325730,325750,325910
14597,65,77,334340,336340,335840,335860,336040
14598,65,79,14240,16240,15740,15760,15940
14599,65,79,17640,19500,19140,19160,19200
14600,65,79,21200,23210,22700,22720,22910
14601,65,79,29640,31500,31140,31170,31200
14602,65,79,41820,43820,43320,43340,43520
14603,65,79,116590,118590,118090,118110,118290
14604,65,79,149670,151680,151170,151190,151380
14605,65,79,212250,214090,213750,213770,213790
14606,65,79,237340,239210,238840,238860,238910
14607,65,79,245660,247660,247160,247180,247360
14608,65,79,254170,256250,255670,255690,255950
14609,65,80,475460,477580,476960,476980,477280
14610,65,80,491660,493510,493160,493180,493210
14611,65,102,44670,46730,46170,46190,46430
14612,65,102,44870,46730,46370,46390,46430
14613,65,114,33390,35400,34890,34910,35100
14614,65,122,47370,49330,48870,48890,49030
14615,65,137,24870,26880,26370,26390,26580
14616,65,139,34090,36250,35590,35610,35950
14617,65,143,39840,41950,41340,41360,41650
14618,65,144,41020,43040,42520,42550,42740
14619,65,144,44290,46220,45790,45810,45920
14620,65,144,47330,49330,48830,48850,49030
14621,65,146,32440,34510,33940,33960,34210
14622,65,148,153130,155170,154630,154650,154870
14623,65,148,153160,175660,154660,175350,175360
14624,65,148,173860,175850,175360,175380,175550
14625,65,156,32420,34430,33920,33940,34130
14626,65,172,33340,35340,34840,34860,35040
14627,65,174,23120,25120,24620,24640,24820
14628,65,175,50390,52420,51890,51910,52120
14629,65,175,58750,60710,60250,60270,60410
14630,65,177,49460,51570,50960,50980,51270
14631,65,177,53640,55470,55140,55160,55170
14632,65,177,56230,58230,57730,57750,57930
14633,65,177,160060,162060,161560,161580,161760
14634,65,177,177830,179830,179330,179350,179530
14635,65,177,191130,193010,192630,192650,192710
14636,65,177,202050,204160,203550,203570,203860
14637,65,177,249970,251980,251470,251490,251680
14638,65,177,251510,253500,253010,253030,253200
14639,65,177,275310,277140,276810,276830,276840
14640,65,177,278650,280650,280150,280170,280350
14641,65,177,283340,285280,284840,284850,284980
14642,65,178,116590,118600,118090,118110,118300
14643,65,178,138290,140180,139790,139810,139880
14644,65,179,47680,49690,49180,49200,49390
14645,65,179,194320,196440,195820,195840,196140
14646,65,182,33590,35560,35090,35110,35260
14647,65,191,47940,49940,49440,49460,49640
14648,65,192,32410,34260,33910,33930,33960
14649,65,192,41460,43440,42960,42980,43140
14650,65,197,43780,45790,45280,45310,45490
14651,65,222,121900,123900,123400,123420,123600
14652,65,228,24320,26470,25820,25840,26170
14653,65,236,31050,33090,32550,32570,32790
14654,65,243,38650,40650,40150,40170,40350
14655,65,245,85760,87660,87260,87280,87360
14656,65,245,138100,139930,139600,139620,139630
14657,65,245,140350,142360,141850,141870,142060
14658,65,245,176270,178250,177770,177790,177950
14659,65,245,228150,230200,229650,229670,229900
14660,65,245,235840,237850,237340,237360,237550
14661,65,247,169230,171210,170730,170750,170910
14662,65,258,43880,45920,45380,45400,45620
14663,65,261,34120,36130,35620,35640,35830
14664,65,261,39570,41710,41070,41090,41410
14665,65,261,41510,43520,43010,43040,43220
14666,65,267,43430,45270,44930,44950,44970
14667,65,267,43460,60310,44960,60000,60010
14668,65,267,58510,60400,60010,60030,60100
14669,65,283,30550,32550,32050,32070,32250
14670,65,284,19370,21370,20870,20890,21070
14671,65,284,59740,61820,61240,61260,61520
14672,65,284,61750,63700,63250,63270,63400
14673,65,284,91860,93860,93360,93380,93560
14674,65,284,99750,101650,101250,101270,101350
14675,65,284,113310,115400,114810,114830,115100
14676,65,284,115370,117390,116870,116890,117090
14677,65,284,163560,165400,165060,165080,165100
14678,65,284,165340,167350,166840,166860,167050
14679,65,284,167520,169510,169020,169040,169210
14680,65,284,168500,170510,170000,170020,170210
14681,65,284,174870,176940,176370,176390,176640
14682,65,284,177720,179720,179220,179240,179420
14683,65,284,181140,183150,182640,182660,182850
14684,65,284,182370,184370,183870,183890,184070
14685,65,284,186270,188280,187770,187790,187980
14686,65,285,17250,19260,18750,18770,18960
14687,65,285,18130,20030,19630,19650,19730
14688,65,285,21170,23170,22670,22690,22870
14689,65,285,33550,35630,35050,35070,35330
14690,65,285,40750,42750,42250,42270,42450
14691,65,285,46680,48680,48180,48200,48380
14692,65,285,60310,62310,61810,61830,62010
14693,65,285,71740,73670,73240,73260,73370
14694,65,285,90320,92310,91820,91840,92010
14695,65,285,100220,102230,101720,101740,101930
14696,65,285,101050,103050,102550,102570,102750
14697,65,285,134220,136250,135720,135740,135950
14698,65,285,135240,137250,136740,136760,136950
14699,65,285,139190,141190,140690,140710,140890
14700,66,1,73010,75010,74510,74530,74710
14701,66,1,74760,76770,76260,76280,76470
14702,66,1,102120,104250,103620,103640,103950
14703,66,1,123770,125600,125270,125290,125300
14704,66,27,34940,36940,36440,36460,36640
14705,66,39,35620,37560,37120,37140,37260
14706,66,58,40530,42440,42030,42050,42140
14707,66,65,273600,275600,275100,275120,275300
14708,66,70,45840,47840,47340,47360,47540
14709,66,70,47060,49100,48560,48580,48800
14710,66,70,51550,53560,53050,53070,53260
14711,66,83,48150,50110,49650,49670,49810
14712,66,84,36810,38850,38310,38330,38550
14713,66,84,42830,44690,44330,44350,44390
14714,66,85,24200,26030,25700,25720,25730
14715,66,85,29320,31330,30820,30840,31030
14716,66,115,88200,90210,89700,89720,89910
14717,66,120,53110,55020,54610,54630,54720
14718,66,127,46370,48450,47870,47890,48150
14719,66,127,49930,51770,51430,51450,51470
14720,66,143,55420,57420,56920,56940,57120
14721,66,143,57770,59760,59270,59290,59460
14722,66,145,22690,24690,24190,24210,24390
14723,66,145,34640,36540,36140,36160,36240
14724,66,145,35660,37500,37160,37180,37200
14725,66,145,36180,38310,37680,37700,38010
14726,66,149,57870,60060,59370,59390,59760
14727,66,149,58970,61040,60470,60490,60740
14728,66,188,97810,99710,99310,99330,99410
14729,66,188,104890,106890,106390,106410,106590
14730,66,188,130540,132540,132040,132060,132240
14731,66,188,133860,135860,135360,135380,135560
14732,66,188,171370,173360,172870,172890,173060
14733,67,5,65360,67360,66860,66880,67060
14734,67,5,71760,73760,73260,73280,73460
14735,67,5,80770,82740,82270,82290,82440
14736,67,5,130000,132000,131500,131520,131700
14737,67,5,130860,132750,132360,132380,132450
14738,67,5,133060,135070,134560,134590,134770
14739,67,5,173790,175800,175290,175310,175500
14740,67,6,33640,35760,35140,35160,35460
14741,67,6,41940,43950,43440,43460,43650
14742,67,6,43710,45660,45210,45230,45360
14743,67,6,47570,49510,49070,49090,49210
14744,67,6,48860,50860,50360,50380,50560
14745,67,7,80840,82770,82340,82360,82470
14746,67,7,87470,89470,88970,88990,89170
14747,67,8,80470,82580,81970,81990,82280
14748,67,8,82130,84140,83630,83650,83840
14749,67,11,253110,255100,254610,254630,254800
14750,67,14,17130,19130,18630,18650,18830
14751,67,14,61180,63190,62680,62700,62890
14752,67,14,98750,100660,100250,100270,100360
14753,67,15,189940,191810,191440,191460,191510
14754,67,15,190440,192270,191940,191960,191970
14755,67,15,190940,192940,192440,192460,192640
14756,67,21,189680,191540,191180,191200,191240
14757,67,21,189710,192350,191210,192040,192050
14758,67,21,190550,192700,192050,192070,192400
14759,67,26,165220,167260,166720,166740,166960
14760,67,26,166590,168590,168090,168110,168290
14761,67,26,167930,169930,169430,169450,169630
14762,67,26,170950,172950,172450,172470,172650
14763,67,26,238330,240290,239830,239850,239990
14764,67,26,278450,280450,279950,279970,280150
14765,67,29,329940,331950,331440,331460,331650
14766,67,30,96430,98440,97930,97950,98140
14767,67,30,97180,99180,98680,98700,98880
14768,67,30,150340,152340,151840,151860,152040
14769,67,30,187220,189130,188720,188740,188830
14770,67,44,393930,395910,395430,395460,395610
14771,67,46,97960,99790,99460,99480,99490
14772,67,46,104470,106470,105970,105990,106170
14773,67,46,123670,125580,125170,125190,125280
14774,67,49,128770,130720,130270,130290,130420
14775,67,50,37960,39960,39460,39480,39660
14776,67,50,39400,41420,40900,40920,41120
14777,67,50,251790,253800,253290,253310,253500
14778,67,50,252580,254570,254080,254100,254270
14779,67,50,261970,263920,263470,263490,263620
14780,67,50,273200,275230,274700,274720,274930
14781,67,60,495800,497750,497300,497320,497450
14782,67,60,507380,509290,508880,508900,508990
14783,67,60,513110,514940,514610,514630,514640
14784,67,60,520520,522550,522020,522040,522250
14785,67,60,521410,523310,522910,522930,523010
14786,67,60,524470,526470,525970,525990,526170
14787,67,64,146190,148130,147690,147710,147830
14788,67,64,177050,179180,178550,178570,178880
14789,67,64,183340,185340,184840,184860,185040
14790,67,69,37810,39850,39310,39330,39550
14791,67,69,40530,42530,42030,42050,42230
14792,67,69,58280,60280,59780,59800,59980
14793,67,69,104370,106370,105870,105890,106070
14794,67,69,132320,134330,133820,133840,134030
14795,67,69,134430,136540,135930,135950,136240
14796,67,69,143590,145590,145090,145110,145290
14797,67,69,144580,146520,146080,146100,146220
14798,67,72,108610,110610,110110,110130,110310
14799,67,72,175780,177780,177280,177300,177480
14800,67,72,214770,216770,216270,216290,216470
14801,67,72,217190,219020,218690,218710,218720
14802,67,72,217920,219920,219420,219440,219620
14803,67,72,219820,221900,221320,221340,221600
14804,67,72,222130,224140,223630,223650,223840
14805,67,75,49740,51670,51240,51260,51370
14806,67,79,124350,126290,125850,125870,125990
14807,67,81,128480,130500,129980,130000,130200
14808,67,81,129370,131300,130870,130890,131000
14809,67,81,131370,133510,132870,132890,133210
14810,67,81,223240,225240,224740,224760,224940
14811,67,81,236000,238000,237500,237520,237700
14812,67,86,288650,290650,290150,290170,290350
14813,67,86,290210,292560,291710,291730,292260
14814,67,86,293650,295620,295150,295170,295320
14815,67,87,110690,112750,112190,112210,112450
14816,67,87,112470,114300,113970,113990,114000
14817,67,87,113880,115890,115380,115400,115590
14818,67,87,115240,117260,116740,116760,116960
14819,67,91,214890,216890,216390,216410,216590
14820,67,91,216330,218370,217830,217850,218070
14821,67,95,52230,54060,53730,53750,53760
14822,67,97,145740,147720,147240,147260,147420
14823,67,97,147770,149660,149270,149290,149360
14824,67,97,626520,628660,628020,628050,628360
14825,67,99,70510,72620,72010,72030,72320
14826,67,99,163290,165290,164790,164810,164990
14827,67,99,164180,166180,165680,165700,165880
14828,67,99,167210,169140,168710,168730,168840
14829,67,99,168170,170170,169670,169690,169870
14830,67,99,200410,202290,201910,201930,201990
14831,67,99,204110,206230,205610,205630,205930
14832,67,99,212550,214550,214050,214070,214250
14833,67,100,49350,51320,50850,50870,51020
14834,67,100,63510,65700,65010,65030,65400
14835,67,100,64040,65930,65540,65560,65630
14836,67,100,84660,86500,86160,86180,86200
14837,67,100,129370,131370,130870,130890,131070
14838,67,100,140190,142060,141690,141710,141760
14839,67,100,141760,143770,143260,143280,143470
14840,67,100,171410,173340,172910,172930,173040
14841,67,108,47420,49410,48920,48940,49110
14842,67,108,48260,50180,49760,49780,49880
14843,67,108,82120,84120,83620,83640,83820
14844,67,108,94510,96630,96010,96030,96330
14845,67,108,294640,296640,296140,296160,296340
14846,67,108,295940,297940,297440,297460,297640
14847,67,108,297680,299680,299180,299200,299380
14848,67,108,298220,300350,299720,299740,300050
14849,67,108,316350,318350,317850,317870,318050
14850,67,108,317750,319740,319250,319270,319440
14851,67,108,321730,323700,323230,323250,323400
14852,67,108,323980,325980,325480,325500,325680
14853,67,116,59010,60970,60510,60530,60670
14854,67,116,185590,187590,187090,187110,187290
14855,67,116,253430,255440,254930,254950,255140
14856,67,116,257590,259530,259090,259110,259230
14857,67,121,244100,246200,245600,245620,245900
14858,67,124,18860,20720,20360,20380,20420
14859,67,124,55360,57280,56860,56880,56980
14860,67,124,57910,59910,59410,59430,59610
14861,67,136,230360,232360,231860,231880,232060
14862,67,136,234220,236190,235720,235750,235890
14863,67,138,64090,66090,65590,65610,65790
14864,67,138,66440,68420,67940,67960,68120
14865,67,138,67440,69270,68940,68960,68970
14866,67,138,68360,70190,69860,69880,69890
14867,67,138,85400,87260,86900,86920,86960
14868,67,138,88020,90150,89520,89540,89850
14869,67,140,117550,119550,119050,119070,119250
14870,67,144,91890,93740,93390,93410,93440
14871,67,144,193410,195410,194910,194930,195110
14872,67,144,240460,242460,241960,241980,242160
14873,67,144,267160,269010,268660,268680,268710
14874,67,144,274660,276640,276160,276180,276340
14875,67,144,277740,279740,279240,279260,279440
14876,67,155,109210,111210,110710,110730,110910
14877,67,155,146640,148650,148140,148160,148350
14878,67,155,154060,156170,155560,155580,155870
14879,67,155,158410,160420,159910,159940,160120
14880,67,155,160550,162680,162050,162070,162380
14881,67,155,162780,164990,164280,164300,164690
14882,67,155,172420,174420,173920,173940,174120
14883,67,155,172920,174780,174420,174440,174480
14884,67,155,184180,186310,185680,185700,186010
14885,67,155,197850,199860,199350,199370,199560
14886,67,155,209690,211650,211190,211210,211350
14887,67,159,112470,114490,113970,113990,114190
14888,67,166,141950,143930,143450,143470,143630
14889,67,166,183500,185340,185000,185020,185040
14890,67,167,98700,100920,100200,100220,100620
14891,67,167,104150,106060,105650,105670,105760
14892,67,167,134000,136110,135500,135520,135810
14893,67,167,135250,137220,136750,136770,136920
14894,67,167,156040,158140,157540,157560,157840
14895,67,168,41520,43530,43020,43040,43230
14896,67,168,43590,45600,45090,45110,45300
14897,67,168,45730,47740,47230,47250,47440
14898,67,168,46390,48290,47890,47910,47990
14899,67,168,50410,52410,51910,51930,52110
14900,67,168,55120,57120,56620,56640,56820
14901,67,168,108770,110660,110270,110290,110360
14902,67,168,111980,113970,113480,113510,113670
14903,67,171,58470,60480,59970,59990,60180
14904,67,171,61870,63880,63370,63390,63580
14905,67,174,29450,31640,30950,30970,31340
14906,67,181,48150,49990,49650,49670,49690
14907,67,181,60820,62830,62320,62340,62530
14908,67,181,195420,197470,196920,196940,197170
14909,67,181,223590,225560,225090,225110,225260
14910,67,184,81020,82910,82520,82540,82610
14911,67,184,82470,84470,83970,83990,84170
14912,67,184,84290,86420,85790,85810,86120
14913,67,184,86730,88830,88230,88250,88530
14914,67,184,111230,113180,112730,112750,112880
14915,67,184,163290,165380,164790,164810,165080
14916,67,184,170170,172090,171670,171690,171790
14917,67,184,173840,175730,175340,175360,175430
14918,67,184,177920,179930,179420,179450,179630
14919,67,184,179720,181550,181220,181240,181250
14920,67,184,183500,185500,185000,185020,185200
14921,67,184,184040,185970,185540,185560,185670
14922,67,184,185020,187020,186520,186540,186720
14923,67,184,276820,278800,278320,278340,278500
14924,67,186,68360,70330,69860,69880,70030
14925,67,186,267020,269030,268520,268540,268730
14926,67,186,270950,272950,272450,272470,272650
14927,67,186,272070,274130,273570,273590,273830
14928,67,187,52980,55250,54480,54500,54950
14929,67,187,59090,61170,60590,60610,60870
14930,67,187,90140,92120,91640,91660,91820
14931,67,187,92230,94240,93730,93750,93940
14932,67,191,274620,276510,276120,276140,276210
14933,67,191,275720,277720,277220,277240,277420
14934,67,193,101110,102950,102610,102630,102650
14935,67,193,144720,146720,146220,146240,146420
14936,67,193,146210,148100,147710,147730,147800
14937,67,193,147800,149710,149300,149320,149410
14938,67,193,178630,180610,180130,180150,180310
14939,67,193,181630,183740,183130,183150,183440
14940,67,193,184180,186130,185680,185700,185830
14941,67,193,189590,191600,191090,191110,191300
14942,67,193,191230,193230,192730,192750,192930
14943,67,195,256760,258880,258260,258280,258580
14944,67,195,268570,270570,270070,270090,270270
14945,67,197,101820,103770,103320,103340,103470
14946,67,197,112080,114010,113580,113600,113710
14947,67,197,119790,121810,121290,121310,121510
14948,67,197,121050,122900,122550,122570,122600
14949,67,201,25160,27160,26660,26680,26860
14950,67,201,26410,28500,27910,27930,28200
14951,67,201,27780,29780,29280,29300,29480
14952,67,201,31560,33560,33060,33080,33260
14953,67,201,35630,37600,37130,37150,37300
14954,67,201,43040,45050,44540,44560,44750
14955,67,201,57520,59410,59020,59040,59110
14956,67,201,68080,70090,69580,69600,69790
14957,67,203,61580,63500,63080,63100,63200
14958,67,203,61610,63890,63110,63580,63590
14959,67,203,62090,64060,63590,63620,63760
14960,67,203,68070,70070,69570,69590,69770
14961,67,205,46030,47940,47530,47550,47640
14962,67,205,75240,77250,76740,76760,76950
14963,67,205,82360,84350,83860,83880,84050
14964,67,205,83600,85580,85100,85120,85280
14965,67,205,127980,130100,129480,129500,129800
14966,67,205,129800,131800,131300,131320,131500
14967,67,205,143290,145430,144790,144810,145130
14968,67,205,144530,146530,146030,146050,146230
14969,67,207,37890,39920,39390,39410,39620
14970,67,207,46130,48130,47630,47650,47830
14971,67,207,52760,54790,54260,54280,54490
14972,67,207,93160,95240,94660,94680,94940
14973,67,207,96330,98240,97830,97850,97940
14974,67,207,97510,99640,99010,99030,99340
14975,67,207,103250,105220,104750,104770,104920
14976,67,207,119900,121740,121400,121420,121440
14977,67,207,174450,176400,175950,175970,176100
14978,67,213,52510,54510,54010,54030,54210
14979,67,213,54770,56600,56270,56290,56300
14980,67,213,60250,62250,61750,61770,61950
14981,67,213,63680,65620,65180,65210,65320
14982,67,213,180140,182150,181640,181660,181850
14983,67,213,183280,185390,184780,184800,185090
14984,67,222,187820,189820,189320,189340,189520
14985,67,222,199660,201630,201160,201180,201330
14986,67,223,51090,53140,52590,52610,52840
14987,67,223,81310,83210,82810,82830,82910
14988,67,223,86380,88490,87880,87900,88190
14989,67,223,91110,93000,92610,92630,92700
14990,67,223,92940,94770,94440,94460,94470
14991,67,223,94370,96390,95870,95890,96090
14992,67,227,225700,227670,227200,227220,227370
14993,67,227,230830,232660,232330,232350,232360
14994,67,229,102530,104500,104030,104050,104200
14995,67,234,42070,44110,43570,43590,43810
14996,67,234,44400,46570,45900,45920,46270
14997,67,234,49550,51670,51050,51070,51370
14998,67,237,43660,45720,45160,45180,45420
14999,67,240,99680,101670,101180,101200,101370
15000,67,243,32570,34420,34070,34090,34120
15001,67,243,32600,48330,34100,48020,48030
15002,67,243,46530,48420,48030,48050,48120
15003,67,248,258310,260230,259810,259830,259930
15004,67,248,264280,266280,265780,265800,265980
15005,68,1,37770,39780,39270,39290,39480
15006,68,1,50930,52860,52430,52450,52560
15007,68,1,53850,55850,55350,55370,55550
15008,68,1,87700,89530,89200,89220,89230
15009,68,1,96250,98250,97750,97770,97950
15010,68,1,109490,111490,110990,111010,111190
15011,68,1,114060,116060,115560,115580,115760
15012,68,1,118690,120700,120190,120210,120400
15013,68,1,121600,123610,123100,123120,123310
15014,68,1,122140,124140,123640,123660,123840
15015,68,1,122770,124690,124270,124290,124390
15016,68,1,166510,168400,168010,168030,168100
15017,68,1,186070,188070,187570,187590,187770
15018,68,1,217160,219160,218660,218680,218860
15019,68,1,245820,247830,247320,247340,247530
15020,68,1,257140,259120,258640,258660,258820
15021,68,3,51990,54000,53490,53510,53700
15022,68,13,25300,27300,26800,26820,27000
15023,68,13,67500,69510,69000,69020,69210
15024,68,13,74860,76870,76360,76380,76570
15025,68,13,74890,77170,76390,76860,76870
15026,68,13,75370,77210,76870,76890,76910
15027,68,13,86510,88620,88010,88030,88320
15028,68,13,90040,92080,91540,91560,91780
15029,68,13,91460,93300,92960,92980,93000
15030,68,13,91490,93760,92990,93450,93460
15031,68,13,91960,93960,93460,93480,93660
15032,68,13,94840,96680,96340,96360,96380
15033,68,13,95410,97530,96910,96930,97230
15034,68,14,88840,90760,90340,90360,90460
15035,68,15,44370,46380,45870,45890,46080
15036,68,15,50300,52250,51800,51820,51950
15037,68,18,33650,35650,35150,35170,35350
15038,68,18,52500,54510,54000,54020,54210
15039,68,18,55570,57560,57070,57090,57260
15040,68,18,56470,58470,57970,57990,58170
15041,68,19,56990,59080,58490,58510,58780
15042,68,21,38380,40380,39880,39900,40080
15043,68,21,39910,41910,41410,41430,41610
15044,68,21,39940,47720,41440,47410,47420
15045,68,21,45920,47930,47420,47440,47630
15046,68,21,50060,52050,51560,51580,51750
15047,68,22,46070,47990,47570,47590,47690
15048,68,36,19780,21780,21280,21300,21480
15049,68,36,43230,45290,44730,44750,44990
15050,68,36,44940,46880,46440,46460,46580
15051,68,36,51740,53750,53240,53260,53450
15052,68,40,51690,53690,53190,53210,53390
15053,68,40,54930,56940,56430,56450,56640
15054,68,42,19990,21990,21490,21510,21690
15055,68,42,21480,23380,22980,23000,23080
15056,68,42,51690,53700,53190,53210,53400
15057,68,45,59300,61220,60800,60820,60920
15058,68,56,53660,55670,55160,55180,55370
15059,68,56,72700,74540,74200,74220,74240
15060,68,56,74740,76740,76240,76260,76440
15061,68,56,82690,84650,84190,84220,84350
15062,68,56,89500,91350,91000,91020,91050
15063,68,56,96870,98870,98370,98390,98570
15064,68,58,34520,36350,36020,36040,36050
15065,68,58,36900,38990,38400,38420,38690
15066,68,58,40860,42880,42360,42380,42580
15067,68,58,44610,46620,46110,46130,46320
15068,68,58,60620,62630,62120,62140,62330
15069,68,58,80900,82960,82400,82420,82660
15070,68,58,83870,85700,85370,85390,85400
15071,68,59,20720,22710,22220,22240,22410
15072,68,59,45210,47060,46710,46730,46760
15073,68,59,46510,48510,48010,48030,48210
15074,68,59,88420,90370,89920,89940,90070
15075,68,59,90280,92280,91780,91800,91980
15076,68,59,104540,106500,106040,106060,106200
15077,68,59,117180,119180,118680,118700,118880
15078,68,59,119160,121110,120660,120680,120810
15079,68,59,132070,134010,133570,133590,133710
15080,68,59,147640,149470,149140,149160,149170
15081,68,59,216540,218670,218040,218060,218370
15082,68,59,218930,220760,220430,220450,220460
15083,68,59,233580,235530,235080,235100,235230
15084,68,60,119020,121020,120520,120540,120720
15085,68,60,120260,122260,121760,121780,121960
15086,68,60,142140,144200,143640,143660,143900
15087,68,63,50830,52830,52330,52350,52530
15088,68,63,94370,96350,95870,95890,96050
15089,68,63,122530,124540,124030,124050,124240
15090,68,63,135480,137480,136980,137000,137180
15091,68,63,195470,197470,196970,196990,197170
15092,68,63,218790,220640,220290,220310,220340
15093,68,63,222130,224100,223630,223650,223800
15094,68,63,301990,303820,303490,303510,303520
15095,68,63,315860,317790,317360,317380,317490
15096,68,63,331270,333280,332770,332790,332980
15097,68,63,335990,338010,337490,337510,337710
15098,68,63,338850,340700,340350,340370,340400
15099,68,63,340890,342750,342390,342410,342450
15100,68,63,350720,352570,352220,352240,352270
15101,68,63,387170,389010,388670,388690,388710
15102,68,63,395370,397370,396870,396890,397070
15103,68,63,396060,397890,397560,397580,397590
15104,68,73,42730,44730,44230,44250,44430
15105,68,78,85420,87250,86920,86940,86950
15106,68,79,118780,120720,120280,120300,120420
15107,68,80,54040,56050,55540,55560,55750
15108,68,80,56140,58060,57640,57660,57760
15109,68,80,63630,65750,65130,65150,65450
15110,68,80,65490,67460,66990,67010,67160
15111,68,80,102780,104850,104280,104300,104550
15112,68,81,66810,68810,68310,68330,68510
15113,68,81,76170,78180,77670,77690,77880
15114,68,81,112320,114320,113820,113840,114020
15115,68,81,119020,121050,120520,120540,120750
15116,68,83,64480,66480,65980,66000,66180
15117,68,86,34670,36660,36170,36190,36360
15118,68,86,67240,69250,68740,68770,68950
15119,68,87,48110,50120,49610,49640,49820
15120,68,87,51830,53820,53330,53350,53520
15121,68,102,111180,113240,112680,112700,112940
15122,68,103,48840,50820,50340,50360,50520
15123,68,108,75730,77700,77230,77250,77400
15124,68,109,16980,18830,18480,18500,18530
15125,68,109,27690,29750,29190,29210,29450
15126,68,114,63050,65050,64550,64570,64750
15127,68,117,51200,53070,52700,52720,52770
15128,68,118,78430,80270,79930,79950,79970
15129,68,119,43580,45590,45080,45100,45290
15130,68,121,27610,29610,29110,29130,29310
15131,68,121,55810,57760,57310,57330,57460
15132,68,121,63730,65740,65230,65260,65440
15133,68,121,74620,76620,76120,76140,76320
15134,68,122,80350,82280,81850,81870,81980
15135,68,122,80850,82730,82350,82370,82430
15136,68,122,119280,121280,120780,120800,120980
15137,68,122,124930,126930,126430,126450,126630
15138,68,124,67450,69470,68950,68970,69170
15139,68,124,70180,72180,71680,71700,71880
15140,68,130,37960,39960,39460,39480,39660
15141,68,130,41780,43790,43280,43300,43490
15142,68,130,57010,58840,58510,58530,58540
15143,68,130,83190,85180,84690,84710,84880
15144,68,130,85830,87840,87330,87350,87540
15145,68,130,99560,101390,101060,101080,101090
15146,68,130,125680,127680,127180,127200,127380
15147,68,130,134700,136690,136200,136220,136390
15148,68,130,219250,221250,220750,220770,220950
15149,68,130,234000,235830,235500,235520,235530
15150,68,130,306980,308990,308480,308500,308690
15151,68,130,314690,316800,316190,316210,316500
15152,68,130,333880,335840,335380,335400,335540
15153,68,132,27150,28980,28650,28670,28680
15154,68,132,30580,32710,32080,32100,32410
15155,68,132,75940,77950,77440,77460,77650
15156,68,132,85650,87490,87150,87170,87190
15157,68,132,90440,92450,91940,91960,92150
15158,68,132,99350,101410,100850,100870,101110
15159,68,132,110830,112840,112330,112350,112540
15160,68,132,113680,115680,115180,115200,115380
15161,68,132,138170,140000,139670,139690,139700
15162,68,132,141150,143130,142650,142670,142830
15163,68,132,146210,148100,147710,147730,147800
15164,68,132,161120,163100,162620,162640,162800
15165,68,132,175780,177730,177280,177300,177430
15166,68,132,178310,180320,179810,179840,180020
15167,68,132,188750,190580,190250,190270,190280
15168,68,132,192110,194100,193610,193630,193800
15169,68,132,218930,220940,220430,220450,220640
15170,68,132,236860,238910,238360,238380,238610
15171,68,132,243270,245270,244770,244790,244970
15172,68,132,248980,250810,250480,250500,250510
15173,68,132,250610,252620,252110,252140,252320
15174,68,132,282940,284990,284440,284460,284690
15175,68,132,318040,319940,319540,319560,319640
15176,68,138,106720,108600,108220,108240,108300
15177,68,140,53730,55570,55230,55250,55270
15178,68,140,90790,92690,92290,92310,92390
15179,68,140,92170,94170,93670,93690,93870
15180,68,140,114080,116040,115580,115600,115740
15181,68,141,56600,58440,58100,58120,58140
15182,68,141,59270,61280,60770,60790,60980
15183,68,141,67370,69420,68870,68890,69120
15184,68,141,88490,90460,89990,90010,90160
15185,68,141,94770,96770,96270,96290,96470
15186,68,141,98210,100070,99710,99740,99770
15187,68,141,103990,106040,105490,105510,105740
15188,68,141,105300,107300,106800,106820,107000
15189,68,144,67110,69110,68610,68630,68810
15190,68,145,91420,93430,92920,92940,93130
15191,68,145,93480,95490,94980,95000,95190
15192,68,145,132170,134180,133670,133690,133880
15193,68,146,204030,205860,205530,205550,205560
15194,68,146,209170,211170,210670,210690,210870
15195,69,2,41460,43330,42960,42980,43030
15196,69,2,46170,48260,47670,47690,47960
15197,69,2,50910,52910,52410,52430,52610
15198,69,2,52290,54220,53790,53810,53920
15199,69,2,65760,67680,67260,67280,67380
15200,69,2,118060,120030,119560,119580,119730
15201,69,2,149840,151670,151340,151360,151370
15202,69,2,156320,158180,157820,157840,157880
15203,69,2,181570,183530,183070,183090,183230
15204,69,2,191450,193280,192950,192970,192980
15205,69,23,27640,29600,29140,29160,29300
15206,69,42,12520,14520,14020,14040,14220
15207,69,42,27690,29700,29190,29210,29400
15208,69,129,120180,122180,121680,121700,121880
15209,69,129,121160,123170,122660,122690,122870
15210,69,129,285980,288000,287480,287500,287700
15211,69,129,314850,316850,316350,316370,316550
15212,69,129,315390,317290,316890,316920,316990
15213,69,130,27140,29190,28640,28660,28890
15214,69,130,30910,32910,32410,32430,32610
15215,69,130,34020,36020,35520,35540,35720
15216,69,130,46430,48440,47930,47950,48140
15217,69,130,48470,50420,49970,49990,50120
15218,69,130,54570,56640,56070,56090,56340
15219,69,130,61700,63710,63200,63220,63410
15220,70,1,93280,95280,94780,94800,94980
15221,70,1,94670,96670,96170,96190,96370
15222,70,1,100680,102520,102180,102200,102220
15223,70,1,103960,105960,105460,105480,105660
15224,70,1,113290,115290,114790,114810,114990
15225,70,1,115460,117340,116960,116980,117040
15226,70,1,123200,125170,124700,124720,124870
15227,70,1,128550,130560,130050,130070,130260
15228,70,1,150530,152440,152030,152050,152140
15229,70,1,162290,164240,163790,163810,163940
15230,70,1,187960,189890,189460,189490,189590
15231,70,1,197900,199900,199400,199420,199600
15232,70,1,197930,237280,199430,236970,236980
15233,70,1,235480,237390,236980,237000,237090
15234,70,1,237580,239410,239080,239100,239110
15235,70,1,291850,293970,293350,293370,293670
15236,70,1,305130,307140,306630,306650,306840
15237,70,1,328140,330140,329640,329660,329840
15238,70,1,337140,339140,338640,338660,338840
15239,70,1,342780,345000,344280,344300,344700
15240,70,1,346470,348480,347970,347990,348180
15241,70,1,365820,367830,367320,367340,367530
15242,70,1,369800,371800,371300,371320,371500
15243,70,1,380960,382960,382460,382480,382660
15244,70,1,388400,390320,389900,389920,390020
15245,70,1,399560,401390,401060,401080,401090
15246,70,1,402980,404810,404480,404500,404510
15247,70,1,417000,419000,418500,418520,418700
15248,70,1,419590,421590,421090,421110,421290
15249,70,1,433960,435970,435460,435480,435670
15250,70,1,445990,447960,447490,447510,447660
15251,70,1,470040,471970,471540,471560,471670
15252,70,1,491320,493320,492820,492840,493020
15253,70,2,22140,24140,23640,23660,23840
15254,70,5,17230,19230,18730,18750,18930
15255,70,5,22780,24980,24280,24300,24680
15256,70,8,24880,26920,26380,26400,26620
15257,70,8,47210,49130,48710,48730,48830
15258,70,8,51490,53500,52990,53010,53200
15259,70,8,91200,93120,92700,92720,92820
15260,70,8,94160,96060,95660,95680,95760
15261,70,8,96300,98280,97800,97820,97980
15262,70,8,99880,101890,101380,101400,101590
15263,70,8,102020,104030,103520,103540,103730
15264,70,8,124800,126880,126300,126320,126580
15265,70,8,128420,130430,129920,129940,130130
15266,70,8,160370,162380,161870,161900,162080
15267,70,8,161990,163880,163490,163510,163580
15268,70,8,180950,182960,182450,182480,182660
15269,70,8,188160,190070,189660,189680,189770
15270,70,8,191380,193390,192880,192900,193090
15271,70,8,202220,204220,203720,203740,203920
15272,70,8,204750,206650,206250,206270,206350
15273,70,8,206920,208920,208420,208440,208620
15274,70,8,213730,215730,215230,215250,215430
15275,70,8,228720,230660,230220,230240,230360
15276,70,9,303220,305140,304720,304740,304840
15277,70,9,304400,306310,305900,305920,306010
15278,70,9,320990,322990,322490,322510,322690
15279,70,9,324150,326170,325650,325670,325870
15280,70,9,345560,347420,347060,347080,347120
15281,70,9,348940,350950,350440,350460,350650
15282,70,9,376140,378080,377640,377660,377780
15283,70,9,386870,388870,388370,388390,388570
15284,70,9,389900,391810,391400,391420,391510
15285,70,9,401020,403020,402520,402540,402720
15286,70,9,406330,408330,407830,407850,408030
15287,70,9,412140,414040,413640,413660,413740
15288,70,9,436740,438580,438240,438260,438280
15289,70,9,452770,454670,454270,454300,454370
15290,70,9,472820,474930,474320,474340,474630
15291,70,9,476090,478190,477590,477610,477890
15292,70,9,482020,484050,483520,483540,483750
15293,70,9,548620,550620,550120,550140,550320
15294,70,9,555050,556920,556550,556580,556620
15295,70,14,132390,134220,133890,133910,133920
15296,70,14,134690,136700,136190,136210,136400
15297,70,14,145230,147240,146730,146750,146940
15298,70,14,150630,152580,152130,152150,152280
15299,70,14,172110,174030,173610,173630,173730
15300,70,14,198910,200910,200410,200430,200610
15301,70,16,326520,328390,328020,328040,328090
15302,70,16,333540,335430,335040,335060,335130
15303,70,16,388470,390380,389970,389990,390080
15304,70,16,541930,543760,543430,543450,543460
15305,70,22,62950,65010,64450,64470,64710
15306,70,31,61840,63710,63340,63360,63410
15307,70,31,98510,100480,100010,100030,100180
15308,70,33,34130,36000,35630,35650,35700
15309,70,33,50760,52760,52260,52280,52460
15310,70,33,52230,54060,53730,53750,53760
15311,70,33,90440,92310,91940,91960,92010
15312,70,33,137190,139090,138690,138710,138790
15313,70,33,139130,140970,140630,140650,140670
15314,70,33,140900,142900,142400,142420,142600
15315,70,33,159090,161100,160590,160610,160800
15316,70,33,177730,179730,179230,179250,179430
15317,70,33,198890,200890,200390,200410,200590
15318,70,33,204810,206640,206310,206330,206340
15319,70,33,210960,212970,212460,212480,212670
15320,70,33,238580,240510,240080,240100,240210
15321,70,33,241520,243430,243020,243040,243130
15322,70,33,244570,246520,246070,246090,246220
15323,70,33,250810,252690,252310,252340,252390
15324,70,33,266670,268570,268170,268190,268270
15325,70,33,270200,272130,271700,271720,271830
15326,70,33,279650,281650,281150,281170,281350
15327,70,33,280300,282350,281800,281820,282050
15328,70,33,297340,299200,298840,298860,298900
15329,70,33,301290,303290,302790,302810,302990
15330,70,33,318820,320710,320320,320340,320410
15331,70,33,336540,338590,338040,338060,338290
15332,70,33,338350,340310,339850,339870,340010
15333,70,33,341410,343410,342910,342930,343110
15334,70,33,345040,347050,346540,346570,346750
15335,70,33,348420,350380,349920,349940,350080
15336,70,33,389200,391200,390700,390720,390900
15337,70,33,392050,393940,393550,393570,393640
15338,70,33,430840,432840,432340,432360,432540
15339,70,33,441750,443750,443250,443270,443450
15340,70,33,449690,451690,451190,451210,451390
15341,70,33,472690,474640,474190,474210,474340
15342,70,33,473450,475450,474950,474970,475150
15343,70,33,474900,476880,476400,476420,476580
15344,70,33,485320,487320,486820,486840,487020
15345,70,33,489340,491220,490840,490860,490920
15346,70,33,490090,492100,491590,491610,491800
15347,70,33,492730,494610,494230,494250,494310
15348,70,33,510720,512880,512220,512240,512580
15349,70,33,511560,513490,513060,513080,513190
15350,70,33,515830,517680,517330,517350,517380
15351,70,33,519160,521160,520660,520680,520860
15352,70,33,531890,533890,533390,533410,533590
15353,70,33,537640,539480,539140,539160,539180
15354,70,43,35350,37320,36850,36870,37020
15355,70,43,43350,45360,44850,44870,45060
15356,70,43,61350,63350,62850,62870,63050
15357,70,43,69140,71140,70640,70660,70840
15358,70,43,74960,76860,76460,76490,76560
15359,70,43,104800,106720,106300,106330,106420
15360,70,43,125090,127060,126590,126610,126760
15361,70,43,131620,133690,133120,133140,133390
15362,70,43,137120,139080,138620,138640,138780
15363,70,43,151330,153310,152830,152850,153010
15364,70,43,162840,164690,164340,164360,164390
15365,70,43,198900,201010,200400,200420,200710
15366,70,43,205380,207290,206880,206900,206990
15367,70,43,229000,231000,230500,230520,230700
15368,70,43,232710,234710,234210,234230,234410
15369,70,43,236110,238110,237610,237630,237810
15370,70,43,247100,249110,248600,248620,248810
15371,70,43,264190,266040,265690,265710,265740
15372,70,43,290700,292630,292200,292220,292330
15373,70,43,295410,297420,296910,296930,297120
15374,70,44,10220,12220,11720,11740,11920
15375,70,44,17010,19010,18510,18530,18710
15376,70,44,18370,20200,19870,19890,19900
15377,70,45,31140,33240,32640,32660,32940
15378,70,45,34370,36240,35870,35890,35940
15379,70,45,38640,40640,40140,40160,40340
15380,70,45,46870,48880,48370,48390,48580
15381,70,45,49050,51060,50550,50570,50760
15382,70,46,14340,16270,15840,15860,15970
15383,70,46,17560,19460,19060,19080,19160
15384,70,46,20930,22930,22430,22450,22630
15385,70,46,24080,25970,25580,25600,25670
15386,70,46,33620,35570,35120,35140,35270
15387,70,46,36580,38520,38080,38100,38220
15388,70,46,47670,49670,49170,49190,49370
15389,70,46,52590,54590,54090,54110,54290
15390,70,46,60300,62430,61800,61820,62130
15391,70,46,64380,66290,65880,65900,65990
15392,70,46,78210,80160,79710,79730,79860
15393,70,46,83280,85280,84780,84800,84980
15394,70,46,85340,87340,86840,86860,87040
15395,70,46,87050,88970,88550,88570,88670
15396,70,46,95530,97540,97030,97050,97240
15397,70,46,102050,103940,103550,103570,103640
15398,70,46,150470,152370,151970,151990,152070
15399,70,46,154350,156310,155850,155870,156010
15400,70,46,161610,163520,163110,163130,163220
15401,70,46,213610,215610,215110,215130,215310
15402,70,46,227310,229240,228810,228830,228940
15403,70,46,233420,235380,234920,234940,235080
15404,70,46,236920,238750,238420,238440,238450
15405,70,46,259060,261060,260560,260580,260760
15406,70,46,266980,268980,268480,268500,268680
15407,70,46,273940,275940,275440,275460,275640
15408,70,46,300870,302760,302370,302390,302460
15409,70,46,316050,318000,317550,317570,317700
15410,70,46,320330,322190,321830,321850,321890
15411,70,46,327070,328980,328570,328590,328680
15412,70,46,331420,333280,332920,332940,332980
15413,70,46,335570,337580,337070,337100,337280
15414,70,46,339140,341070,340640,340660,340770
15415,70,46,341150,343000,342650,342670,342700
15416,70,46,342460,344470,343960,343980,344170
15417,70,47,32630,34640,34130,34150,34340
15418,70,47,37570,39540,39070,39090,39240
15419,70,49,40670,42670,42170,42190,42370
15420,70,49,72010,73930,73510,73530,73630
15421,70,49,73720,75720,75220,75240,75420
15422,70,49,81750,83630,83250,83270,83330
15423,70,50,33360,35190,34860,34880,34890
15424,70,50,46590,48590,48090,48110,48290
15425,70,50,63120,65120,64620,64640,64820
15426,70,50,82410,84260,83910,83930,83960
15427,70,50,87800,89800,89300,89320,89500
15428,70,50,92690,94600,94190,94210,94300
15429,70,50,94780,96780,96280,96300,96480
15430,70,50,98360,100260,99860,99880,99960
15431,70,50,107380,109380,108880,108900,109080
15432,70,50,116660,118570,118160,118180,118270
15433,70,50,120880,122880,122380,122400,122580
15434,70,50,125240,127090,126740,126760,126790
15435,70,51,19480,21480,20980,21000,21180
15436,70,51,22160,24160,23660,23680,23860
15437,70,51,24980,26980,26480,26500,26680
15438,70,51,30620,32620,32120,32140,32320
15439,70,51,37590,39670,39090,39110,39370
15440,70,51,39750,41670,41250,41270,41370
15441,70,51,43200,45050,44700,44720,44750
15442,70,51,74850,76800,76350,76380,76500
15443,70,51,75900,77830,77400,77420,77530
15444,70,51,103440,105370,104940,104960,105070
15445,70,51,110930,112890,112430,112450,112590
15446,70,51,121770,123770,123270,123290,123470
15447,70,51,139730,141680,141230,141250,141380
15448,70,51,166400,168340,167900,167920,168040
15449,70,51,195480,197340,196980,197000,197040
15450,70,51,199920,201750,201420,201440,201450
15451,70,51,200420,202420,201920,201940,202120
15452,70,51,214170,216150,215670,215690,215850
15453,70,51,227330,229340,228830,228850,229040
15454,70,51,229030,231000,230530,230550,230700
15455,70,51,231810,233660,233310,233340,233360
15456,70,51,256340,258210,257840,257860,257910
15457,70,51,264460,266460,265960,265980,266160
15458,70,51,277400,279640,278900,278920,279340
15459,70,63,41560,43670,43060,43080,43370
15460,70,66,36830,38830,38330,38350,38530
15461,70,76,39890,41750,41390,41410,41450
15462,70,83,68330,70540,69830,69850,70240
15463,70,83,71850,73820,73350,73370,73520
15464,70,89,71600,73500,73100,73120,73200
15465,70,89,75920,77750,77420,77440,77450
15466,70,89,107110,108970,108610,108630,108670
15467,70,89,117290,119300,118790,118810,119000
15468,70,89,127760,129870,129260,129280,129570
15469,70,89,131500,133400,133000,133020,133100
15470,70,89,134630,136630,136130,136150,136330
15471,70,89,135870,137780,137370,137390,137480
15472,70,89,158810,160730,160310,160330,160430
15473,70,89,184770,186600,186270,186290,186300
15474,70,89,188470,190480,189970,189990,190180
15475,70,89,203620,205620,205120,205140,205320
15476,70,89,210700,212700,212200,212220,212400
15477,70,89,216810,218800,218310,218330,218500
15478,70,89,227420,229430,228920,228940,229130
15479,70,89,235740,237720,237240,237260,237420
15480,70,89,242050,244000,243550,243570,243700
15481,70,89,260280,262220,261780,261800,261920
15482,70,89,293270,295280,294770,294790,294980
15483,70,89,320660,322590,322160,322180,322290
15484,70,89,324810,326820,326310,326330,326520
15485,70,89,333970,335920,335470,335490,335620
15486,70,89,343600,345430,345100,345120,345130
15487,70,89,345450,347410,346950,346970,347110
15488,70,89,347870,349880,349370,349390,349580
15489,70,89,357000,358970,358500,358520,358670
15490,70,89,367780,369780,369280,369300,369480
15491,70,89,375790,377700,377290,377310,377400
15492,70,89,386070,387920,387570,387590,387620
15493,70,89,392660,394660,394160,394180,394360
15494,70,89,398740,400750,400240,400260,400450
15495,70,89,407030,408950,408530,408550,408650
15496,70,89,425010,427000,426510,426530,426700
15497,70,89,428920,430930,430420,430440,430630
15498,70,89,441980,443990,443480,443500,443690
15499,70,89,466620,468550,468120,468140,468250
15500,70,89,473530,475650,475030,475050,475350
15501,70,89,478500,480490,480000,480020,480190
15502,70,89,483710,485710,485210,485230,485410
15503,70,89,503710,505670,505210,505230,505370
15504,70,89,509970,511970,511470,511490,511670
15505,70,89,551470,553450,552970,552990,553150
15506,70,92,21470,23400,22970,22990,23100
15507,70,92,28610,30440,30110,30130,30140
15508,70,92,67810,69810,69310,69330,69510
15509,70,92,70940,72950,72440,72460,72650
15510,70,92,72100,74100,73600,73620,73800
15511,70,92,81860,83720,83360,83390,83420
15512,70,92,82580,84470,84080,84100,84170
15513,70,92,92290,94190,93790,93810,93890
15514,70,92,100980,102810,102480,102500,102510
15515,70,92,120230,122230,121730,121750,121930
15516,70,92,123010,124840,124510,124530,124540
15517,70,92,129990,131820,131490,131510,131520
15518,70,92,148980,150940,150480,150500,150640
15519,70,92,203530,205470,205030,205050,205170
15520,70,94,15050,17060,16550,16570,16760
15521,70,94,19480,21480,20980,21000,21180
15522,70,94,34440,36550,35940,35960,36250
15523,70,94,37170,39090,38670,38690,38790
15524,70,94,39120,40960,40620,40640,40660
15525,70,94,42100,43990,43600,43620,43690
15526,70,94,58680,60600,60180,60200,60300
15527,70,94,71330,73250,72830,72850,72950
15528,70,94,83640,85640,85140,85160,85340
15529,70,94,86470,88470,87970,87990,88170
15530,70,94,88080,89920,89580,89600,89620
15531,70,94,95020,97030,96520,96540,96730
15532,70,94,116660,118600,118160,118180,118300
15533,70,94,124300,126310,125800,125820,126010
15534,70,94,130050,132050,131550,131570,131750
15535,70,94,134680,136690,136180,136200,136390
15536,70,94,138250,140220,139750,139770,139920
15537,70,94,145940,147770,147440,147460,147470
15538,70,94,149150,151150,150650,150680,150850
15539,70,94,155950,157900,157450,157470,157600
15540,70,94,158640,160630,160140,160160,160330
15541,70,94,182040,184000,183540,183560,183700
15542,70,94,194290,196290,195790,195810,195990
15543,70,94,198180,200190,199680,199700,199890
15544,70,94,202770,204780,204270,204290,204480
15545,70,94,209090,211050,210590,210610,210750
15546,70,94,215030,216870,216530,216550,216570
15547,70,94,232670,234670,234170,234190,234370
15548,70,94,254000,255840,255500,255520,255540
15549,70,94,259100,261150,260600,260620,260850
15550,70,94,264130,266030,265630,265650,265730
15551,70,94,275110,277110,276610,276630,276810
15552,70,94,275790,277640,277290,277310,277340
15553,70,94,296580,298580,298080,298100,298280
15554,70,94,308260,310170,309760,309780,309870
15555,70,102,28960,30960,30460,30480,30660
15556,70,102,33960,35970,35460,35480,35670
15557,70,105,67550,69380,69050,69070,69080
15558,70,105,71970,73830,73470,73490,73530
15559,70,105,73970,75900,75470,75490,75600
15560,70,118,93020,94960,94520,94540,94660
15561,70,121,179730,181800,181230,181250,181500
15562,70,121,202320,204320,203820,203840,204020
15563,70,126,75460,77420,76960,76980,77120
15564,70,126,132550,134380,134050,134070,134080
15565,70,127,24050,26060,25550,25570,25760
15566,70,127,72490,74440,73990,74010,74140
15567,70,127,87620,89560,89120,89140,89260
15568,70,135,75790,77790,77290,77310,77490
15569,70,135,78050,80000,79550,79570,79700
15570,70,135,85530,87430,87030,87050,87130
15571,70,135,89690,91690,91190,91210,91390
15572,70,135,115710,117680,117210,117240,117380
15573,70,135,124510,126370,126010,126030,126070
15574,70,135,128070,130080,129570,129590,129780
15575,70,135,179840,181840,181340,181360,181540
15576,70,135,183170,185000,184670,184690,184700
15577,70,135,189260,191260,190760,190780,190960
15578,70,135,195690,197690,197190,197210,197390
15579,70,135,203800,205800,205300,205320,205500
15580,70,135,212460,214530,213960,213980,214230
15581,70,135,235630,237560,237130,237150,237260
15582,70,135,241590,243590,243090,243110,243290
15583,70,135,259810,261810,261310,261330,261510
15584,70,135,267790,269690,269290,269310,269390
15585,70,135,288300,290170,289800,289820,289870
15586,70,135,297820,299840,299320,299340,299540
15587,70,135,309000,310920,310500,310520,310620
15588,70,135,316310,318160,317810,317830,317860
15589,70,135,352710,354640,354210,354230,354340
15590,70,135,363280,365280,364780,364800,364980
15591,70,135,375560,377480,377060,377080,377180
15592,70,135,392190,394200,393690,393710,393900
15593,70,135,394120,396040,395620,395640,395740
15594,70,135,412850,414860,414350,414370,414560
15595,70,135,415540,417470,417040,417060,417170
15596,70,135,425680,427680,427180,427200,427380
15597,70,135,440170,442060,441670,441690,441760
15598,70,135,455210,457210,456710,456730,456910
15599,70,135,457070,459110,458570,458590,458810
15600,70,135,464670,466670,466170,466190,466370
15601,70,135,485150,487080,486650,486670,486780
15602,70,135,495030,497040,496530,496550,496740
15603,70,135,508670,510550,510170,510190,510250
15604,70,135,529920,531930,531420,531440,531630
15605,70,135,537970,539840,539470,539490,539540
15606,70,150,26130,28040,27630,27650,27740
15607,70,153,22680,24680,24180,24200,24380
15608,70,157,22280,24380,23780,23800,24080
15609,70,157,120510,122440,122010,122030,122140
15610,70,157,153230,155140,154730,154750,154840
15611,70,157,161960,163810,163460,163490,163510
15612,70,157,194470,196480,195970,195990,196180
15613,70,157,211290,213260,212790,212810,212960
15614,70,157,216470,218470,217970,217990,218170
15615,70,157,231390,233380,232890,232910,233080
15616,70,157,232870,234880,234370,234390,234580
15617,70,157,244950,246960,246450,246470,246660
15618,70,157,245750,247760,247250,247270,247460
15619,70,158,21000,22920,22500,22520,22620
15620,70,158,23040,25040,24540,24560,24740
15621,70,158,40810,42690,42310,42330,42390
15622,70,158,42120,44120,43620,43640,43820
15623,70,158,46940,48860,48440,48460,48560
15624,70,158,59020,60960,60520,60540,60660
15625,70,158,60930,62900,62430,62450,62600
15626,70,158,77650,79610,79150,79180,79310
15627,70,158,82290,84300,83790,83810,84000
15628,70,158,85600,87570,87100,87120,87270
15629,70,158,93410,95280,94910,94930,94980
15630,70,158,121920,123920,123420,123440,123620
15631,70,158,123420,125420,124920,124940,125120
15632,70,158,158270,160190,159770,159790,159890
15633,70,158,170680,172610,172180,172200,172310
15634,70,158,171760,173760,173260,173280,173460
15635,70,158,183060,184980,184560,184580,184680
15636,70,158,183090,201220,184590,200910,200920
15637,70,158,199420,201320,200920,200940,201020
15638,70,158,210560,212560,212060,212080,212260
15639,70,158,247730,249790,249230,249250,249490
15640,70,158,277720,279730,279220,279250,279430
15641,70,185,71170,73110,72670,72690,72810
15642,70,187,61910,63970,63410,63430,63670
15643,70,191,29010,31010,30510,30530,30710
15644,70,191,48630,50640,50130,50150,50340
15645,70,193,31000,33000,32500,32530,32700
15646,70,197,38170,40180,39670,39690,39880
15647,70,197,77130,79130,78630,78650,78830
15648,70,197,89470,91530,90970,90990,91230
15649,70,197,90230,92230,91730,91750,91930
15650,70,197,99270,101280,100770,100790,100980
15651,70,197,133210,135110,134710,134730,134810
15652,70,197,156470,158470,157970,157990,158170
15653,70,197,157400,159250,158900,158920,158950
15654,70,197,158250,160250,159750,159770,159950
15655,70,197,181170,183010,182670,182690,182710
15656,70,197,221490,223500,222990,223010,223200
15657,70,197,232140,234140,233640,233660,233840
15658,70,197,250290,252220,251790,251810,251920
15659,70,197,263920,265940,265420,265440,265640
15660,70,197,280610,282530,282110,282130,282230
15661,70,197,301900,303900,303400,303420,303600
15662,70,197,303920,305860,305420,305440,305560
15663,70,197,314310,316230,315810,315840,315930
15664,70,197,316040,317940,317540,317560,317640
15665,70,197,319750,321660,321250,321270,321360
15666,70,197,323360,325360,324860,324880,325060
15667,70,197,338380,340300,339880,339900,340000
15668,70,197,342950,344960,344450,344480,344660
15669,70,197,366820,368750,368320,368340,368450
15670,70,197,372780,374780,374280,374300,374480
15671,70,197,385660,387580,387160,387180,387280
15672,70,197,394760,396720,396260,396280,396420
15673,70,197,397900,399780,399400,399420,399480
15674,70,197,470050,472000,471550,471570,471700
15675,70,197,473570,475490,475070,475090,475190
15676,70,197,480540,482540,482040,482060,482240
15677,70,197,485520,487460,487020,487040,487160
15678,70,197,490280,492110,491780,491800,491810
15679,70,197,492510,494430,494010,494030,494130
15680,70,197,493530,495540,495030,495050,495240
15681,70,197,495330,497310,496830,496850,497010
15682,70,197,520680,522540,522180,522200,522240
15683,70,197,527380,529290,528880,528900,528990
15684,70,197,537420,539420,538920,538940,539120
15685,70,197,538520,540520,540020,540040,540220
15686,70,197,549240,551240,550740,550760,550940
15687,70,197,553850,555780,555350,555370,555480
15688,70,197,570760,572770,572260,572280,572470
15689,70,210,65110,67110,66610,66630,66810
15690,70,210,83650,85660,85150,85170,85360
15691,70,210,88870,90870,90370,90390,90570
15692,70,210,90780,92780,92280,92300,92480
15693,70,210,95070,97000,96570,96590,96700
15694,70,210,98980,101100,100480,100500,100800
15695,70,210,101490,103480,102990,103010,103180
15696,70,210,104190,106070,105690,105710,105770
15697,70,210,106750,108740,108250,108270,108440
15698,70,210,114030,116030,115530,115550,115730
15699,70,210,124200,126080,125700,125720,125780
15700,70,210,126220,128230,127720,127740,127930
15701,70,210,127680,129670,129180,129200,129370
15702,70,210,137750,139740,139250,139270,139440
15703,70,210,157370,159290,158870,158890,158990
15704,70,210,166030,168040,167530,167550,167740
15705,70,210,169280,171220,170780,170800,170920
15706,70,210,177350,179270,178850,178870,178970
15707,70,210,179320,181490,180820,180840,181190
15708,70,210,188520,190490,190020,190040,190190
15709,70,210,194040,196030,195540,195560,195730
15710,70,210,242970,244980,244470,244490,244680
15711,70,211,382620,384630,384120,384140,384330
15712,70,211,400340,402350,401840,401860,402050
15713,70,211,430550,432550,432050,432070,432250
15714,70,211,438190,440190,439690,439710,439890
15715,70,211,439660,441660,441160,441180,441360
15716,70,211,444550,446550,446050,446070,446250
15717,70,211,449000,450920,450500,450520,450620
15718,70,211,468190,470110,469690,469710,469810
15719,70,211,471920,473920,473420,473440,473620
15720,70,211,474860,476860,476360,476380,476560
15721,70,211,475990,477990,477490,477510,477690
15722,70,211,509320,511320,510820,510840,511020
15723,70,211,512720,514670,514220,514240,514370
15724,70,211,520110,522110,521610,521630,521810
15725,70,211,520140,525680,521640,525370,525380
15726,70,211,523880,525880,525380,525400,525580
15727,70,211,582520,584520,584020,584040,584220
15728,70,211,616970,618980,618470,618500,618680
15729,70,222,119470,121570,120970,120990,121270
15730,70,222,159870,162050,161370,161390,161750
15731,70,222,161720,163730,163220,163240,163430
15732,70,222,182720,184850,184220,184240,184550
15733,70,222,184350,186350,185850,185870,186050
15734,70,222,226540,228440,228040,228070,228140
15735,70,222,229380,231380,230880,230900,231080
15736,70,222,242610,244710,244110,244130,244410
15737,70,222,247010,248850,248510,248530,248550
15738,70,222,252640,254650,254140,254160,254350
15739,70,222,253160,255010,254660,254680,254710
15740,70,222,254050,255900,255550,255570,255600
15741,70,222,303150,305280,304650,304670,304980
15742,70,222,307700,309710,309200,309220,309410
15743,70,222,316130,318040,317630,317650,317740
15744,70,222,322080,324080,323580,323600,323780
15745,70,222,324010,326010,325510,325530,325710
15746,70,222,343120,345240,344620,344640,344940
15747,70,222,350810,352730,352310,352330,352430
15748,70,222,359880,361830,361380,361400,361530
15749,70,222,362430,364260,363930,363950,363960
15750,70,222,369550,371720,371050,371070,371420
15751,70,222,373460,375360,374960,374980,375060
15752,70,222,378880,380880,380380,380400,380580
15753,70,222,384630,386560,386130,386150,386260
15754,70,222,386610,388500,388110,388130,388200
15755,70,222,390970,392850,392470,392490,392550
15756,70,222,405610,407570,407110,407130,407270
15757,70,222,409510,411520,411010,411030,411220
15758,70,222,436620,438630,438120,438140,438330
15759,70,222,446890,448920,448390,448410,448620
15760,70,222,479510,481480,481010,481030,481180
15761,70,222,496000,497850,497500,497520,497550
15762,70,222,516960,518910,518460,518480,518610
15763,70,222,528480,530490,529980,530000,530190
15764,70,222,542290,544160,543790,543810,543860
15765,70,222,544710,546620,546210,546230,546320
15766,70,222,546870,548740,548370,548390,548440
15767,70,222,547700,549760,549200,549220,549460
15768,70,222,562800,564680,564300,564320,564380
15769,70,222,567710,569710,569210,569230,569410
15770,70,222,573890,576000,575390,575410,575700
15771,70,222,575450,577470,576950,576970,577170
15772,70,222,579370,581240,580870,580890,580940
15773,70,222,583190,585190,584690,584710,584890
15774,70,222,601270,603270,602770,602790,602970
15775,70,222,606600,608730,608100,608130,608430
15776,70,222,612760,614760,614260,614280,614460
15777,70,222,613760,615810,615260,615280,615510
15778,70,222,618530,620460,620030,620050,620160
15779,70,222,618560,621970,620060,621660,621670
15780,70,222,620170,622000,621670,621690,621700
15781,70,222,628250,630250,629750,629770,629950
15782,70,222,631350,633320,632850,632870,633020
15783,70,222,631380,639840,632880,639530,639540
15784,70,222,638040,639920,639540,639560,639620
15785,70,222,662370,664230,663870,663890,663930
15786,70,253,24070,26080,25570,25590,25780
15787,70,255,58230,60090,59730,59750,59790
15788,70,256,24150,26150,25650,25670,25850
15789,70,256,77220,79220,78720,78740,78920
15790,70,256,81010,83010,82510,82530,82710
15791,70,256,84880,86890,86380,86400,86590
15792,70,257,44610,46530,46110,46140,46230
15793,70,257,46320,48330,47820,47840,48030
15794,70,257,54310,56310,55810,55830,56010
15795,70,257,61830,63750,63330,63350,63450
15796,70,257,66370,68370,67870,67890,68070
15797,70,257,76450,78420,77950,77970,78120
15798,70,257,78150,80160,79650,79670,79860
15799,70,257,81430,83450,82930,82950,83150
15800,70,257,86240,88240,87740,87760,87940
15801,70,257,99570,101520,101070,101090,101220
15802,70,257,109000,111000,110500,110520,110700
15803,70,257,114080,116050,115580,115610,115750
15804,70,257,123020,125030,124520,124550,124730
15805,70,257,129110,131080,130610,130630,130780
15806,70,257,148900,150740,150400,150420,150440
15807,70,258,209120,211100,210620,210640,210800
15808,70,258,232250,234260,233750,233780,233960
15809,70,258,294570,296440,296070,296090,296140
15810,70,258,339560,341520,341060,341080,341220
15811,70,258,340710,342810,342210,342230,342510
15812,70,258,362790,364790,364290,364310,364490
15813,70,258,379010,381010,380510,380530,380710
15814,70,258,383760,385760,385260,385280,385460
15815,70,258,389300,391380,390800,390820,391080
15816,70,258,394630,396640,396130,396150,396340
15817,70,258,398580,400600,400080,400100,400300
15818,70,258,399720,401720,401220,401240,401420
15819,70,258,439420,441420,440920,440940,441120
15820,70,258,447000,449010,448500,448530,448710
15821,70,258,465430,467430,466930,466950,467130
15822,70,258,474690,476840,476190,476220,476540
15823,70,258,475610,477610,477110,477130,477310
15824,70,258,509240,511280,510740,510760,510980
15825,70,258,529380,531330,530880,530900,531030
15826,70,263,66220,68220,67720,67740,67920
15827,70,263,79190,81040,80690,80710,80740
15828,70,267,36860,38860,38360,38380,38560
15829,70,274,45600,47530,47100,47120,47230
15830,70,274,48090,50170,49590,49610,49870
15831,70,274,63610,65620,65110,65130,65320
15832,70,274,69100,71110,70600,70620,70810
15833,70,274,78740,80750,80240,80260,80450
15834,70,274,84800,86730,86300,86320,86430
15835,70,274,98830,100830,100330,100350,100530
15836,70,274,131870,133870,133370,133390,133570
15837,70,274,132540,134550,134040,134070,134250
15838,70,274,134190,136200,135690,135710,135900
15839,70,274,153310,155300,154810,154830,155000
15840,70,274,190900,192900,192400,192420,192600
15841,70,274,204300,206130,205800,205820,205830
15842,70,274,208390,210390,209890,209910,210090
15843,70,274,216840,218850,218340,218360,218550
15844,70,274,223520,225520,225020,225040,225220
15845,70,274,241370,243370,242870,242890,243070
15846,70,274,246770,248730,248270,248290,248430
15847,70,274,262480,264420,263980,264000,264120
15848,70,274,268540,270540,270040,270060,270240
15849,70,274,282740,284750,284240,284260,284450
15850,70,274,304290,306300,305790,305820,306000
15851,70,274,312420,314370,313920,313940,314070
15852,70,274,330390,332280,331890,331910,331980
15853,70,274,352740,354740,354240,354260,354440
15854,70,274,377360,379290,378860,378880,378990
15855,70,274,389660,391660,391160,391180,391360
15856,70,274,394180,396130,395680,395700,395830
15857,70,274,400280,402290,401780,401800,401990
15858,70,274,423090,425090,424590,424610,424790
15859,70,274,425620,427620,427120,427140,427320
15860,70,274,437460,439470,438960,438980,439170
15861,70,274,448520,450500,450020,450040,450200
15862,70,274,455590,457590,457090,457110,457290
15863,70,274,457530,459500,459030,459050,459200
15864,70,274,464230,466230,465730,465750,465930
15865,70,274,480290,482300,481790,481810,482000
15866,70,274,483950,485950,485450,485470,485650
15867,70,274,494560,496390,496060,496080,496090
15868,70,274,495120,497120,496620,496640,496820
15869,70,274,525580,527590,527080,527100,527290
15870,70,274,531410,533420,532910,532930,533120
15871,70,274,535280,537290,536780,536800,536990
15872,70,278,28300,30300,29800,29820,30000
15873,70,278,88230,90160,89730,89750,89860
15874,70,278,90240,92240,91740,91760,91940
15875,70,278,99860,101730,101360,101380,101430
15876,70,278,105720,107640,107220,107240,107340
15877,70,278,133080,135060,134580,134600,134760
15878,70,278,138010,140010,139510,139530,139710
15879,70,278,182900,184880,184400,184420,184580
15880,70,278,184300,186300,185800,185820,186000
15881,70,278,186280,188240,187780,187800,187940
15882,70,278,189800,191810,191300,191320,191510
15883,70,278,192580,194540,194080,194100,194240
15884,70,278,199980,201980,201480,201500,201680
15885,70,278,201640,203520,203140,203160,203220
15886,70,278,209740,211740,211240,211260,211440
15887,70,278,251990,253950,253490,253510,253650
15888,70,279,24410,26410,25910,25930,26110
15889,70,279,28100,30050,29600,29620,29750
15890,70,279,73240,75140,74740,74760,74840
15891,70,279,77650,79540,79150,79170,79240
15892,70,279,115570,117570,117070,117090,117270
15893,70,279,119280,121290,120780,120800,120990
15894,70,279,151950,153950,153450,153470,153650
15895,70,279,166340,168360,167840,167860,168060
15896,70,279,167140,169240,168640,168660,168940
15897,70,279,176090,177930,177590,177610,177630
15898,70,279,224510,226380,226010,226030,226080
15899,70,279,240690,242690,242190,242210,242390
15900,70,279,241390,243390,242890,242910,243090
15901,70,279,272560,274450,274060,274080,274150
15902,70,279,273280,275290,274780,274800,274990
15903,70,281,132960,134960,134460,134480,134660
15904,70,281,153070,155080,154570,154590,154780
15905,70,281,157000,159010,158500,158520,158710
15906,70,281,157680,159670,159180,159200,159370
15907,70,281,182510,184520,184010,184030,184220
15908,70,281,198610,200610,200110,200130,200310
15909,70,281,205990,208000,207490,207510,207700
15910,70,281,228310,230430,229810,229830,230130
15911,70,281,239730,241730,241230,241250,241430
15912,70,281,271510,273510,273010,273030,273210
15913,70,281,272770,274770,274270,274290,274470
15914,70,281,294380,296380,295880,295900,296080
15915,70,281,302910,304860,304410,304430,304560
15916,70,281,309170,311180,310670,310690,310880
15917,70,281,315190,317150,316690,316710,316850
15918,70,281,326900,328910,328400,328420,328610
15919,70,281,337880,339880,339380,339400,339580
15920,70,281,345520,347640,347020,347040,347340
15921,70,282,8840,10840,10340,10360,10540
15922,70,282,14290,16300,15790,15810,16000
15923,70,282,39440,41450,40940,40960,41150
15924,70,282,46570,48570,48070,48090,48270
15925,70,282,49040,51040,50540,50560,50740
15926,70,282,53350,55350,54850,54870,55050
15927,70,282,76460,78530,77960,77980,78230
15928,70,282,79540,81550,81040,81060,81250
15929,70,282,89090,90970,90590,90610,90670
15930,70,282,102930,104930,104430,104450,104630
15931,70,282,105410,107420,106910,106930,107120
15932,70,282,116730,118730,118230,118250,118430
15933,70,282,120210,122140,121710,121730,121840
15934,70,282,130240,132140,131740,131760,131840
15935,70,282,133530,135500,135030,135050,135200
15936,70,282,141030,143040,142530,142560,142740
15937,70,282,147130,149140,148630,148650,148840
15938,70,282,149230,151130,150730,150750,150830
15939,70,282,173650,175580,175150,175170,175280
15940,70,282,175930,177930,177430,177450,177630
15941,70,282,195370,197370,196870,196890,197070
15942,70,283,40420,42420,41920,41940,42120
15943,70,283,57260,59210,58760,58780,58910
15944,70,283,62270,64270,63770,63790,63970
15945,70,283,63710,65710,65210,65230,65410
15946,70,283,72070,74070,73570,73590,73770
15947,70,283,75890,77900,77390,77410,77600
15948,70,283,112420,114430,113920,113940,114130
15949,70,283,120810,122780,122310,122330,122480
15950,70,283,152220,154070,153720,153740,153770
15951,70,283,156440,158360,157940,157960,158060
15952,70,283,179090,181090,180590,180610,180790
15953,70,283,219350,221330,220850,220870,221030
15954,70,283,226510,228510,228010,228030,228210
15955,70,283,255560,257540,257060,257080,257240
15956,70,284,22450,24450,23950,23970,24150
15957,70,284,70460,72370,71960,71980,72070
15958,70,284,125040,127040,126540,126560,126740
15959,70,284,162970,164970,164470,164490,164670
15960,70,284,168460,170480,169960,169980,170180
15961,70,284,169130,170970,170630,170650,170670
15962,70,284,181220,183160,182720,182740,182860
15963,70,284,236400,238410,237900,237920,238110
15964,70,284,244580,246580,246080,246100,246280
15965,70,284,278190,280300,279690,279710,280000
15966,70,284,278950,280780,280450,280470,280480
15967,70,287,235240,237250,236740,236760,236950
15968,70,287,237540,239460,239040,239060,239160
15969,70,287,255090,257110,256590,256610,256810
15970,70,287,259800,261670,261300,261320,261370
15971,70,287,268290,270270,269790,269810,269970
15972,70,287,274370,276380,275870,275890,276080
15973,70,287,275430,277350,276930,276950,277050
15974,70,287,287610,289620,289110,289130,289320
15975,70,287,316070,318080,317570,317590,317780
15976,70,287,317180,319180,318680,318700,318880
15977,70,287,318400,320330,319900,319920,320030
15978,70,287,444710,446600,446210,446230,446300
15979,70,287,449630,451480,451130,451160,451180
15980,70,287,470860,472870,472360,472380,472570
15981,70,287,472410,474420,473910,473930,474120
15982,70,287,476840,478860,478340,478360,478560
15983,70,287,479370,481260,480870,480890,480960
15984,70,287,481700,483700,483200,483220,483400
15985,70,287,491010,492890,492510,492530,492590
15986,70,287,550710,552680,552210,552230,552380
15987,70,287,558010,560010,559510,559530,559710
15988,70,287,560970,562970,562470,562490,562670
15989,70,287,563140,565140,564640,564660,564840
15990,70,287,572670,574600,574170,574190,574300
15991,70,287,585990,587990,587490,587510,587690
15992,70,287,594030,596170,595530,595550,595870
15993,70,287,598540,600540,600040,600060,600240
15994,70,287,601550,603470,603050,603070,603170
15995,70,287,610400,612400,611900,611920,612100
15996,70,287,611650,613730,613150,613170,613430
15997,70,287,633110,635110,634610,634630,634810
15998,70,287,651500,653510,653000,653020,653210
15999,70,287,660530,662530,662030,662050,662230
16000,70,287,663160,665110,664660,664680,664810
16001,70,287,671160,673160,672660,672680,672860
16002,70,287,676280,678280,677780,677800,677980
16003,70,287,691830,693840,693330,693360,693540
16004,70,294,52650,54650,54150,54170,54350
16005,70,295,24560,26490,26060,26080,26190
16006,70,295,29640,31910,31140,31160,31610
16007,70,296,92440,94370,93940,93970,94070
16008,70,296,97970,99980,99470,99490,99680
16009,70,296,104960,106960,106460,106480,106660
16010,70,296,107750,109770,109250,109270,109470
16011,70,296,177100,179000,178600,178620,178700
16012,70,296,181240,183150,182740,182760,182850
16013,70,296,183310,185290,184810,184830,184990
16014,70,296,186220,188230,187720,187740,187930
16015,70,296,189650,191620,191150,191170,191320
16016,70,296,194550,196550,196050,196070,196250
16017,70,296,197930,199890,199430,199450,199590
16018,70,297,28920,30820,30420,30440,30520
16019,70,297,39120,41090,40620,40640,40790
16020,70,297,51970,53800,53470,53490,53500
16021,70,297,58230,60240,59730,59750,59940
16022,70,297,63970,65980,65470,65490,65680
16023,70,297,70180,72190,71680,71700,71890
16024,70,297,78380,80380,79880,79900,80080
16025,70,297,80580,82580,82080,82100,82280
16026,70,297,129000,131010,130500,130530,130710
16027,70,297,134540,136540,136040,136060,136240
16028,70,297,146980,148980,148480,148500,148680
16029,70,297,148030,150030,149530,149550,149730
16030,70,297,158550,160550,160050,160070,160250
16031,70,297,163390,165390,164890,164910,165090
16032,70,297,169490,171500,170990,171010,171200
16033,70,297,181070,183070,182570,182590,182770
16034,70,297,202160,204080,203660,203680,203780
16035,70,297,216620,218610,218120,218140,218310
16036,70,297,222610,224610,224110,224130,224310
16037,70,297,230070,232070,231570,231590,231770
16038,70,297,232820,234650,234320,234340,234350
16039,70,297,253310,255320,254810,254830,255020
16040,70,297,255950,257950,257450,257470,257650
16041,70,297,277880,279800,279380,279400,279500
16042,70,297,284230,286240,285730,285750,285940
16043,70,297,291170,293030,292670,292690,292730
16044,70,302,55690,57700,57190,57210,57400
16045,70,302,73260,75200,74760,74780,74900
16046,70,302,78530,80410,80030,80050,80110
16047,70,302,90240,92200,91740,91760,91900
16048,70,302,99330,101330,100830,100850,101030
16049,70,302,125950,127920,127450,127470,127620
16050,70,302,135100,137010,136600,136620,136710
16051,70,302,138470,140470,139970,139990,140170
16052,70,302,139230,141180,140730,140750,140880
16053,70,302,158610,160570,160110,160130,160270
16054,70,302,201670,203680,203170,203190,203380
16055,70,302,206400,208410,207900,207920,208110
16056,70,302,224720,226650,226220,226240,226350
16057,70,302,231180,233180,232680,232700,232880
16058,70,302,232730,234690,234230,234250,234390
16059,70,302,234940,236950,236440,236460,236650
16060,70,302,250130,252060,251630,251650,251760
16061,70,302,258450,260450,259950,259970,260150
16062,70,302,268430,270480,269930,269950,270180
16063,70,302,278330,280330,279830,279850,280030
16064,70,302,282690,284700,284190,284210,284400
16065,70,302,289590,291440,291090,291110,291140
16066,70,302,345050,347060,346550,346570,346760
16067,70,302,354620,356620,356120,356140,356320
16068,70,302,360460,362460,361960,361980,362160
16069,70,302,363160,365100,364660,364680,364800
16070,70,302,365880,367770,367380,367400,367470
16071,70,302,382330,384330,383830,383850,384030
16072,70,302,385260,387260,386760,386780,386960
16073,70,302,396060,398060,397560,397580,397760
16074,70,302,400230,402160,401730,401750,401860
16075,70,302,402300,404310,403800,403820,404010
16076,70,302,412210,414410,413710,413730,414110
16077,70,302,421610,423610,423110,423130,423310
16078,70,302,426230,428200,427730,427750,427900
16079,70,302,442940,444940,444440,444460,444640
16080,70,302,455450,457420,456950,456970,457120
16081,70,302,458020,460020,459520,459540,459720
16082,70,302,460000,462000,461500,461520,461700
16083,70,302,470570,472580,472070,472090,472280
16084,70,302,472570,474530,474070,474100,474230
16085,70,302,477520,479530,479020,479040,479230
16086,70,302,479590,481570,481090,481110,481270
16087,70,302,486230,488240,487730,487750,487940
16088,70,302,509010,511010,510510,510530,510710
16089,70,302,510200,512200,511700,511720,511900
16090,70,302,521940,523940,523440,523460,523640
16091,70,304,34800,36810,36300,36320,36510
16092,70,307,19980,21900,21480,21500,21600
16093,70,307,30930,32760,32430,32450,32460
16094,70,307,47730,49740,49230,49250,49440
16095,70,307,55230,57200,56730,56750,56900
16096,70,307,62980,64990,64480,64500,64690
16097,70,307,70160,72170,71660,71680,71870
16098,70,307,74790,76790,76290,76310,76490
16099,70,307,111680,113650,113180,113200,113350
16100,70,307,123660,125490,125160,125180,125190
16101,70,307,138070,139990,139570,139590,139690
16102,70,307,149510,151510,151010,151030,151210
16103,70,307,171230,173080,172730,172750,172780
16104,70,307,189690,191610,191190,191210,191310
16105,70,308,15560,17590,17060,17080,17290
16106,70,308,23990,26090,25490,25510,25790
16107,70,308,26920,28920,28420,28440,28620
16108,70,308,28800,30920,30300,30320,30620
16109,70,308,65780,67790,67280,67300,67490
16110,70,308,69340,71340,70840,70860,71040
16111,70,308,100860,102790,102360,102380,102490
16112,70,308,107190,109170,108690,108710,108870
16113,70,308,110220,112100,111720,111740,111800
16114,70,308,130870,132880,132370,132390,132580
16115,70,308,192080,193990,193580,193600,193690
16116,70,308,194340,196280,195840,195860,195980
16117,70,308,208210,210260,209710,209730,209960
16118,70,308,209560,211560,211060,211080,211260
16119,70,308,219270,221180,220770,220790,220880
16120,70,308,234140,236130,235640,235660,235830
16121,70,308,241710,243540,243210,243230,243240
16122,70,308,257830,259760,259330,259350,259460
16123,70,308,281200,283200,282700,282720,282900
16124,70,308,316920,318920,318420,318440,318620
16125,70,308,336310,338310,337810,337830,338010
16126,70,308,337510,339510,339010,339030,339210
16127,70,308,342440,344440,343940,343960,344140
16128,70,314,43910,46070,45410,45430,45770
16129,70,314,51210,53060,52710,52730,52760
16130,70,314,52310,54260,53810,53830,53960
16131,70,316,44070,46060,45570,45590,45760
16132,70,316,44790,46790,46290,46310,46490
16133,70,319,78660,80680,80160,80180,80380
16134,70,319,82410,84410,83910,83930,84110
16135,70,319,84030,85980,85530,85560,85680
16136,70,319,101500,103500,103000,103020,103200
16137,70,319,124620,126580,126120,126140,126280
16138,70,319,156260,158160,157760,157780,157860
16139,70,320,25130,26960,26630,26650,26660
16140,70,320,48020,49920,49520,49540,49620
16141,70,320,57750,59750,59250,59270,59450
16142,70,321,14170,16170,15670,15690,15870
16143,70,321,31510,33510,33010,33030,33210
16144,70,321,44750,46850,46250,46270,46550
16145,70,321,48230,50220,49730,49750,49920
16146,70,321,51280,53280,52780,52800,52980
16147,70,321,84300,86310,85800,85820,86010
16148,70,322,21730,23720,23230,23250,23420
16149,70,322,30530,32530,32030,32050,32230
16150,70,322,35200,37200,36700,36720,36900
16151,70,323,114450,116520,115950,115970,116220
16152,71,1,118040,119870,119540,119560,119570
16153,71,1,151070,153080,152570,152590,152780
16154,71,1,152280,154240,153780,153800,153940
16155,71,1,175480,177480,176980,177000,177180
16156,71,1,187100,189140,188600,188620,188840
16157,71,1,251780,253790,253280,253300,253490
16158,71,1,252480,254460,253980,254000,254160
16159,71,5,17060,18920,18560,18580,18620
16160,71,5,18190,20020,19690,19710,19720
16161,71,7,18730,20580,20230,20250,20280
16162,71,7,33830,35840,35330,35350,35540
16163,71,7,47930,49860,49430,49450,49560
16164,71,7,57320,59430,58820,58840,59130
16165,71,37,19130,21230,20630,20650,20930
16166,71,70,40810,43180,42310,42330,42880
16167,71,78,33930,35930,35430,35450,35630
16168,71,110,61670,63670,63170,63190,63370
16169,71,142,100190,102070,101690,101710,101770
16170,71,143,14680,16680,16180,16200,16380
16171,71,161,65850,67720,67350,67370,67420
16172,71,161,68510,70450,70010,70030,70150
16173,71,161,94140,96170,95640,95660,95870
16174,71,162,45740,47740,47240,47260,47440
16175,71,162,46810,48790,48310,48330,48490
16176,71,192,45810,47810,47310,47330,47510
16177,71,206,82680,84680,84180,84200,84380
16178,71,206,86560,88400,88060,88080,88100
16179,71,207,65510,67500,67010,67030,67200
16180,71,212,25070,26970,26570,26590,26670
16181,71,214,22030,24030,23530,23550,23730
16182,71,214,24690,26620,26190,26210,26320
16183,71,214,40750,42750,42250,42270,42450
16184,71,214,55870,57870,57370,57390,57570
16185,71,214,56780,58760,58280,58300,58460
16186,71,222,36270,38110,37770,37790,37810
16187,71,222,39250,41100,40750,40770,40800
16188,71,222,40180,42180,41680,41700,41880
16189,71,222,53970,55940,55470,55490,55640
16190,71,222,55480,57310,56980,57000,57010
16191,71,222,57040,59040,58540,58560,58740
16192,71,223,25930,27800,27430,27450,27500
16193,71,223,26550,28390,28050,28070,28090
16194,71,223,30150,32250,31650,31670,31950
16195,71,223,40870,42730,42370,42390,42430
16196,71,223,45980,47980,47480,47500,47680
16197,71,247,355930,357910,357430,357450,357610
16198,71,247,357640,359640,359140,359160,359340
16199,71,247,374950,376960,376450,376470,376660
16200,71,247,435140,437140,436640,436660,436840
16201,71,247,436740,438590,438240,438260,438290
16202,71,247,451360,453300,452860,452880,453000
16203,71,247,458990,460990,460490,460510,460690
16204,71,247,466650,468510,468150,468170,468210
16205,71,247,473060,475160,474560,474580,474860
16206,71,247,517480,519480,518980,519000,519180
16207,71,247,529000,530980,530500,530520,530680
16208,71,247,529670,531670,531170,531190,531370
16209,72,1,30450,32510,31950,31970,32210
16210,72,1,81050,82880,82550,82570,82580
16211,72,1,85130,87130,86630,86650,86830
16212,72,1,85820,87650,87320,87340,87350
16213,72,1,116630,118510,118130,118150,118210
16214,72,1,159660,162000,161160,161180,161700
16215,72,1,159690,163220,161190,162910,162920
16216,72,1,161420,163290,162920,162940,162990
16217,72,2,44780,46690,46280,46300,46390
16218,72,2,72400,74240,73900,73920,73940
16219,72,2,148510,150610,150010,150030,150310
16220,72,3,43410,45340,44910,44930,45040
16221,72,3,85440,87490,86940,86960,87190
16222,72,3,105950,107950,107450,107470,107650
16223,72,3,119950,121790,121450,121470,121490
16224,72,11,61480,63320,62980,63010,63020
16225,72,11,84100,86100,85600,85620,85800
16226,72,11,118210,120250,119710,119730,119950
16227,72,11,142080,143920,143580,143600,143620
16228,72,11,143500,145510,145000,145030,145210
16229,72,11,170760,172590,172260,172280,172290
16230,72,14,38830,41060,40330,40350,40760
16231,72,14,39930,41930,41430,41450,41630
16232,72,15,67260,69200,68760,68780,68900
16233,72,15,77480,79320,78980,79000,79020
16234,72,15,80920,82920,82420,82440,82620
16235,72,15,81750,83860,83250,83270,83560
16236,72,15,82570,84750,84070,84090,84450
16237,72,15,83870,85800,85370,85390,85500
16238,72,15,85800,88080,87300,87320,87780
16239,72,15,86850,88850,88350,88370,88550
16240,72,15,88570,90690,90070,90090,90390
16241,72,15,91690,93540,93190,93210,93240
16242,72,15,94410,96410,95910,95930,96110
16243,72,15,101370,103370,102870,102890,103070
16244,72,17,77610,79610,79110,79130,79310
16245,72,17,122630,124620,124130,124150,124320
16246,72,17,125200,127520,126700,126720,127220
16247,72,17,125910,127910,127410,127430,127610
16248,72,17,128370,130250,129870,129890,129950
16249,72,17,129320,131320,130820,130840,131020
16250,72,17,136630,138460,138130,138150,138160
16251,72,17,140710,142620,142210,142230,142320
16252,72,17,151010,152900,152510,152530,152600
16253,72,17,153320,155330,154820,154840,155030
16254,72,19,51780,53700,53280,53300,53400
16255,72,19,54690,56690,56190,56210,56390
16256,72,19,85290,87120,86790,86810,86820
16257,72,19,102630,104540,104130,104150,104240
16258,72,19,104960,106790,106460,106480,106490
16259,72,19,145240,147090,146740,146760,146790
16260,72,19,154470,156420,155970,155990,156120
16261,72,19,155640,157740,157140,157160,157440
16262,72,20,41760,43760,43260,43280,43460
16263,72,20,54690,56740,56190,56210,56440
16264,72,20,89640,91570,91140,91160,91270
16265,72,20,120880,122880,122380,122400,122580
16266,72,20,122240,124070,123740,123760,123770
16267,72,20,123580,125530,125080,125100,125230
16268,72,20,124660,126660,126160,126180,126360
16269,72,20,125720,127720,127220,127240,127420
16270,72,20,184800,186730,186300,186320,186430
16271,72,21,68180,70010,69680,69700,69710
16272,72,21,70090,71930,71590,71610,71630
16273,72,21,86390,88350,87890,87910,88050
16274,72,21,89590,91440,91090,91110,91140
16275,72,21,97020,98850,98520,98540,98550
16276,72,21,111360,113340,112860,112880,113040
16277,72,21,116130,118240,117630,117650,117940
16278,72,21,121210,123050,122710,122730,122750
16279,72,21,123520,125530,125020,125040,125230
16280,72,21,124850,127020,126350,126370,126720
16281,72,21,145590,147630,147090,147110,147330
16282,72,21,150490,152500,151990,152010,152200
16283,72,21,171770,173750,173270,173290,173450
16284,72,22,50320,52220,51820,51840,51920
16285,72,22,71170,73290,72670,72690,72990
16286,72,22,91900,93810,93400,93420,93510
16287,72,22,92700,94680,94200,94220,94380
16288,72,22,121270,123270,122770,122790,122970
16289,72,22,122430,124320,123930,123950,124020
16290,72,22,125960,128070,127460,127480,127770
16291,72,22,128210,130380,129710,129730,130080
16292,72,22,129740,131920,131240,131260,131620
16293,72,22,132500,134500,134000,134020,134200
16294,72,22,133460,135460,134960,134980,135160
16295,72,22,138140,140150,139640,139660,139850
16296,72,22,139530,141530,141030,141050,141230
16297,72,22,152910,154940,154410,154430,154640
16298,72,22,153530,155530,155030,155050,155230
16299,72,22,155770,157720,157270,157290,157420
16300,72,22,156740,158670,158240,158260,158370
16301,72,22,157240,159090,158740,158760,158790
16302,72,22,178380,180280,179880,179900,179980
16303,72,23,53880,56000,55380,55400,55700
16304,72,23,55430,57440,56930,56950,57140
16305,72,23,57020,59020,58520,58540,58720
16306,72,23,65890,67740,67390,67410,67440
16307,72,23,68930,70930,70430,70450,70630
16308,72,23,72510,74520,74010,74030,74220
16309,72,23,75160,77030,76660,76680,76730
16310,72,23,124220,126220,125720,125740,125920
16311,72,23,127550,129660,129050,129070,129360
16312,72,24,58970,61130,60470,60490,60830
16313,72,24,60460,62290,61960,61980,61990
16314,72,24,168490,170470,169990,170010,170170
16315,72,24,172170,174180,173670,173690,173880
16316,72,26,98210,100210,99710,99730,99910
16317,72,26,117520,119430,119020,119040,119130
16318,72,26,119870,121870,121370,121390,121570
16319,72,26,136280,138280,137780,137800,137980
16320,72,26,139050,141040,140550,140570,140740
16321,72,26,144580,146500,146080,146100,146200
16322,72,26,165300,167260,166800,166820,166960
16323,72,26,188330,190230,189830,189850,189930
16324,72,26,195150,197100,196650,196670,196800
16325,72,26,198160,200170,199660,199680,199870
16326,72,26,198940,200890,200440,200470,200590
16327,72,32,46360,48360,47860,47880,48060
16328,72,32,93140,95100,94640,94660,94800
16329,72,32,95870,97800,97370,97390,97500
16330,72,32,139440,141420,140940,140960,141120
16331,72,32,140790,142680,142290,142310,142380
16332,72,32,158910,160910,160410,160430,160610
16333,72,32,161080,163000,162580,162600,162700
16334,72,32,185270,187240,186770,186790,186940
16335,72,33,85080,87130,86580,86600,86830
16336,72,33,86470,88470,87970,87990,88170
16337,72,33,88860,90810,90360,90380,90510
16338,72,33,101940,103780,103440,103460,103480
16339,72,33,149230,151230,150730,150750,150930
16340,72,33,151510,153410,153010,153030,153110
16341,72,35,51060,53060,52560,52580,52760
16342,72,35,72630,74550,74130,74150,74250
16343,72,35,74310,76310,75810,75830,76010
16344,72,35,76710,78710,78210,78230,78410
16345,72,35,121270,123270,122770,122790,122970
16346,72,35,141700,143670,143200,143220,143370
16347,72,35,142970,145060,144470,144490,144760
16348,72,35,143000,145260,144500,144950,144960
16349,72,35,143490,145470,144990,145160,145170
16350,72,35,143670,145680,145170,145190,145380
16351,72,35,144260,146230,145760,145780,145930
16352,72,35,160230,162230,161730,161750,161930
16353,72,35,178460,180470,179960,179980,180170
16354,72,36,133210,135210,134710,134730,134910
16355,72,36,142830,144850,144330,144350,144550
16356,72,36,205540,207540,207040,207060,207240
16357,72,36,208630,210800,210130,210150,210500
16358,72,36,209680,211620,211180,211200,211320
16359,72,36,211330,213170,212830,212850,212870
16360,72,36,222090,224100,223590,223610,223800
16361,72,36,228590,230430,230090,230110,230130
16362,72,36,244860,246920,246360,246380,246620
16363,72,36,248690,250700,250190,250210,250400
16364,72,36,252490,254380,253990,254010,254080
16365,72,37,52140,54140,53640,53660,53840
16366,72,37,71430,73430,72930,72950,73130
16367,72,37,75520,77520,77020,77040,77220
16368,72,37,103840,105950,105340,105360,105650
16369,72,37,126270,128250,127770,127790,127950
16370,72,37,127040,129000,128540,128560,128700
16371,72,37,131000,133240,132500,132520,132940
16372,72,37,132510,134400,134010,134030,134100
16373,72,37,168840,170770,170340,170360,170470
16374,72,37,195310,197240,196810,196830,196940
16375,72,37,196120,197950,197620,197640,197650
16376,72,38,124810,126940,126310,126330,126640
16377,72,38,128830,130830,130330,130350,130530
16378,72,38,131810,133750,133310,133330,133450
16379,72,38,156950,158950,158450,158470,158650
16380,72,38,158700,160710,160200,160230,160410
16381,72,38,163440,165360,164940,164960,165060
16382,72,38,166760,168600,168260,168290,168300
16383,72,38,172220,174290,173720,173740,173990
16384,72,38,172800,174790,174300,174320,174490
16385,72,38,232970,234930,234470,234490,234630
16386,72,40,73540,75550,75040,75060,75250
16387,72,40,90140,92060,91640,91660,91760
16388,72,40,128600,130430,130100,130120,130130
16389,72,40,130760,132600,132260,132280,132300
16390,72,40,152200,154320,153700,153720,154020
16391,72,40,156060,158030,157560,157580,157730
16392,72,40,166020,168020,167520,167540,167720
16393,72,40,167410,169640,168910,168930,169340
16394,72,41,168290,170290,169790,169810,169990
16395,72,41,197830,199830,199330,199350,199530
16396,72,41,203910,205740,205410,205430,205440
16397,72,41,226580,228540,228080,228100,228240
16398,72,41,231130,233130,232630,232650,232830
16399,72,41,235730,237770,237230,237250,237470
16400,72,41,236810,238870,238310,238330,238570
16401,72,41,251780,253780,253280,253300,253480
16402,72,46,51210,53420,52710,52730,53120
16403,72,46,102430,104540,103930,103950,104240
16404,72,46,120790,122790,122290,122310,122490
16405,72,46,133760,135700,135260,135280,135400
16406,72,46,134730,136780,136230,136250,136480
16407,72,46,162720,164880,164220,164240,164580
16408,72,47,103550,105450,105050,105070,105150
16409,72,47,104260,106210,105760,105780,105910
16410,72,47,105380,107370,106880,106900,107070
16411,72,47,105410,107680,106910,107370,107380
16412,72,47,105880,107830,107380,107400,107530
16413,72,47,117440,119510,118940,118970,119210
16414,72,47,122560,124600,124060,124080,124300
16415,72,47,123870,125830,125370,125390,125530
16416,72,47,126060,128160,127560,127580,127860
16417,72,49,50850,52850,52350,52370,52550
16418,72,49,63110,65110,64610,64630,64810
16419,72,49,104630,106590,106130,106150,106290
16420,72,49,126870,128890,128370,128390,128590
16421,72,49,161750,163630,163250,163270,163330
16422,72,49,164950,166840,166450,166470,166540
16423,72,50,94410,96410,95910,95930,96110
16424,72,50,107810,109810,109310,109330,109510
16425,72,50,112160,114160,113660,113680,113860
16426,72,50,127430,129440,128930,128950,129140
16427,72,50,156670,158640,158170,158190,158340
16428,72,52,43770,45720,45270,45290,45420
16429,72,52,48080,50080,49580,49600,49780
16430,72,52,73260,75240,74760,74780,74940
16431,72,52,113690,115590,115190,115210,115290
16432,72,52,128930,130880,130430,130450,130580
16433,72,52,129810,131660,131310,131340,131360
16434,72,52,134190,136190,135690,135710,135890
16435,72,52,140620,142660,142120,142150,142360
16436,72,53,40950,42960,42450,42470,42660
16437,72,53,43270,45270,44770,44790,44970
16438,72,53,62640,64580,64140,64160,64280
16439,72,53,71720,73850,73220,73240,73550
16440,72,53,72810,74810,74310,74330,74510
16441,72,53,74410,76620,75910,75930,76320
16442,72,53,76510,78510,78010,78030,78210
16443,72,53,80220,82220,81720,81740,81920
16444,72,53,81350,83190,82850,82880,82890
16445,72,53,87770,89780,89270,89290,89480
16446,72,53,94990,97000,96490,96510,96700
16447,72,53,100110,102190,101610,101630,101890
16448,72,53,100620,102450,102120,102140,102150
16449,72,53,103540,105390,105040,105060,105090
16450,72,53,104460,106540,105960,105980,106240
16451,72,53,105400,107650,106900,106920,107350
16452,72,53,106940,109030,108440,108460,108730
16453,72,53,107560,109590,109060,109080,109290
16454,72,53,107590,109950,109090,109640,109650
16455,72,53,108150,110150,109650,109670,109850
16456,72,53,123430,125430,124930,124950,125130
16457,72,54,73040,75020,74540,74570,74720
16458,72,54,82030,84020,83530,83550,83720
16459,72,54,83630,85470,85130,85150,85170
16460,72,54,173890,175890,175390,175410,175590
16461,72,55,51110,53180,52610,52630,52880
16462,72,55,51990,53940,53490,53510,53640
16463,72,55,79710,81710,81210,81230,81410
16464,72,55,80400,82330,81900,81930,82030
16465,72,55,81020,83120,82520,82540,82820
16466,72,55,81600,83440,83100,83120,83140
16467,72,56,64010,66060,65510,65530,65760
16468,72,56,65430,67590,66930,66950,67290
16469,72,56,111970,113800,113470,113490,113500
16470,72,56,191480,193530,192980,193000,193230
16471,72,56,201200,203150,202700,202720,202850
16472,72,56,202850,204780,204350,204370,204480
16473,72,56,203790,205790,205290,205310,205490
16474,72,56,204500,206540,206000,206020,206240
16475,72,57,30170,32150,31670,31690,31850
16476,72,57,31830,33660,33330,33350,33360
16477,72,57,50120,52120,51620,51640,51820
16478,72,57,63670,65500,65170,65190,65200
16479,72,57,113750,115750,115250,115270,115450
16480,72,57,115640,117470,117140,117160,117170
16481,72,60,49500,51500,51000,51020,51200
16482,72,60,92250,94390,93750,93770,94090
16483,72,60,140780,142640,142280,142300,142340
16484,72,60,145470,147370,146970,146990,147070
16485,72,60,148740,150740,150240,150260,150440
16486,72,60,150440,152360,151940,151960,152060
16487,72,60,151140,152970,152640,152660,152670
16488,72,60,151170,153450,152670,153140,153150
16489,72,60,151650,153650,153150,153170,153350
16490,72,62,77380,79240,78880,78900,78940
16491,72,62,77410,79680,78910,79370,79380
16492,72,62,77880,79740,79380,79400,79440
16493,72,62,80960,82790,82460,82480,82490
16494,72,62,81460,83460,82960,82980,83160
16495,72,62,81490,83760,82990,83450,83460
16496,72,62,81960,83970,83460,83480,83670
16497,72,62,103160,105060,104660,104680,104760
16498,72,62,123460,125290,124960,124980,124990
16499,72,62,136680,138690,138180,138200,138390
16500,72,62,137390,139240,138890,138910,138940
16501,72,62,164780,166660,166280,166300,166360
16502,72,62,165280,167110,166780,166800,166810
16503,72,62,169700,171620,171200,171220,171320
16504,72,62,170360,172360,171860,171880,172060
16505,72,62,170890,172720,172390,172410,172420
16506,72,62,174400,176240,175900,175920,175940
16507,72,62,178120,180130,179620,179640,179830
16508,72,63,54470,56720,55970,55990,56420
16509,72,63,59610,61610,61110,61130,61310
16510,72,63,96040,97880,97540,97560,97580
16511,72,63,131340,133340,132840,132860,133040
16512,72,63,133050,135010,134550,134570,134710
16513,72,63,138720,141010,140220,140240,140710
16514,72,63,156280,158410,157780,157800,158110
16515,72,63,158910,160770,160410,160430,160470
16516,72,63,172850,174880,174350,174370,174580
16517,72,63,173590,175550,175090,175110,175250
16518,72,63,182380,184250,183880,183900,183950
16519,72,63,184490,186450,185990,186010,186150
16520,72,65,128530,130600,130030,130050,130300
16521,72,65,135170,137170,136670,136690,136870
16522,72,65,136810,138870,138310,138330,138570
16523,72,66,30120,31950,31620,31640,31650
16524,72,67,18580,20650,20080,20100,20350
16525,72,67,27730,29670,29230,29250,29370
16526,72,67,49030,51030,50530,50550,50730
16527,72,67,55570,57570,57070,57090,57270
16528,72,67,59820,61940,61320,61350,61640
16529,72,67,60590,62730,62090,62110,62430
16530,72,67,61210,63220,62710,62730,62920
16531,72,67,80260,82140,81760,81780,81840
16532,72,67,88170,90220,89670,89690,89920
16533,72,67,88200,90470,89700,90160,90170
16534,72,67,88670,90670,90170,90190,90370
16535,72,67,89270,91540,90770,90790,91240
16536,72,67,90220,92270,91720,91740,91970
16537,72,67,105970,107970,107470,107490,107670
16538,72,67,109010,111010,110510,110530,110710
16539,72,67,113430,115510,114930,114950,115210
16540,72,67,113460,115740,114960,115430,115440
16541,72,67,113940,115960,115440,115460,115660
16542,72,67,122230,124140,123730,123750,123840
16543,72,70,117710,119710,119210,119230,119410
16544,72,70,119240,121150,120740,120760,120850
16545,72,70,157810,159810,159310,159330,159510
16546,72,70,159370,161370,160870,160890,161070
16547,72,71,20060,21890,21560,21580,21590
16548,72,71,24080,26040,25580,25600,25740
16549,72,71,29780,31740,31280,31300,31440
16550,72,71,44460,46580,45960,45980,46280
16551,72,71,49940,51860,51440,51460,51560
16552,72,71,70510,72620,72010,72030,72320
16553,72,71,71030,72980,72530,72550,72680
16554,72,71,72540,74370,74040,74060,74070
16555,72,71,73420,75430,74920,74940,75130
16556,72,71,79210,81160,80710,80730,80860
16557,72,71,81290,83140,82790,82810,82840
16558,72,71,100800,102930,102300,102320,102630
16559,72,71,103190,105250,104690,104710,104950
16560,72,71,113330,115220,114830,114850,114920
16561,72,71,128820,130700,130320,130340,130400
16562,72,71,145860,147860,147360,147380,147560
16563,72,72,46650,48480,48150,48170,48180
16564,72,72,95830,97830,97330,97350,97530
16565,72,72,118760,120760,120260,120280,120460
16566,72,72,118790,121060,120290,120750,120760
16567,72,72,119260,121100,120760,120780,120800
16568,72,72,134090,135950,135590,135610,135650
16569,72,72,135670,137670,137170,137190,137370
16570,72,72,136180,138040,137680,137700,137740
16571,72,72,138480,140310,139980,140000,140010
16572,72,72,139810,141920,141310,141330,141620
16573,72,72,145150,147080,146650,146670,146780
16574,72,72,147900,149900,149400,149420,149600
16575,72,72,149690,151640,151190,151210,151340
16576,72,72,153780,155670,155280,155300,155370
16577,72,73,33540,35550,35040,35060,35250
16578,72,73,34260,36260,35760,35780,35960
16579,72,73,39630,41630,41130,41150,41330
16580,72,73,45310,47320,46810,46830,47020
16581,72,73,68790,70740,70290,70310,70440
16582,72,73,75380,77340,76880,76900,77040
16583,72,73,94880,96880,96380,96400,96580
16584,72,74,44380,46390,45880,45910,46090
16585,72,75,89510,91340,91010,91030,91040
16586,72,75,91310,93310,92810,92830,93010
16587,72,75,141230,143190,142730,142750,142890
16588,72,75,146900,148910,148400,148420,148610
16589,72,75,147520,149530,149020,149040,149230
16590,72,75,147550,149830,149050,149520,149530
16591,72,75,148030,149990,149530,149550,149690
16592,72,75,151190,153190,152690,152710,152890
16593,72,75,165860,167760,167360,167380,167460
16594,72,76,60270,62170,61770,61790,61870
16595,72,76,82040,84110,83540,83560,83810
16596,72,76,105300,107200,106800,106820,106900
16597,72,76,157340,159180,158840,158860,158880
16598,72,76,158040,160050,159540,159560,159750
16599,72,76,192090,194100,193590,193620,193800
16600,72,76,194030,196030,195530,195550,195730
16601,72,76,201680,203680,203180,203200,203380
16602,72,79,41250,43270,42750,42770,42970
16603,72,79,96860,98850,98360,98380,98550
16604,72,79,159660,161580,161160,161180,161280
16605,72,79,161120,162960,162620,162640,162660
16606,72,79,173570,175430,175070,175090,175130
16607,72,82,55660,57570,57160,57180,57270
16608,72,82,56560,58560,58060,58080,58260
16609,72,82,57410,59430,58910,58930,59130
16610,72,82,60600,62600,62100,62120,62300
16611,72,82,61560,63430,63060,63080,63130
16612,72,82,88350,90180,89850,89870,89880
16613,72,82,89540,91540,91040,91060,91240
16614,72,82,92420,94250,93920,93940,93950
16615,72,82,93880,95880,95380,95400,95580
16616,72,82,94460,96310,95960,95980,96010
16617,72,82,136060,138060,137560,137580,137760
16618,72,82,140670,142670,142170,142190,142370
16619,72,82,146230,148200,147730,147750,147900
16620,72,82,150260,152130,151760,151780,151830
16621,72,83,43440,45280,44940,44960,44980
16622,72,83,46510,48760,48010,48030,48460
16623,72,83,57980,59810,59480,59500,59510
16624,72,83,108490,110490,109990,110010,110190
16625,72,83,109360,111360,110860,110880,111060
16626,72,83,112570,114580,114070,114090,114280
16627,72,83,114170,116170,115670,115690,115870
16628,72,83,119570,121710,121070,121090,121410
16629,72,83,121380,123210,122880,122900,122910
16630,72,83,168530,170570,170030,170050,170270
16631,72,86,41620,43620,43120,43140,43320
16632,72,86,41650,43920,43150,43610,43620
16633,72,86,42120,44120,43620,43640,43820
16634,72,86,43770,45770,45270,45290,45470
16635,72,86,55180,57110,56680,56700,56810
16636,72,86,57020,58950,58520,58540,58650
16637,72,86,59640,61500,61140,61160,61200
16638,72,86,60250,62250,61750,61770,61950
16639,72,86,61540,63550,63040,63060,63250
16640,72,86,63480,65480,64980,65000,65180
16641,72,86,64550,66410,66050,66070,66110
16642,72,86,66090,68090,67590,67610,67790
16643,72,86,66120,68390,67620,68080,68090
16644,72,86,66590,68450,68090,68110,68150
16645,72,86,80880,82990,82380,82400,82690
16646,72,86,83570,85570,85070,85090,85270
16647,72,86,84860,86690,86360,86380,86390
16648,72,86,94370,96210,95870,95890,95910
16649,72,86,123600,125720,125100,125120,125420
16650,72,86,128140,130250,129640,129660,129950
16651,72,91,30640,32640,32140,32160,32340
16652,72,91,37070,38990,38570,38590,38690
16653,72,91,65220,67470,66720,66740,67170
16654,72,91,66210,68120,67710,67740,67820
16655,72,91,66870,68830,68370,68390,68530
16656,72,91,69470,71470,70970,70990,71170
16657,72,91,81800,83740,83300,83320,83440
16658,72,91,107480,109480,108980,109000,109180
16659,72,91,108930,110880,110430,110450,110580
16660,72,91,109770,111770,111270,111290,111470
16661,72,91,111150,113080,112650,112670,112780
16662,72,91,114380,116280,115880,115900,115980
16663,72,91,115280,117280,116780,116800,116980
16664,72,91,116840,118690,118340,118360,118390
16665,72,91,119990,121820,121490,121510,121520
16666,72,92,37870,39820,39370,39390,39520
16667,72,92,45830,48010,47330,47350,47710
16668,72,92,46760,48760,48260,48280,48460
16669,72,92,56300,58300,57800,57820,58000
16670,72,92,61470,63390,62970,62990,63090
16671,72,92,65660,67720,67160,67180,67420
16672,72,92,66420,68420,67920,67940,68120
16673,72,92,69740,71680,71240,71260,71380
16674,72,92,70470,72390,71970,71990,72090
16675,72,92,87540,89540,89040,89060,89240
16676,72,92,89740,91870,91240,91260,91570
16677,72,92,90740,92750,92240,92260,92450
16678,72,92,91980,93810,93480,93500,93510
16679,72,92,114730,116760,116230,116250,116460
16680,72,92,127730,129660,129230,129250,129360
16681,72,93,46910,48740,48410,48430,48440
16682,72,93,127530,129520,129030,129050,129220
16683,72,93,128890,130850,130390,130410,130550
16684,72,93,130820,132940,132320,132340,132640
16685,72,93,147990,149830,149490,149510,149530
16686,72,93,151800,153710,153300,153320,153410
16687,72,93,153940,155940,155440,155460,155640
16688,72,93,155000,156990,156500,156520,156690
16689,72,95,37180,39110,38680,38700,38810
16690,72,95,38940,40940,40440,40460,40640
16691,72,95,39820,41830,41320,41340,41530
16692,72,95,40480,42480,41980,42000,42180
16693,72,95,60260,62100,61760,61780,61800
16694,72,95,64180,66280,65680,65700,65980
16695,72,95,64800,66810,66300,66320,66510
16696,72,95,83750,85750,85250,85270,85450
16697,72,95,87000,89010,88500,88520,88710
16698,72,95,89900,91900,91400,91420,91600
16699,72,95,96000,97910,97500,97520,97610
16700,72,95,166510,168510,168010,168030,168210
16701,72,99,44410,46660,45910,45930,46360
16702,72,99,56350,58320,57850,57870,58020
16703,72,99,113410,115390,114910,114930,115090
16704,72,99,117210,119260,118710,118730,118960
16705,72,99,143560,145390,145060,145080,145090
16706,72,99,143590,147650,145090,147340,147350
16707,72,99,145850,147800,147350,147370,147500
16708,72,99,149870,151840,151370,151390,151540
16709,72,125,51860,53690,53360,53380,53390
16710,72,125,56970,58800,58470,58490,58500
16711,72,125,60070,62130,61570,61600,61830
16712,72,125,61820,63820,63320,63340,63520
16713,72,125,76410,78410,77910,77930,78110
16714,72,125,107370,109380,108870,108890,109080
16715,72,125,115000,117000,116500,116520,116700
16716,72,125,136160,138160,137660,137680,137860
16717,72,127,45840,47850,47340,47360,47550
16718,72,127,49020,51110,50520,50540,50810
16719,72,127,51860,53850,53360,53380,53550
16720,72,127,64680,66680,66180,66200,66380
16721,72,127,67940,69950,69440,69470,69650
16722,72,127,147040,149100,148540,148560,148800
16723,72,127,147640,149750,149140,149160,149450
16724,72,127,148740,150750,150240,150260,150450
16725,72,127,150420,152250,151920,151940,151950
16726,72,127,151690,153620,153190,153210,153320
16727,72,127,159470,161450,160970,160990,161150
16728,72,127,161230,163190,162730,162750,162890
16729,72,127,163070,165080,164570,164590,164780
16730,72,127,189330,191320,190830,190850,191020
16731,72,128,39870,41870,41370,41390,41570
16732,72,128,40980,42980,42480,42500,42680
16733,72,128,43590,45590,45090,45110,45290
16734,72,128,56690,58660,58190,58210,58360
16735,72,128,90330,92330,91830,91850,92030
16736,72,128,91260,93200,92760,92780,92900
16737,72,128,146120,148140,147620,147640,147840
16738,72,128,148060,150060,149560,149580,149760
16739,72,132,49070,51070,50570,50590,50770
16740,72,132,49970,51980,51470,51490,51680
16741,72,132,145650,147540,147150,147170,147240
16742,72,132,146900,148760,148400,148420,148460
16743,72,132,154570,156680,156070,156090,156380
16744,72,132,156980,158980,158480,158500,158680
16745,72,134,133110,135110,134610,134630,134810
16746,72,134,169120,171100,170620,170650,170800
16747,72,134,179610,181510,181110,181130,181210
16748,72,134,210050,212160,211550,211570,211860
16749,72,134,228350,230350,229850,229870,230050
16750,72,134,248380,250460,249880,249910,250160
16751,72,134,262300,264310,263800,263820,264010
16752,72,141,178820,180740,180320,180340,180440
16753,72,141,208580,210550,210080,210100,210250
16754,72,141,262710,264670,264210,264230,264370
16755,72,141,287300,289190,288800,288820,288890
16756,72,144,97390,99310,98890,98910,99010
16757,72,144,102330,104340,103830,103850,104040
16758,72,144,122990,124920,124490,124510,124620
16759,72,144,171910,173900,173410,173430,173600
16760,72,144,186000,188010,187500,187520,187710
16761,72,146,144440,146280,145940,145960,145980
16762,72,146,145380,147440,146880,146900,147140
16763,72,149,53420,55420,54920,54940,55120
16764,72,149,57280,59280,58780,58800,58980
16765,72,149,95570,97570,97070,97090,97270
16766,72,149,97380,99380,98880,98900,99080
16767,72,149,100360,102370,101860,101880,102070
16768,72,149,101960,103960,103460,103480,103660
16769,72,149,103990,105990,105490,105510,105690
16770,72,149,105520,107520,107020,107040,107220
16771,72,149,105550,112970,107050,112660,112670
16772,72,149,111170,113260,112670,112690,112960
16773,72,149,112970,114950,114470,114490,114650
16774,72,149,135240,137240,136740,136760,136940
16775,72,149,138900,141020,140400,140420,140720
16776,72,149,142750,144760,144250,144270,144460
16777,72,149,158910,160860,160410,160430,160560
16778,72,149,159500,161460,161000,161020,161160
16779,72,149,160980,163110,162480,162500,162810
16780,72,149,161940,163950,163440,163460,163650
16781,72,149,171300,173350,172800,172820,173050
16782,72,149,174670,176670,176170,176190,176370
16783,72,149,195450,197390,196950,196970,197090
16784,72,149,196040,198050,197540,197560,197750
16785,72,149,197590,199590,199090,199110,199290
16786,72,149,198470,200470,199970,199990,200170
16787,72,149,200190,202190,201690,201710,201890
16788,72,150,24130,26220,25630,25650,25920
16789,72,150,48330,50340,49830,49850,50040
16790,72,150,63850,65750,65350,65370,65450
16791,73,14,72430,74300,73930,73950,74000
16792,73,14,118490,120490,119990,120010,120190
16793,73,14,120370,122370,121870,121890,122070
16794,73,14,126030,128030,127530,127550,127730
16795,73,14,129390,131380,130890,130910,131080
16796,73,14,130930,132930,132430,132450,132630
16797,73,14,132430,134430,133930,133950,134130
16798,73,14,148450,150450,149950,149970,150150
16799,73,15,52420,54260,53920,53950,53960
16800,73,15,55160,57190,56660,56680,56890
16801,73,47,92780,94760,94280,94300,94460
16802,73,47,212910,214840,214410,214430,214540
16803,73,47,217690,219740,219190,219210,219440
16804,73,47,249760,251730,251260,251280,251430
16805,73,47,253930,255930,255430,255450,255630
16806,73,47,261950,263950,263450,263470,263650
16807,73,47,273730,275920,275230,275250,275620
16808,73,47,276430,278410,277930,277950,278110
16809,73,47,293730,295730,295230,295250,295430
16810,73,47,302320,304320,303820,303840,304020
16811,73,47,315040,317040,316540,316560,316740
16812,73,47,326870,328870,328370,328390,328570
16813,73,47,331810,333810,333310,333330,333510
16814,73,47,342080,344000,343580,343600,343700
16815,73,47,352140,354250,353640,353660,353950
16816,73,47,491280,493280,492780,492800,492980
16817,73,49,311300,313310,312800,312820,313010
16818,73,51,171530,173480,173030,173050,173180
16819,73,52,18120,20050,19620,19640,19750
16820,73,52,94330,96330,95830,95850,96030
16821,73,52,104590,106590,106090,106110,106290
16822,73,52,105690,107660,107190,107210,107360
16823,73,52,116450,118450,117950,117970,118150
16824,73,52,149180,151180,150680,150700,150880
16825,73,52,163940,165950,165440,165460,165650
16826,73,52,251840,253770,253340,253360,253470
16827,73,70,121690,123650,123190,123210,123350
16828,73,70,123660,125670,125160,125190,125370
16829,73,70,159240,161240,160740,160760,160940
16830,73,70,161950,164110,163450,163470,163810
16831,73,70,182960,184960,184460,184480,184660
16832,73,70,185700,187640,187200,187220,187340
16833,73,70,245250,247250,246750,246770,246950
16834,73,70,247120,249120,248620,248640,248820
16835,73,70,288950,290960,290450,290470,290660
16836,73,70,288980,292450,290480,292140,292150
16837,73,70,290650,292650,292150,292170,292350
16838,73,70,319860,321860,321360,321380,321560
16839,73,70,321100,323090,322600,322620,322790
16840,73,70,370380,372380,371880,371900,372080
16841,73,70,372050,373950,373550,373570,373650
16842,73,70,377940,379940,379440,379460,379640
16843,73,70,382270,384170,383770,383790,383870
16844,73,70,387600,389600,389100,389120,389300
16845,73,70,389180,391190,390680,390700,390890
16846,73,70,397470,399470,398970,398990,399170
16847,73,70,403240,405240,404740,404760,404940
16848,73,71,30760,32760,32260,32280,32460
16849,73,71,32580,34510,34080,34100,34210
16850,73,71,50740,52750,52240,52260,52450
16851,73,71,62000,63970,63500,63520,63670
16852,73,71,83250,85250,84750,84770,84950
16853,73,71,93090,95090,94590,94610,94790
16854,73,71,105290,107270,106790,106810,106970
16855,73,71,134520,136520,136020,136040,136220
16856,73,71,136980,138980,138480,138500,138680
16857,73,71,152530,154650,154030,154050,154350
16858,73,71,157840,159800,159340,159360,159500
16859,73,71,213280,215280,214780,214800,214980
16860,73,71,216290,218290,217790,217810,217990
16861,73,71,220650,222720,222150,222170,222420
16862,73,71,233760,235770,235260,235290,235470
16863,73,71,237240,239170,238740,238760,238870
16864,73,71,272170,274170,273670,273690,273870
16865,73,71,273990,275990,275490,275510,275690
16866,73,74,34110,36120,35610,35640,35820
16867,73,74,36190,38180,37690,37710,37880
16868,73,74,41170,43180,42670,42690,42880
16869,73,74,53930,55840,55430,55450,55540
16870,73,74,68050,70120,69550,69570,69820
16871,73,74,139200,141140,140700,140720,140840
16872,73,74,144020,145880,145520,145540,145580
16873,73,74,147910,149850,149410,149430,149550
16874,73,74,151460,153460,152960,152980,153160
16875,73,74,152680,154630,154180,154200,154330
16876,73,74,157140,159140,158640,158660,158840
16877,73,74,160030,162000,161530,161550,161700
16878,73,74,176470,178480,177970,177990,178180
16879,73,74,177260,179260,178760,178780,178960
16880,73,74,179620,181620,181120,181140,181320
16881,73,74,181550,183480,183050,183070,183180
16882,73,74,189620,191620,191120,191140,191320
16883,73,74,229900,231900,231400,231420,231600
16884,73,74,232560,234560,234060,234080,234260
16885,73,74,240050,242060,241550,241570,241760
16886,73,74,251030,253030,252530,252550,252730
16887,73,74,261200,263210,262700,262720,262910
16888,73,74,262150,264140,263650,263670,263840
16889,73,74,285180,287260,286680,286700,286960
16890,73,74,290310,292290,291810,291830,291990
16891,73,74,298460,300580,299960,299980,300280
16892,73,74,308950,310950,310450,310470,310650
16893,73,78,112740,114760,114240,114260,114460
16894,73,78,116440,118360,117940,117960,118060
16895,73,78,119830,121960,121330,121350,121660
16896,73,78,132900,134900,134400,134420,134600
16897,73,78,138500,140500,140000,140020,140200
16898,73,78,155910,157910,157410,157430,157610
16899,73,78,161810,163740,163310,163330,163440
16900,73,78,169090,171000,170590,170610,170700
16901,73,78,223650,225650,225150,225170,225350
16902,73,78,232400,234410,233900,233920,234110
16903,73,78,235990,237990,237490,237510,237690
16904,73,78,247140,249090,248640,248660,248790
16905,73,78,256840,258840,258340,258360,258540
16906,73,78,270990,273010,272490,272510,272710
16907,73,78,274370,276370,275870,275890,276070
16908,73,78,297740,299750,299240,299260,299450
16909,73,78,326520,328480,328020,328040,328180
16910,73,78,330120,332120,331620,331640,331820
16911,73,78,334310,336240,335810,335830,335940
16912,73,78,339910,341920,341410,341440,341620
16913,73,78,342650,344610,344150,344170,344310
16914,73,78,386010,387940,387510,387530,387640
16915,73,78,396140,398140,397640,397660,397840
16916,73,78,432950,434960,434450,434470,434660
16917,73,78,439810,441810,441310,441330,441510
16918,73,78,507510,509510,509010,509030,509210
16919,73,111,72890,74900,74390,74410,74600
16920,73,189,202160,204170,203660,203680,203870
16921,73,189,203750,205750,205250,205270,205450
16922,73,189,300030,302030,301530,301550,301730
16923,73,189,303450,305400,304950,304970,305100
16924,73,189,320700,322700,322200,322220,322400
16925,73,189,343130,345140,344630,344650,344840
16926,73,189,344920,346910,346420,346440,346610
16927,73,189,361000,363110,362500,362520,362810
16928,73,189,362750,364640,364250,364270,364340
16929,73,189,367030,369030,368530,368550,368730
16930,73,189,370680,372620,372180,372200,372320
16931,73,189,392480,394480,393980,394000,394180
16932,73,189,394590,396600,396090,396110,396300
16933,73,189,399120,401030,400620,400640,400730
16934,73,189,401990,404000,403490,403520,403700
16935,73,189,446690,448700,448190,448210,448400
16936,73,189,447210,449210,448710,448730,448910
16937,73,189,457060,459060,458560,458580,458760
16938,73,189,458650,460640,460150,460170,460340
16939,73,189,482200,484200,483700,483720,483900
16940,73,189,484910,486800,486410,486430,486500
16941,73,189,544410,546420,545910,545930,546120
16942,73,189,546370,548370,547870,547890,548070
16943,73,189,551590,553610,553090,553110,553310
16944,73,189,553770,555980,555270,555290,555680
16945,73,189,555700,557730,557200,557220,557430
16946,73,189,557100,559210,558600,558620,558910
16947,73,189,577210,579210,578710,578730,578910
16948,73,189,577240,580980,578740,580670,580680
16949,73,189,579180,581180,580680,580700,580880
16950,73,189,597770,599780,599270,599290,599480
16951,73,189,601220,603200,602720,602740,602900
16952,73,189,604890,606890,606390,606410,606590
16953,73,189,607010,608890,608510,608530,608590
16954,73,189,628770,630770,630270,630290,630470
16955,73,189,631730,633620,633230,633250,633320
16956,73,189,659570,661560,661070,661090,661260
16957,73,189,661430,663420,662930,662950,663120
16958,73,189,667540,669550,669040,669060,669250
16959,73,189,681510,683520,683010,683040,683220
16960,73,189,689360,691360,690860,690880,691060
16961,73,189,692490,694510,693990,694010,694210
16962,73,189,710170,712180,711670,711690,711880
16963,73,189,714280,716280,715780,715800,715980
16964,73,189,724410,726520,725910,725930,726220
16965,73,189,726490,728490,727990,728010,728190
16966,73,189,729490,731490,730990,731010,731190
16967,73,189,731170,733170,732670,732690,732870
16968,73,189,734030,736030,735530,735550,735730
16969,73,189,736670,738650,738170,738190,738350
16970,73,189,745590,747590,747090,747110,747290
16971,73,189,747360,749250,748860,748880,748950
16972,73,189,764150,766090,765650,765670,765790
16973,73,189,769880,771880,771380,771400,771580
16974,73,189,778110,780000,779610,779630,779700
16975,73,189,782990,784920,784490,784510,784620
16976,73,189,784730,786660,786230,786250,786360
16977,73,189,790930,792930,792430,792450,792630
16978,73,189,792920,794950,794420,794440,794650
16979,73,189,817610,819620,819110,819130,819320
16980,73,189,820090,821990,821590,821610,821690
16981,73,189,823340,825350,824840,824870,825050
16982,73,189,826960,828890,828460,828480,828590
16983,73,191,29690,31610,31190,31210,31310
16984,73,191,42280,44480,43780,43800,44180
16985,73,191,106030,108030,107530,107550,107730
16986,73,191,135570,137570,137070,137090,137270
16987,73,191,173400,175400,174900,174920,175100
16988,73,191,182450,184450,183950,183970,184150
16989,73,191,258010,260120,259510,259530,259820
16990,73,192,16320,18350,17820,17840,18050
16991,73,192,62050,64050,63550,63570,63750
16992,73,192,65960,68120,67460,67480,67820
16993,73,192,95160,97160,96660,96680,96860
16994,73,192,123490,125490,124990,125010,125190
16995,73,192,148200,150200,149700,149720,149900
16996,73,192,149920,151930,151420,151440,151630
16997,73,192,161100,163120,162600,162620,162820
16998,73,192,186700,188700,188200,188220,188400
16999,73,192,186730,195550,188230,195240,195250
17000,73,192,193750,195720,195250,195270,195420
17001,73,192,197930,199930,199430,199450,199630
17002,73,192,201990,203980,203490,203510,203680
17003,73,192,204240,206240,205740,205760,205940
17004,73,192,207860,209860,209360,209380,209560
17005,73,192,214450,216460,215950,215970,216160
17006,73,192,218650,220690,220150,220170,220390
17007,73,192,235910,238040,237410,237430,237740
17008,73,192,238110,240170,239610,239630,239870
17009,73,192,287490,289570,288990,289010,289270
17010,73,192,299340,301180,300840,300860,300880
17011,73,192,300860,302910,302360,302380,302610
17012,73,192,302420,304260,303920,303940,303960
17013,73,192,308270,310150,309770,309790,309850
17014,73,192,371560,373520,373060,373080,373220
17015,73,192,393070,395070,394570,394590,394770
17016,73,192,460610,462620,462110,462130,462320
17017,73,192,466150,468160,467650,467670,467860
17018,73,192,473980,475980,475480,475500,475680
17019,73,192,474860,476860,476360,476380,476560
17020,73,192,500500,502630,502000,502020,502330
17021,73,192,525440,527440,526940,526960,527140
17022,73,192,556660,558660,558160,558180,558360
17023,73,192,592070,594070,593570,593590,593770
17024,73,192,607370,609380,608870,608900,609080
17025,73,192,610980,612980,612480,612500,612680
17026,73,192,614990,616990,616490,616510,616690
17027,73,192,620460,622470,621960,621980,622170
17028,73,192,643810,645980,645310,645330,645680
17029,73,192,685990,688000,687490,687510,687700
17030,73,192,689620,691620,691120,691140,691320
17031,73,192,695920,698040,697420,697440,697740
17032,73,192,697750,699740,699250,699270,699440
17033,73,192,721680,723850,723180,723200,723550
17034,73,192,724460,726460,725960,725980,726160
17035,73,192,784680,786910,786180,786200,786610
17036,73,192,818670,820680,820170,820190,820380
17037,73,192,867300,869300,868800,868820,869000
17038,73,206,15170,17300,16670,16690,17000
17039,73,206,49290,51300,50790,50810,51000
17040,73,206,50520,52530,52020,52050,52230
17041,73,206,54190,56190,55690,55710,55890
17042,73,206,77740,79780,79240,79260,79480
17043,73,206,97140,99140,98640,98660,98840
17044,73,206,106400,108510,107900,107920,108210
17045,73,206,145010,147010,146510,146530,146710
17046,73,206,149080,151090,150580,150600,150790
17047,73,206,171990,173960,173490,173510,173660
17048,73,206,179770,181870,181270,181290,181570
17049,73,206,208260,210260,209760,209780,209960
17050,73,206,213410,215410,214910,214930,215110
17051,73,206,236140,238140,237640,237660,237840
17052,73,206,238510,240510,240010,240030,240210
17053,73,206,248590,250600,250090,250120,250300
17054,73,209,25880,27720,27380,27400,27420
17055,73,209,42850,45060,44350,44370,44760
17056,73,209,58250,60450,59750,59770,60150
17057,73,209,72940,74940,74440,74460,74640
17058,73,209,73460,75460,74960,74980,75160
17059,73,209,78560,80560,80060,80080,80260
17060,73,209,86980,88960,88480,88500,88660
17061,73,209,99640,101650,101140,101160,101350
17062,73,209,138840,140840,140340,140360,140540
17063,73,209,148290,150170,149790,149810,149870
17064,73,209,153230,155230,154730,154750,154930
17065,73,209,179200,181200,180700,180720,180900
17066,73,209,179760,181880,181260,181280,181580
17067,73,209,193940,196050,195440,195460,195750
17068,73,209,211420,213580,212920,212940,213280
17069,73,209,214280,216290,215780,215800,215990
17070,73,209,221820,224030,223320,223340,223730
17071,73,209,228310,230420,229810,229830,230120
17072,73,209,440640,442640,442140,442160,442340
17073,73,209,486680,488680,488180,488200,488380
17074,73,209,487760,489870,489260,489280,489570
17075,73,210,23630,25750,25130,25150,25450
17076,73,210,30470,32470,31970,31990,32170
17077,73,210,40640,42640,42140,42160,42340
17078,73,210,48750,50780,50250,50270,50480
17079,73,210,126710,128720,128210,128230,128420
17080,73,210,132710,134720,134210,134230,134420
17081,73,210,320800,322800,322300,322320,322500
17082,73,210,322130,324140,323630,323650,323840
17083,73,210,418730,420730,420230,420250,420430
17084,73,210,441920,443920,443420,443440,443620
17085,73,210,455500,457500,457000,457020,457200
17086,73,210,470800,472800,472300,472320,472500
17087,73,210,480040,481940,481540,481560,481640
17088,73,210,490890,492870,492390,492410,492570
17089,73,210,501560,503570,503060,503080,503270
17090,73,210,575650,577640,577150,577170,577340
17091,73,210,624370,626360,625870,625890,626060
17092,73,210,676510,678600,678010,678030,678300
17093,73,210,699310,701270,700810,700830,700970
17094,73,210,703840,705840,705340,705360,705540
17095,73,210,719750,721890,721250,721270,721590
17096,73,213,36990,39000,38490,38510,38700
17097,73,213,40250,42200,41750,41770,41900
17098,73,213,40280,56180,41780,55870,55880
17099,73,213,54380,56370,55880,55900,56070
17100,73,213,93480,95480,94980,95000,95180
17101,73,213,106050,107990,107550,107570,107690
17102,73,213,127120,129160,128620,128640,128860
17103,73,213,151270,153220,152770,152790,152920
17104,73,213,171810,173810,173310,173330,173510
17105,73,213,187030,189000,188530,188550,188700
17106,73,213,210450,212400,211950,211970,212100
17107,73,213,227000,229020,228500,228520,228720
17108,73,213,227030,236580,228530,236270,236280
17109,73,213,234780,236790,236280,236300,236490
17110,73,213,255480,257420,256980,257000,257120
17111,73,213,255510,268760,257010,268450,268460
17112,73,213,266960,268960,268460,268480,268660
17113,73,213,269180,271400,270680,270700,271100
17114,73,213,281400,283400,282900,282920,283100
17115,73,213,284090,286220,285590,285610,285920
17116,73,213,284120,301840,285620,301530,301540
17117,73,213,300040,302040,301540,301560,301740
17118,73,213,346850,348970,348350,348370,348670
17119,73,213,363130,365070,364630,364650,364770
17120,73,213,363160,372700,364660,372390,372400
17121,73,213,370900,372900,372400,372420,372600
17122,73,213,378050,380060,379550,379580,379760
17123,73,213,380200,382200,381700,381720,381900
17124,73,213,386160,388160,387660,387680,387860
17125,73,213,388300,390290,389800,389820,389990
17126,73,213,449520,451450,451020,451050,451150
17127,73,213,457300,459300,458800,458820,459000
17128,73,213,467380,469390,468880,468900,469090
17129,73,213,497980,500040,499480,499500,499740
17130,73,213,507580,509590,509080,509110,509290
17131,73,225,31630,33560,33130,33150,33260
17132,73,245,99820,101820,101320,101340,101520
17133,73,245,99850,116310,101350,116000,116010
17134,73,245,114510,116520,116010,116030,116220
17135,73,245,125910,127910,127410,127430,127610
17136,73,245,137560,139470,139060,139080,139170
17137,73,245,139990,141990,141490,141510,141690
17138,73,245,141700,143700,143200,143220,143400
17139,73,245,144120,145990,145620,145640,145690
17140,73,245,145780,147790,147280,147300,147490
17141,73,245,151480,153470,152980,153000,153170
17142,73,245,165460,167470,166960,166980,167170
17143,73,245,169800,171700,171300,171320,171400
17144,73,245,171510,173480,173010,173030,173180
17145,73,245,190760,192690,192260,192280,192390
17146,73,245,193090,195090,194590,194610,194790
17147,73,245,195090,197090,196590,196610,196790
17148,73,245,198550,200550,200050,200070,200250
17149,73,245,209580,211580,211080,211100,211280
17150,73,245,212200,214200,213700,213720,213900
17151,73,245,213650,215610,215150,215170,215310
17152,73,245,220790,222790,222290,222310,222490
17153,73,245,226600,228580,228100,228120,228280
17154,73,245,231860,233870,233360,233380,233570
17155,73,245,234800,236800,236300,236320,236500
17156,73,245,243630,245570,245130,245150,245270
17157,73,245,245300,247270,246800,246820,246970
17158,73,245,257280,259280,258780,258800,258980
17159,73,245,259270,261250,260770,260790,260950
17160,73,245,264620,266630,266120,266140,266330
17161,73,245,264650,268010,266150,267700,267710
17162,73,245,266210,268180,267710,267730,267880
17163,73,245,282460,284460,283960,283980,284160
17164,73,245,284570,286570,286070,286090,286270
17165,73,245,293930,295860,295430,295450,295560
17166,73,245,297000,299010,298500,298520,298710
17167,73,245,298140,300140,299640,299660,299840
17168,73,245,301460,303470,302960,302980,303170
17169,73,245,308460,310460,309960,309980,310160
17170,73,245,320290,322300,321790,321810,322000
17171,73,245,320320,324700,321820,324390,324400
17172,73,245,322900,324830,324400,324420,324530
17173,73,245,324650,326660,326150,326170,326360
17174,73,245,325880,327880,327380,327400,327580
17175,73,245,333920,335920,335420,335440,335620
17176,73,245,341960,343900,343460,343480,343600
17177,73,245,348510,350610,350010,350030,350310
17178,73,245,358860,360830,360360,360380,360530
17179,73,245,368530,370530,370030,370050,370230
17180,73,245,368560,372290,370060,371980,371990
17181,73,245,370490,372460,371990,372010,372160
17182,73,245,386120,388010,387620,387640,387710
17183,73,245,386150,397900,387650,397590,397600
17184,73,245,396100,398110,397600,397620,397810
17185,73,245,402570,404580,404070,404090,404280
17186,73,245,406980,409050,408480,408500,408750
17187,73,245,411330,413470,412830,412850,413170
17188,73,245,446300,448230,447800,447820,447930
17189,73,245,455410,457410,456910,456930,457110
17190,73,245,461420,463310,462920,462940,463010
17191,73,245,467030,469030,468530,468550,468730
17192,73,245,478210,480180,479710,479730,479880
17193,73,245,479970,481910,481470,481490,481610
17194,73,245,501190,503300,502690,502710,503000
17195,73,245,504320,506320,505820,505840,506020
17196,73,245,506350,508480,507850,507870,508180
17197,73,245,513640,515640,515140,515160,515340
17198,73,247,237310,239310,238810,238830,239010
17199,73,247,249350,251350,250850,250870,251050
17200,73,248,384340,386210,385840,385860,385910
17201,73,248,435770,437900,437270,437290,437600
17202,73,248,446640,448640,448140,448160,448340
17203,73,248,567690,569700,569190,569210,569400
17204,73,248,948260,950220,949760,949780,949920
17205,73,265,162120,163970,163620,163640,163670
17206,73,265,166100,168020,167600,167620,167720
17207,73,265,175250,177270,176750,176770,176970
17208,73,265,193600,195610,195100,195120,195310
17209,73,265,195850,197860,197350,197370,197560
17210,73,265,201790,203880,203290,203310,203580
17211,73,265,205080,206940,206580,206600,206640
17212,73,265,237950,240020,239450,239470,239720
17213,73,265,248570,250620,250070,250090,250320
17214,73,265,257780,259870,259280,259310,259570
17215,73,265,264570,266570,266070,266090,266270
17216,73,265,265550,267560,267050,267070,267260
17217,73,266,22470,24370,23970,23990,24070
17218,73,266,41070,43160,42570,42590,42860
17219,73,266,52950,54950,54450,54470,54650
17220,73,266,55420,57560,56920,56940,57260
17221,73,266,60740,62770,62240,62260,62470
17222,73,266,98940,100940,100440,100460,100640
17223,73,266,109220,111220,110720,110740,110920
17224,73,266,114680,116670,116180,116200,116370
17225,73,266,120520,122520,122020,122040,122220
17226,73,266,121120,123120,122620,122640,122820
17227,73,266,121660,123670,123160,123180,123370
17228,73,314,85490,87540,86990,87010,87240
17229,73,314,85520,89110,87020,88800,88810
17230,73,314,87310,89420,88810,88830,89120
17231,74,1,39480,41480,40980,41000,41180
17232,74,7,101860,103700,103360,103380,103400
17233,74,10,116850,118910,118350,118370,118610
17234,74,13,31250,33340,32750,32770,33040
17235,74,13,129170,131180,130670,130690,130880
17236,74,16,122280,124270,123780,123800,123970
17237,74,19,28320,30150,29820,29840,29850
17238,74,19,113410,115390,114910,114930,115090
17239,74,19,115740,117570,117240,117260,117270
17240,74,19,119390,121390,120890,120910,121090
17241,74,19,121860,123820,123360,123380,123520
17242,74,19,124800,126800,126300,126320,126500
17243,74,19,130230,132090,131730,131750,131790
17244,74,23,53300,55160,54800,54830,54860
17245,74,23,54090,56100,55590,55610,55800
17246,74,23,126510,128520,128010,128030,128220
17247,74,26,24410,26360,25910,25930,26060
17248,74,28,55170,57170,56670,56690,56870
17249,74,28,58900,60810,60400,60420,60510
17250,74,28,130350,132350,131850,131870,132050
17251,74,29,24950,26940,26450,26470,26640
17252,74,29,93410,95410,94910,94930,95110
17253,74,29,96450,98460,97950,97970,98160
17254,74,34,75420,77320,76920,76940,77020
17255,74,46,39580,41560,41080,41100,41260
17256,74,46,40100,42100,41600,41620,41800
17257,74,51,115650,117660,117150,117170,117360
17258,74,52,128590,130650,130090,130110,130350
17259,74,54,118520,120590,120020,120040,120290
17260,74,57,26430,28430,27930,27950,28130
17261,74,57,33770,35740,35270,35290,35440
17262,74,57,39420,41420,40920,40940,41120
17263,74,57,92810,94820,94310,94330,94520
17264,74,60,121230,123200,122730,122750,122900
17265,74,63,27700,29630,29200,29220,29330
17266,74,63,87580,89420,89080,89100,89120
17267,74,63,88770,90770,90270,90290,90470
17268,74,63,91590,93500,93090,93110,93200
17269,74,63,93020,94850,94520,94540,94550
17270,74,63,99630,101510,101130,101150,101210
17271,74,63,106210,108150,107710,107730,107850
17272,74,64,46990,48910,48490,48510,48610
17273,74,64,53300,55490,54800,54820,55190
17274,74,67,27350,29400,28850,28870,29100
17275,74,74,38880,40710,40380,40400,40410
17276,74,74,42660,44640,44160,44180,44340
17277,74,74,51090,53100,52590,52610,52800
17278,74,74,82960,84980,84460,84480,84680
17279,74,82,132170,134130,133670,133690,133830
17280,74,82,132860,134870,134360,134390,134570
17281,74,82,132900,135170,134400,134860,134870
17282,74,82,133370,135370,134870,134890,135070
17283,74,83,103550,105560,105050,105070,105260
17284,74,83,105220,107360,106720,106740,107060
17285,74,92,86520,88520,88020,88040,88220
17286,74,96,22130,24120,23630,23650,23820
17287,74,96,93370,95400,94870,94890,95100
17288,74,96,95410,97340,96910,96930,97040
17289,74,96,125090,127140,126590,126610,126840
17290,74,100,92460,94470,93960,93980,94170
17291,74,101,28410,30540,29910,29930,30240
17292,74,101,108890,110890,110390,110410,110590
17293,74,102,118800,120810,120300,120320,120510
17294,74,106,119400,121290,120900,120920,120990
17295,74,109,109980,111980,111480,111500,111680
17296,74,109,110570,112520,112070,112090,112220
17297,74,161,91600,93600,93100,93120,93300
17298,74,162,151050,153080,152550,152580,152780
17299,74,172,46270,48280,47770,47790,47980
17300,74,172,47900,49730,49400,49420,49430
17301,74,172,122540,124550,124040,124060,124250
17302,74,173,27410,29440,28910,28930,29140
17303,74,173,83900,85900,85400,85420,85600
17304,74,173,90060,92060,91560,91580,91760
17305,74,173,92920,94760,94420,94440,94460
17306,74,173,95480,97480,96980,97000,97180
17307,74,176,114790,116770,116290,116310,116470
17308,74,177,96850,98860,98350,98370,98560
17309,74,181,85900,88000,87400,87420,87700
17310,74,181,201640,203540,203140,203160,203240
17311,74,181,224690,226580,226190,226210,226280
17312,74,181,235960,237970,237460,237480,237670
17313,74,181,251900,253840,253400,253420,253540
17314,74,181,279310,281250,280810,280830,280950
17315,74,181,280450,282390,281950,281970,282090
17316,74,185,15660,17570,17160,17180,17270
17317,74,185,64450,66370,65950,65970,66070
17318,74,186,165150,167110,166650,166670,166810
17319,74,186,165180,197890,166680,197580,197590
17320,74,186,196090,198040,197590,197610,197740
17321,74,186,197790,199880,199290,199310,199580
17322,74,187,105290,107340,106790,106810,107040
17323,74,187,117420,119360,118920,118940,119060
17324,74,196,47280,49400,48780,48800,49100
17325,74,201,52490,54360,53990,54010,54060
17326,74,201,77270,79270,78770,78790,78970
17327,74,201,127000,129010,128500,128520,128710
17328,74,202,105470,107320,106970,106990,107020
17329,74,205,48880,50780,50380,50400,50480
17330,74,205,123700,125840,125200,125220,125540
17331,74,206,27230,29060,28730,28750,28760
17332,74,206,94140,96040,95640,95660,95740
17333,74,211,45420,47550,46920,46940,47250
17334,74,211,118370,120380,119870,119900,120080
17335,74,214,24300,26130,25800,25820,25830
17336,74,215,59400,61390,60900,60920,61090
17337,74,215,60590,62600,62090,62110,62300
17338,74,217,43480,45480,44980,45000,45180
17339,74,217,48940,50940,50440,50460,50640
17340,74,217,55660,57490,57160,57180,57190
17341,74,217,65390,67390,66890,66910,67090
17342,74,217,124900,126900,126400,126420,126600
17343,74,218,105550,107550,107050,107070,107250
17344,74,225,125460,127460,126960,126980,127160
17345,74,225,126360,128480,127860,127880,128180
17346,74,225,128570,130570,130070,130090,130270
17347,74,226,31600,33610,33100,33120,33310
17348,74,226,103930,105930,105430,105450,105630
17349,74,226,106730,108830,108230,108250,108530
17350,74,228,48810,50810,50310,50330,50510
17351,74,228,49450,51320,50950,50970,51020
17352,74,230,31180,33190,32680,32700,32890
17353,74,230,103540,105550,105040,105060,105250
17354,74,230,109080,111040,110580,110600,110740
17355,75,3,87140,89020,88640,88660,88720
17356,75,3,128560,130390,130060,130080,130090
17357,75,3,134460,136460,135960,135980,136160
17358,75,3,164280,166130,165780,165800,165830
17359,75,3,189580,191590,191080,191100,191290
17360,75,3,220190,222190,221690,221710,221890
17361,75,3,221470,223480,222970,222990,223180
17362,75,62,59750,61690,61250,61270,61390
17363,75,62,59780,62050,61280,61740,61750
17364,75,62,60250,62260,61750,61770,61960
17365,75,62,84240,86080,85740,85760,85780
17366,75,62,85800,87800,87300,87320,87500
17367,75,62,88730,90730,90230,90250,90430
17368,75,62,90360,92360,91860,91880,92060
17369,75,65,22450,24450,23950,23970,24150
17370,75,65,24810,26840,26310,26340,26540
17371,75,65,26160,28090,27660,27680,27790
17372,75,65,27690,29800,29190,29210,29500
17373,75,65,55370,57370,56870,56890,57070
17374,75,65,74930,76910,76430,76450,76610
17375,75,102,25450,27490,26950,26970,27190
17376,75,102,28230,30230,29730,29750,29930
17377,75,102,29420,31330,30920,30940,31030
17378,75,102,53220,55220,54720,54740,54920
17379,75,102,54950,56790,56450,56470,56490
17380,75,122,91990,94000,93490,93510,93700
17381,75,122,102740,104840,104240,104260,104540
17382,75,122,104810,106810,106310,106330,106510
17383,75,122,153260,155100,154760,154780,154800
17384,75,122,177280,179110,178780,178800,178810
17385,75,123,29200,31240,30700,30720,30940
17386,75,123,70700,72640,72200,72220,72340
17387,75,123,157580,159530,159080,159100,159230
17388,75,123,160260,162220,161760,161780,161920
17389,75,123,162360,164210,163860,163880,163910
17390,75,134,84160,86160,85660,85680,85860
17391,75,134,85300,87130,86800,86820,86830
17392,75,134,110360,112360,111860,111880,112060
17393,75,134,111700,113730,113200,113220,113430
17394,75,136,58790,60620,60290,60310,60320
17395,75,136,63460,65380,64960,64980,65080
17396,75,136,82910,84740,84410,84430,84440
17397,75,187,599550,601650,601050,601070,601350
17398,75,187,600920,602820,602420,602440,602520
17399,75,187,611140,613090,612640,612660,612790
17400,75,187,614840,635880,616340,635570,635580
17401,75,187,634080,635960,635580,635610,635660
17402,75,187,651580,653570,653080,653100,653270
17403,75,187,661180,663030,662680,662700,662730
17404,76,6,219800,221880,221300,221320,221580
17405,76,6,221080,223090,222580,222600,222790
17406,76,6,394700,396700,396200,396220,396400
17407,76,36,92820,94700,94320,94340,94400
17408,76,37,62190,64260,63690,63710,63960
17409,76,37,71400,73360,72900,72920,73060
17410,76,41,121660,123510,123160,123180,123210
17411,76,43,102630,104460,104130,104150,104160
17412,76,47,143680,145520,145180,145200,145220
17413,76,50,178680,180780,180180,180200,180480
17414,76,85,44710,46630,46210,46230,46330
17415,76,98,52060,54080,53560,53580,53780
17416,76,98,56460,58500,57960,57980,58200
17417,76,98,59340,61440,60840,60860,61140
17418,76,98,64780,66610,66280,66300,66310
17419,76,98,70250,72290,71750,71770,71990
17420,76,101,108850,110890,110350,110370,110590
17421,76,101,130180,132160,131680,131700,131860
17422,76,101,142770,144840,144270,144290,144540
17423,76,101,268820,270930,270320,270340,270630
17424,76,101,332480,334310,333980,334000,334010
17425,76,101,350880,352850,352380,352400,352550
17426,76,101,357860,359900,359360,359380,359600
17427,76,101,369620,371590,371120,371140,371290
17428,76,132,105300,107450,106800,106820,107150
17429,76,132,116450,118450,117950,117970,118150
17430,76,134,361610,363550,363110,363130,363250
17431,76,140,36790,38980,38290,38310,38680
17432,76,140,45730,47850,47230,47250,47550
17433,76,140,95720,97750,97220,97240,97450
17434,76,140,112720,114620,114220,114240,114320
17435,76,140,136920,139140,138420,138440,138840
17436,76,143,178490,180480,179990,180010,180180
17437,76,143,211690,213530,213190,213210,213230
17438,76,158,117040,119040,118540,118560,118740
17439,76,158,121730,123700,123230,123250,123400
17440,76,158,127990,129980,129490,129510,129680
17441,76,158,129480,131450,130980,131000,131150
17442,76,159,63630,65750,65130,65150,65450
17443,76,159,68270,70210,69770,69790,69910
17444,76,159,69690,72390,71190,71210,72090
17445,76,165,148110,150040,149610,149630,149740
17446,76,165,180150,182260,181650,181670,181960
17447,76,172,155710,157940,157210,157230,157640
17448,76,172,162100,164220,163600,163620,163920
17449,76,172,163420,165450,164920,164940,165150
17450,76,172,184340,186280,185840,185860,185980
17451,76,172,187250,189320,188750,188780,189020
17452,76,172,198430,200460,199930,199950,200160
17453,76,172,202840,205050,204340,204360,204750
17454,76,172,204830,206960,206330,206350,206660
17455,76,173,91160,93260,92660,92680,92960
17456,76,173,111520,113680,113020,113050,113380
17457,77,3,59520,61520,61020,61040,61220
17458,77,3,63400,65400,64900,64920,65100
17459,77,3,176830,178840,178330,178350,178540
17460,77,3,187350,189350,188850,188870,189050
17461,77,3,192250,194250,193750,193770,193950
17462,77,3,209310,211310,210810,210830,211010
17463,77,3,211300,213310,212800,212820,213010
17464,77,18,74000,75910,75500,75520,75610
17465,77,18,78600,80600,80100,80120,80300
17466,77,18,89610,91690,91110,91130,91390
17467,77,24,38290,40180,39790,39810,39880
17468,77,24,90620,92620,92120,92140,92320
17469,77,38,72750,74740,74250,74270,74440
17470,77,38,73290,75280,74790,74810,74980
17471,77,45,73060,74890,74560,74580,74590
17472,77,45,80520,82520,82020,82040,82220
17473,77,45,82130,84140,83630,83650,83840
17474,77,45,83420,85420,84920,84940,85120
17475,77,62,67030,69030,68530,68550,68730
17476,77,65,47260,49260,48760,48780,48960
17477,77,71,64330,66440,65830,65850,66140
17478,77,71,79770,81690,81270,81300,81390
17479,77,71,85730,87850,87230,87250,87550
17480,77,71,98760,100760,100260,100280,100460
17481,77,71,106660,108660,108160,108180,108360
17482,77,72,24060,26060,25560,25580,25760
17483,77,72,81010,83010,82510,82530,82710
17484,77,90,50040,52000,51540,51560,51700
17485,77,90,63310,65210,64810,64830,64910
17486,77,101,41230,43230,42730,42750,42930
17487,77,101,58730,60620,60230,60250,60320
17488,77,108,71670,73560,73170,73190,73260
17489,77,111,43150,45040,44650,44670,44740
17490,77,112,24350,26350,25850,25870,26050
17491,77,118,41290,43290,42790,42810,42990
17492,77,124,26060,27960,27560,27580,27660
17493,77,124,59510,61350,61010,61040,61050
17494,77,126,20220,22230,21720,21740,21930
17495,77,126,23250,25250,24750,24770,24950
17496,77,127,52070,53900,53570,53590,53600
17497,77,127,55940,57940,57440,57460,57640
17498,77,127,79350,81300,80850,80870,81000
17499,77,127,80080,82060,81580,81600,81760
17500,77,129,41880,43990,43380,43400,43690
17501,77,137,113900,115900,115400,115420,115600
17502,77,137,118980,121110,120480,120500,120810
17503,77,137,140940,142900,142440,142460,142600
17504,77,137,176630,178760,178130,178150,178460
17505,77,137,183050,185050,184550,184570,184750
17506,77,144,40330,42330,41830,41850,42030
17507,77,144,69880,71880,71380,71400,71580
17508,77,144,114360,116510,115860,115880,116210
17509,77,144,117320,119430,118820,118840,119130
17510,77,144,131490,133600,132990,133010,133300
17511,77,145,93810,95940,95310,95330,95640
17512,77,145,94980,96940,96480,96500,96640
17513,77,145,115250,117350,116750,116770,117050
17514,77,145,132810,134810,134310,134330,134510
17515,77,145,136910,138910,138410,138430,138610
17516,77,145,152180,154180,153680,153700,153880
17517,77,145,173540,175550,175040,175060,175250
17518,77,177,58360,60200,59860,59880,59900
17519,77,182,87590,89490,89090,89110,89190
17520,77,182,94680,96520,96180,96200,96220
17521,77,182,95220,97290,96720,96740,96990
17522,77,182,95740,97580,97240,97260,97280
17523,77,182,96440,98280,97940,97960,97980
17524,77,182,97630,99540,99130,99150,99240
17525,77,182,98130,100000,99630,99650,99700
17526,77,183,139450,141280,140950,140970,140980
17527,77,183,145630,147630,147130,147150,147330
17528,77,185,44800,46640,46300,46320,46340
17529,77,188,31150,33160,32650,32670,32860
17530,77,188,96470,98470,97970,97990,98170
17531,77,188,99430,101260,100930,100950,100960
17532,77,190,176980,178980,178480,178500,178680
17533,77,191,97840,99850,99340,99360,99550
17534,77,203,137000,138900,138500,138520,138600
17535,77,203,148800,150910,150300,150320,150610
17536,77,203,173330,175340,174830,174860,175040
17537,77,203,186170,188270,187670,187690,187970
17538,77,207,396650,398750,398150,398170,398450
17539,77,262,42740,44660,44240,44260,44360
17540,77,271,69670,71510,71170,71190,71210
17541,77,295,51180,53180,52680,52700,52880
17542,77,295,57190,59190,58690,58710,58890
17543,77,295,59130,60970,60630,60650,60670
17544,77,295,86640,88640,88140,88160,88340
17545,77,295,88570,90570,90070,90090,90270
17546,77,295,94330,96330,95830,95850,96030
17547,77,295,96040,98040,97540,97560,97740
17548,77,295,98990,100990,100490,100510,100690
17549,77,295,99490,101360,100990,101010,101060
17550,77,295,102280,104280,103780,103800,103980
17551,77,295,147900,149930,149400,149430,149630
17552,77,295,185070,187080,186570,186590,186780
17553,77,295,189810,191810,191310,191330,191510
17554,77,295,191600,193560,193100,193120,193260
17555,77,295,193610,195640,195110,195130,195340
17556,78,1,65170,67180,66670,66690,66880
17557,78,1,74370,76380,75870,75890,76080
17558,78,1,106740,108740,108240,108260,108440
17559,78,1,108710,110720,110210,110230,110420
17560,78,1,113740,115650,115240,115260,115350
17561,78,1,128080,130080,129580,129600,129780
17562,78,1,131050,133050,132550,132570,132750
17563,78,1,140910,142920,142410,142430,142620
17564,78,1,142920,144920,144420,144440,144620
17565,78,1,164630,166630,166130,166150,166330
17566,78,1,167490,169410,168990,169010,169110
17567,78,1,169180,171300,170680,170700,171000
17568,78,1,173810,175800,175310,175330,175500
17569,78,1,185690,187700,187190,187210,187400
17570,78,6,161510,163360,163010,163030,163060
17571,78,6,164970,166970,166470,166490,166670
17572,78,6,179780,181640,181280,181310,181340
17573,78,7,40870,42870,42370,42390,42570
17574,78,7,43570,45440,45070,45090,45140
17575,78,7,58900,60940,60400,60420,60640
17576,78,7,63980,65990,65480,65500,65690
17577,78,12,38490,40500,39990,40010,40200
17578,78,12,38520,47290,40020,46980,46990
17579,78,12,45490,47350,46990,47010,47050
17580,78,12,50230,52150,51730,51750,51850
17581,78,12,80790,82750,82290,82320,82450
17582,78,12,85320,87340,86820,86840,87040
17583,78,12,110480,112480,111980,112000,112180
17584,78,12,135680,137600,137180,137200,137300
17585,78,12,139610,141440,141110,141130,141140
17586,78,13,25110,27110,26610,26630,26810
17587,78,13,27970,29920,29470,29490,29620
17588,78,13,38910,40910,40410,40430,40610
17589,78,13,50130,52070,51630,51650,51770
17590,78,14,62760,64950,64260,64280,64650
17591,78,14,66130,68130,67630,67650,67830
17592,78,14,67800,69810,69300,69320,69510
17593,78,14,72280,74280,73780,73800,73980
17594,78,14,168590,170550,170090,170110,170250
17595,78,14,190450,192460,191950,191970,192160
17596,78,14,239800,241880,241300,241330,241580
17597,78,14,264640,266610,266140,266160,266310
17598,78,15,156210,158210,157710,157730,157910
17599,78,15,156240,158520,157740,158210,158220
17600,78,15,156720,158730,158220,158240,158430
17601,78,15,164050,165990,165550,165570,165690
17602,78,16,43750,45860,45250,45270,45560
17603,78,35,68770,70610,70270,70290,70310
17604,78,35,75540,77600,77040,77060,77300
17605,78,35,92870,94730,94370,94390,94430
17606,78,35,143430,145430,144930,144950,145130
17607,78,36,38800,41020,40300,40320,40720
17608,78,36,122060,124190,123560,123580,123890
17609,78,36,122980,125010,124480,124500,124710
17610,78,38,42060,44060,43560,43580,43760
17611,78,38,42090,45960,43590,45650,45660
17612,78,38,44160,46170,45660,45680,45870
17613,78,38,46700,48700,48200,48220,48400
17614,78,38,49590,51590,51090,51110,51290
17615,78,38,85280,87170,86780,86800,86870
17616,78,39,50750,52790,52250,52270,52490
17617,78,39,56070,58070,57570,57590,57770
17618,78,39,67000,68860,68500,68520,68560
17619,78,39,80470,82380,81970,81990,82080
17620,78,39,85440,87530,86940,86960,87230
17621,78,39,88820,90800,90320,90340,90500
17622,78,41,13570,15570,15070,15090,15270
17623,78,41,32690,34540,34190,34210,34240
17624,78,41,45260,47190,46760,46780,46890
17625,78,50,28170,30290,29670,29690,29990
17626,78,50,29530,31540,31030,31050,31240
17627,78,51,118490,120490,119990,120010,120190
17628,78,51,147480,149310,148980,149000,149010
17629,78,51,199720,201680,201220,201240,201380
17630,78,51,200940,202950,202440,202460,202650
17631,78,51,217710,219680,219210,219230,219380
17632,78,51,223890,225890,225390,225410,225590
17633,78,51,230460,232470,231960,231990,232170
17634,78,52,155500,157500,157000,157020,157200
17635,78,52,164250,166160,165750,165770,165860
17636,78,52,202370,204370,203870,203890,204070
17637,78,52,207830,209690,209330,209350,209390
17638,78,53,20340,22340,21840,21860,22040
17639,78,60,384840,386900,386340,386360,386600
17640,78,60,393960,396140,395460,395490,395840
17641,78,60,453180,455180,454680,454700,454880
17642,78,60,453210,455480,454710,455170,455180
17643,78,60,453680,455680,455180,455200,455380
17644,78,60,498750,500590,500250,500270,500290
17645,78,61,71700,73810,73200,73220,73510
17646,78,61,76520,78640,78020,78040,78340
17647,78,61,87160,89170,88660,88680,88870
17648,78,61,117870,119710,119370,119390,119410
17649,78,61,170730,172650,172230,172250,172350
17650,78,65,68410,70260,69910,69930,69960
17651,78,65,72140,74080,73640,73660,73780
17652,78,65,89640,91640,91140,91160,91340
17653,78,72,98820,100740,100320,100340,100440
17654,78,72,138610,140450,140110,140130,140150
17655,78,73,57860,59860,59360,59380,59560
17656,78,73,73630,75630,75130,75150,75330
17657,78,74,32540,34680,34040,34060,34380
17658,78,90,51510,53660,53010,53030,53360
17659,78,95,118620,120530,120120,120140,120230
17660,78,95,118650,120920,120150,120610,120620
17661,78,95,119120,120970,120620,120640,120670
17662,78,96,7840,9960,9340,9360,9660
17663,78,96,19800,21810,21300,21320,21510
17664,78,96,100910,102900,102410,102430,102600
17665,78,107,47520,49720,49020,49040,49420
17666,78,108,39610,41550,41110,41130,41250
17667,78,138,40140,42140,41640,41660,41840
17668,78,138,83200,85050,84700,84730,84750
17669,78,140,42600,44510,44100,44120,44210
17670,78,144,29910,32000,31410,31430,31700
17671,78,144,34470,36410,35970,35990,36110
17672,78,156,36010,37950,37510,37530,37650
17673,78,170,30230,32430,31730,31750,32130
17674,78,182,18960,20970,20460,20480,20670
17675,78,189,114890,116770,116390,116410,116470
17676,78,189,123730,125850,125230,125250,125550
17677,78,189,128310,130310,129810,129830,130010
17678,78,189,131160,133240,132660,132680,132940
17679,78,189,138330,140330,139830,139850,140030
17680,78,191,34200,36030,35700,35720,35730
17681,78,191,35770,37770,37270,37290,37470
17682,78,196,13720,15830,15220,15240,15530
17683,78,201,32680,34690,34180,34200,34390
17684,78,201,34460,36430,35960,35990,36130
17685,78,204,30320,32320,31820,31840,32020
17686,78,205,31200,33270,32700,32720,32970
17687,78,205,32720,34730,34220,34240,34430
17688,78,205,35980,37950,37480,37500,37650
17689,78,207,34960,36800,36460,36480,36500
17690,78,210,33660,35600,35160,35180,35300
17691,78,210,37740,39750,39240,39260,39450
17692,78,212,30870,32880,32370,32390,32580
17693,78,223,46350,48200,47850,47870,47900
17694,78,225,175040,177040,176540,176560,176740
17695,78,225,185610,187450,187110,187130,187150
17696,78,225,185640,189700,187140,189390,189400
17697,78,225,187900,189790,189400,189420,189490
17698,78,230,36600,38600,38100,38120,38300
17699,78,247,36380,38380,37880,37900,38080
17700,78,251,103420,105430,104920,104940,105130
17701,78,251,143440,145520,144940,144960,145220
17702,78,251,145960,147960,147460,147480,147660
17703,78,251,157770,159690,159270,159290,159390
17704,78,251,187880,189960,189380,189400,189660
17705,78,251,209690,211790,211190,211210,211490
17706,78,251,262140,264140,263640,263660,263840
17707,78,251,263320,265320,264820,264840,265020
17708,79,1,39610,41540,41110,41130,41240
17709,79,1,43180,45180,44680,44700,44880
17710,79,1,44570,46490,46070,46090,46190
17711,79,112,35310,37320,36810,36840,37020
17712,79,112,36400,38420,37900,37920,38120
17713,79,118,16280,18290,17780,17800,17990
17714,79,118,16780,18880,18280,18300,18580
17715,79,160,80670,82630,82170,82190,82330
17716,79,160,111650,113650,113150,113170,113350
17717,79,160,115010,117010,116510,116530,116710
17718,79,161,43670,45670,45170,45190,45370
17719,79,161,45850,47680,47350,47370,47380
17720,79,161,61430,63430,62930,62950,63130
17721,79,161,65440,67360,66940,66960,67060
17722,79,166,97000,99010,98500,98520,98710
17723,79,166,111360,113360,112860,112880,113060
17724,79,166,111860,113760,113360,113380,113460
17725,79,167,77820,79830,79320,79340,79530
17726,79,167,79980,81990,81480,81500,81690
17727,79,167,93480,95480,94980,95000,95180
17728,79,185,87750,89760,89250,89270,89460
17729,79,185,90120,92230,91620,91640,91930
17730,79,185,108160,110160,109660,109680,109860
17731,79,185,111280,113150,112780,112800,112850
17732,79,194,79790,81790,81290,81310,81490
17733,79,194,82880,84760,84380,84400,84460
17734,79,194,84760,86650,86260,86280,86350
17735,79,194,104950,106950,106450,106470,106650
17736,80,4,385050,387050,386550,386570,386750
17737,80,4,417980,419970,419480,419500,419670
17738,80,4,423890,425880,425390,425410,425580
17739,80,4,424390,426220,425890,425910,425920
17740,80,7,65630,67610,67130,67150,67310
17741,80,7,97320,99330,98820,98840,99030
17742,80,7,98260,100330,99760,99780,100030
17743,80,39,66710,68710,68210,68230,68410
17744,80,39,74850,76810,76350,76370,76510
17745,80,40,40070,42070,41570,41590,41770
17746,80,40,51850,53820,53350,53370,53520
17747,80,40,63700,65790,65200,65220,65490
17748,80,53,200440,202440,201940,201960,202140
17749,80,53,226010,228010,227510,227530,227710
17750,80,53,274990,276820,276490,276510,276520
17751,80,53,319300,321300,320800,320820,321000
17752,80,53,321340,323340,322840,322860,323040
17753,80,53,321370,391900,322870,391590,391600
17754,80,53,390100,392050,391600,391620,391750
17755,80,54,123200,125150,124700,124720,124850
17756,80,54,124420,126350,125920,125940,126050
17757,80,54,141680,143680,143180,143200,143380
17758,80,54,153090,155200,154590,154610,154900
17759,80,54,157500,159510,159000,159020,159210
17760,80,54,255930,257880,257430,257450,257580
17761,80,64,112810,114810,114310,114330,114510
17762,80,64,121600,123430,123100,123120,123130
17763,80,64,131660,133500,133160,133180,133200
17764,80,64,133680,135720,135180,135200,135420
17765,80,64,201840,203970,203340,203360,203670
17766,80,65,30220,32350,31720,31740,32050
17767,80,65,113280,115280,114780,114800,114980
17768,80,65,146170,148180,147670,147690,147880
17769,80,65,155100,157210,156600,156620,156910
17770,80,65,171650,173650,173150,173170,173350
17771,80,65,184160,186160,185660,185680,185860
17772,80,65,188680,190640,190180,190200,190340
17773,80,65,190340,192380,191840,191860,192080
17774,80,65,197640,199680,199140,199160,199380
17775,80,65,237950,239920,239450,239470,239620
17776,80,65,249870,251880,251370,251390,251580
17777,80,65,251430,253430,252930,252950,253130
17778,80,67,208560,210650,210060,210080,210350
17779,80,68,17430,19440,18930,18950,19140
17780,80,68,17930,19820,19430,19450,19520
17781,80,68,38300,40160,39800,39820,39860
17782,80,71,245030,247020,246530,246550,246720
17783,80,71,246600,248580,248100,248120,248280
17784,80,71,249960,251960,251460,251480,251660
17785,80,71,334890,336720,336390,336410,336420
17786,80,71,350570,352610,352070,352090,352310
17787,80,71,432530,434610,434030,434050,434310
17788,80,72,83430,85430,84930,84950,85130
17789,80,72,88090,90060,89590,89610,89760
17790,80,73,106820,108820,108320,108340,108520
17791,80,73,117570,119540,119070,119090,119240
17792,80,73,142300,144300,143800,143820,144000
17793,80,73,143490,145420,144990,145010,145120
17794,80,74,25820,27820,27320,27340,27520
17795,80,74,48660,50660,50160,50180,50360
17796,80,78,156820,158830,158320,158340,158530
17797,80,78,158540,160480,160040,160060,160180
17798,80,81,107330,109330,108830,108850,109030
17799,80,81,108650,110610,110150,110170,110310
17800,80,82,31010,33010,32510,32530,32710
17801,80,82,34350,36350,35850,35870,36050
17802,80,98,85090,87090,86590,86620,86790
17803,80,99,22080,23940,23580,23600,23640
17804,80,105,62640,64470,64140,64160,64170
17805,80,113,85970,87950,87470,87490,87650
17806,80,113,127520,129500,129020,129040,129200
17807,80,136,201510,203400,203010,203030,203100
17808,80,136,204860,206790,206360,206380,206490
17809,80,136,292180,294150,293680,293700,293850
17810,81,1,28220,30210,29720,29740,29910
17811,81,1,33350,35360,34850,34880,35060
17812,81,1,53510,55520,55010,55030,55220
17813,81,1,77760,79760,79260,79280,79460
17814,81,9,84950,86950,86450,86470,86650
17815,81,9,88750,90750,90250,90270,90450
17816,81,9,92510,94510,94010,94030,94210
17817,81,12,182830,184830,184330,184350,184530
17818,81,12,192350,194350,193850,193870,194050
17819,81,16,70250,72250,71750,71770,71950
17820,81,16,74630,76640,76130,76150,76340
17821,81,16,93290,95140,94790,94810,94840
17822,81,29,100940,102870,102440,102460,102570
17823,81,29,187200,189170,188700,188720,188870
17824,81,29,197510,199520,199010,199030,199220
17825,81,34,62810,64780,64310,64340,64480
17826,81,35,41550,43560,43050,43070,43260
17827,81,35,43550,45480,45050,45070,45180
17828,81,36,98880,100880,100380,100400,100580
17829,81,40,92900,94810,94400,94420,94510
17830,81,40,103940,105940,105440,105460,105640
17831,81,40,112570,114570,114070,114090,114270
17832,81,40,115980,117990,117480,117500,117690
17833,81,41,53260,55260,54760,54780,54960
17834,81,41,56790,58730,58290,58310,58430
17835,81,45,33140,35150,34640,34660,34850
17836,81,45,53430,55510,54930,54950,55210
17837,81,45,68110,70110,69610,69630,69810
17838,81,45,115110,117110,116610,116630,116810
17839,81,45,118040,120040,119540,119560,119740
17840,81,45,124100,126020,125600,125620,125720
17841,81,48,114170,116170,115670,115690,115870
17842,81,48,136690,138740,138190,138210,138440
17843,81,48,147990,149990,149490,149510,149690
17844,81,48,178530,180530,180030,180050,180230
17845,81,48,205990,208000,207490,207510,207700
17846,81,48,214610,216610,216110,216130,216310
17847,81,52,71970,73910,73470,73490,73610
17848,81,52,77320,79320,78820,78840,79020
17849,81,54,109060,111070,110560,110580,110770
17850,81,54,117450,119520,118950,118970,119220
17851,81,54,121250,123250,122750,122770,122950
17852,81,54,134640,136640,136140,136160,136340
17853,81,54,135600,137470,137100,137120,137170
17854,81,54,194150,196100,195650,195670,195800
17855,81,54,202430,204400,203930,203950,204100
17856,81,54,206050,208060,207550,207580,207760
17857,81,54,217720,219690,219220,219240,219390
17858,81,54,219250,221140,220750,220770,220840
17859,81,55,44960,47080,46460,46480,46780
17860,81,55,106370,108380,107870,107890,108080
17861,81,55,112040,114040,113540,113560,113740
17862,81,56,77800,79660,79300,79320,79360
17863,81,59,32480,34470,33980,34000,34170
17864,81,59,59400,61410,60900,60920,61110
17865,81,59,111960,114080,113460,113480,113780
17866,81,59,114130,116120,115630,115650,115820
17867,81,70,162920,164920,164420,164440,164620
17868,81,70,177120,178950,178620,178640,178650
17869,81,79,34960,36990,36460,36480,36690
17870,81,79,35460,37310,36960,36980,37010
17871,81,79,35490,42640,36990,42330,42340
17872,81,79,40840,42840,42340,42360,42540
17873,81,81,297940,299800,299440,299460,299500
17874,81,81,300150,302000,301650,301670,301700
17875,81,82,44880,46890,46380,46400,46590
17876,81,82,66750,68750,68250,68270,68450
17877,81,82,77900,79770,79400,79420,79470
17878,81,82,81120,83120,82620,82640,82820
17879,81,82,81150,89720,82650,89410,89420
17880,81,82,87920,89830,89420,89450,89530
17881,81,82,89140,91090,90640,90660,90790
17882,81,82,111860,113730,113360,113380,113430
17883,81,85,41660,43750,43160,43180,43450
17884,81,86,15000,17000,16500,16520,16700
17885,81,86,18240,20250,19740,19760,19950
17886,81,91,139590,141540,141090,141110,141240
17887,81,91,153280,155290,154780,154800,154990
17888,81,91,161530,163530,163030,163050,163230
17889,81,91,182290,184260,183790,183810,183960
17890,81,91,185040,187040,186540,186560,186740
17891,81,91,223130,225080,224630,224650,224780
17892,81,91,224520,226460,226020,226040,226160
17893,81,92,20890,22890,22390,22410,22590
17894,81,92,64780,66700,66280,66300,66400
17895,81,92,66840,68850,68340,68360,68550
17896,81,92,76620,78630,78120,78140,78330
17897,81,92,80030,82030,81530,81550,81730
17898,81,92,91550,93560,93050,93070,93260
17899,81,92,121450,123410,122950,122970,123110
17900,81,92,143700,145700,145200,145220,145400
17901,81,92,149090,151000,150590,150610,150700
17902,81,96,79000,80890,80500,80520,80590
17903,81,96,125610,127700,127110,127130,127400
17904,81,99,97780,99630,99280,99300,99330
17905,81,99,100610,102500,102110,102130,102200
17906,81,99,103070,105080,104570,104590,104780
17907,81,99,193170,195170,194670,194690,194870
17908,81,99,197880,199780,199380,199400,199480
17909,81,99,229500,231640,231000,231020,231340
17910,81,104,266910,268910,268410,268430,268610
17911,81,104,271380,273320,272880,272900,273020
17912,81,104,274700,276600,276200,276220,276300
17913,81,104,299690,301690,301190,301210,301390
17914,81,104,310090,312050,311590,311610,311750
17915,81,104,315770,317770,317270,317290,317470
17916,81,104,371520,373520,373020,373040,373220
17917,81,110,83470,85470,84970,84990,85170
17918,81,110,99030,101050,100530,100550,100750
17919,81,110,109950,111960,111450,111470,111660
17920,81,110,114240,116230,115740,115760,115930
17921,81,113,120800,122770,122300,122320,122470
17922,81,113,140880,142770,142380,142400,142470
17923,81,117,40220,42210,41720,41740,41910
17924,81,117,90910,92840,92410,92430,92540
17925,81,138,38930,40760,40430,40450,40460
17926,81,138,100470,102440,101970,101990,102140
17927,81,138,123210,125220,124710,124730,124920
17928,81,138,126530,128460,128030,128050,128160
17929,81,138,127810,129810,129310,129330,129510
17930,81,142,12370,14380,13870,13890,14080
17931,81,142,13740,15740,15240,15260,15440
17932,81,142,16380,18390,17880,17900,18090
17933,81,147,128640,130500,130140,130160,130200
17934,81,147,195400,197400,196900,196920,197100
17935,81,147,217340,219340,218840,218860,219040
17936,81,147,232280,234280,233780,233800,233980
17937,81,147,236180,238180,237680,237700,237880
17938,81,152,84130,85990,85630,85650,85690
17939,81,152,90430,92430,91930,91950,92130
17940,81,152,92360,94290,93860,93880,93990
17941,81,152,116920,118750,118420,118440,118450
17942,81,153,48340,50340,49840,49860,50040
17943,81,153,49120,51130,50620,50640,50830
17944,81,153,50420,52420,51920,51940,52120
17945,81,153,51510,53610,53010,53030,53310
17946,81,162,174770,176970,176270,176290,176670
17947,81,162,174800,183320,176300,183010,183020
17948,81,162,181520,183520,183020,183040,183220
17949,81,163,87260,89120,88760,88780,88820
17950,81,163,95800,97810,97300,97330,97510
17951,81,163,96960,99080,98460,98480,98780
17952,81,163,99040,101040,100540,100560,100740
17953,81,164,6950,9070,8450,8470,8770
17954,81,164,14870,16870,16370,16390,16570
17955,81,164,15960,18070,17460,17480,17770
17956,81,167,81120,83020,82620,82640,82720
17957,81,167,83440,85290,84940,84960,84990
17958,81,173,103370,105350,104870,104890,105050
17959,81,173,103870,105760,105370,105390,105460
17960,81,174,66530,68600,68030,68050,68300
17961,81,174,77240,79240,78740,78760,78940
17962,81,174,109250,111230,110750,110770,110930
17963,81,174,122970,124910,124470,124490,124610
17964,81,176,30620,32450,32120,32140,32150
17965,81,180,88910,90890,90410,90430,90590
17966,81,180,152730,154730,154230,154250,154430
17967,81,180,173790,175690,175290,175310,175390
17968,81,180,179670,181610,181170,181190,181310
17969,81,180,187290,189300,188790,188810,189000
17970,81,180,209630,211630,211130,211150,211330
17971,81,184,122340,124280,123840,123860,123980
17972,81,184,131280,133190,132780,132800,132890
17973,81,184,139210,141130,140710,140730,140830
17974,81,184,143640,145620,145140,145160,145320
17975,81,184,144730,146740,146230,146250,146440
17976,81,184,148500,150450,150000,150020,150150
17977,81,184,185480,187480,186980,187000,187180
17978,81,184,188370,190270,189870,189890,189970
17979,81,188,53840,55850,55340,55360,55550
17980,81,188,79250,81230,80750,80770,80930
17981,81,194,118440,120380,119940,119960,120080
17982,81,194,120030,122140,121530,121550,121840
17983,81,194,128700,130700,130200,130220,130400
17984,81,194,142780,144750,144280,144300,144450
17985,81,194,147380,149380,148880,148900,149080
17986,81,194,169660,171630,171160,171180,171330
17987,81,194,177610,179610,179110,179130,179310
17988,81,194,181900,183900,183400,183420,183600
17989,81,195,60060,61890,61560,61580,61590
17990,81,195,72620,74520,74120,74140,74220
17991,81,195,77820,79750,79320,79340,79450
17992,81,195,92890,94900,94390,94410,94600
17993,81,195,105230,107220,106730,106750,106920
17994,81,201,105170,107140,106670,106690,106840
17995,81,201,116410,118550,117910,117930,118250
17996,81,201,118500,120380,120000,120020,120080
17997,81,201,186550,188530,188050,188070,188230
17998,81,201,212410,214340,213910,213930,214040
17999,81,201,218950,220820,220450,220470,220520
18000,81,201,228610,230470,230110,230130,230170
18001,81,206,51300,53260,52800,52820,52960
18002,81,206,64190,66130,65690,65710,65830
18003,81,206,93150,95250,94650,94670,94950
18004,81,209,122850,124790,124350,124370,124490
18005,81,209,232890,234890,234390,234410,234590
18006,81,215,23600,25600,25100,25120,25300
18007,81,215,31220,33230,32720,32740,32930
18008,81,215,64370,66210,65870,65890,65910
18009,81,215,83900,85900,85400,85420,85600
18010,81,215,97520,99580,99020,99040,99280
18011,81,215,100040,101960,101540,101560,101660
18012,81,218,17010,18860,18510,18530,18560
18013,81,218,25860,27730,27360,27380,27430
18014,81,218,29520,31430,31020,31040,31130
18015,81,218,63280,65280,64780,64800,64980
18016,81,218,67780,69780,69280,69300,69480
18017,81,220,17480,19490,18980,19000,19190
18018,81,220,24110,26120,25610,25630,25820
18019,81,222,25900,27910,27400,27420,27610
18020,81,222,37490,39490,38990,39010,39190
18021,81,222,53370,55380,54870,54890,55080
18022,81,222,81110,83110,82610,82630,82810
18023,81,227,52050,54050,53550,53570,53750
18024,81,227,68560,70520,70060,70080,70220
18025,81,227,73650,75660,75150,75170,75360
18026,81,227,108000,109930,109500,109520,109630
18027,81,227,114080,115990,115580,115610,115690
18028,81,227,123620,125740,125120,125140,125440
18029,81,227,128240,130250,129740,129770,129950
18030,81,227,184840,186680,186340,186360,186380
18031,81,227,185440,187440,186940,186960,187140
18032,81,227,187480,189360,188980,189000,189060
18033,81,227,190800,192730,192300,192320,192430
18034,81,227,207890,209900,209390,209410,209600
18035,81,229,82100,84100,83600,83620,83800
18036,81,229,94650,96650,96150,96170,96350
18037,81,229,122280,124280,123780,123800,123980
18038,81,229,122310,179360,123810,179050,179060
18039,81,229,177560,179560,179060,179080,179260
18040,81,229,190320,192330,191820,191840,192030
18041,81,230,57640,59710,59140,59160,59410
18042,81,234,95600,97500,97100,97120,97200
18043,81,234,99480,101460,100980,101000,101160
18044,81,234,150930,152930,152430,152450,152630
18045,81,234,155750,157730,157250,157270,157430
18046,81,235,31770,33770,33270,33290,33470
18047,81,235,83690,85810,85190,85210,85510
18048,81,235,92800,94810,94300,94320,94510
18049,81,237,75300,77300,76800,76820,77000
18050,81,237,76660,78780,78160,78180,78480
18051,81,237,82730,84730,84230,84250,84430
18052,81,237,90490,92490,91990,92010,92190
18053,81,237,94340,96410,95840,95860,96110
18054,81,237,105980,107980,107480,107500,107680
18055,81,237,107460,109460,108960,108980,109160
18056,81,239,76930,78860,78430,78450,78560
18057,81,239,79780,81780,81280,81300,81480
18058,81,239,92140,94150,93640,93660,93850
18059,81,239,98250,100110,99750,99770,99810
18060,81,239,109520,111520,111020,111040,111220
18061,81,239,117600,119460,119100,119120,119160
18062,81,239,119720,121750,121220,121240,121450
18063,81,239,121840,123700,123340,123360,123400
18064,81,239,122550,124560,124050,124070,124260
18065,81,244,37220,39220,38720,38740,38920
18066,81,244,58760,60760,60260,60280,60460
18067,81,245,46050,48050,47550,47570,47750
18068,81,245,56490,58490,57990,58010,58190
18069,81,253,32220,34220,33720,33740,33920
18070,81,253,74120,76100,75620,75640,75800
18071,81,253,81500,83510,83000,83020,83210
18072,81,253,90000,91960,91500,91520,91660
18073,81,253,121730,123790,123230,123250,123490
18074,81,255,160690,162730,162190,162210,162430
18075,81,255,186690,188700,188190,188210,188400
18076,81,255,196830,198840,198330,198350,198540
18077,82,2,23160,25100,24660,24680,24800
18078,82,2,117340,119350,118840,118860,119050
18079,82,2,204050,206060,205550,205570,205760
18080,82,2,328080,330170,329580,329600,329870
18081,82,2,333580,335580,335080,335100,335280
18082,82,5,65620,67620,67120,67140,67320
18083,82,5,186400,188480,187900,187920,188180
18084,82,21,95890,97890,97390,97410,97590
18085,82,21,115140,117140,116640,116660,116840
18086,82,28,122390,124390,123890,123910,124090
18087,82,35,112920,114750,114420,114440,114450
18088,82,35,126800,128650,128300,128320,128350
18089,82,54,68310,70270,69810,69830,69970
18090,82,54,76310,78320,77810,77830,78020
18091,82,54,110230,112240,111730,111750,111940
18092,82,54,114020,116130,115520,115540,115830
18093,82,57,32730,34730,34230,34250,34430
18094,82,57,60610,62680,62110,62130,62380
18095,82,57,62980,64960,64480,64500,64660
18096,82,57,67480,69480,68980,69000,69180
18097,82,60,92120,94110,93620,93640,93810
18098,82,60,94860,96870,96360,96380,96570
18099,82,60,112770,114790,114270,114290,114490
18100,82,60,120720,122720,122220,122240,122420
18101,82,73,20950,22960,22450,22470,22660
18102,82,73,73800,75810,75300,75320,75510
18103,82,80,117450,119460,118950,118970,119160
18104,82,80,118560,120500,120060,120080,120200
18105,82,82,197450,199450,198950,198970,199150
18106,82,83,125700,127710,127200,127220,127410
18107,82,83,127310,129250,128810,128830,128950
18108,82,83,140460,142570,141960,141980,142270
18109,82,101,119980,121980,121480,121500,121680
18110,82,101,131310,133310,132810,132830,133010
18111,82,101,135450,137560,136950,136970,137260
18112,82,106,97740,99840,99240,99260,99540
18113,82,106,124950,126950,126450,126470,126650
18114,82,115,132180,134170,133680,133700,133870
18115,82,116,110220,112050,111720,111740,111750
18116,82,116,111710,113710,113210,113230,113410
18117,82,116,116260,118270,117760,117780,117970
18118,82,116,127020,129020,128520,128540,128720
18119,82,116,130320,132320,131820,131840,132020
18120,82,116,132850,134800,134350,134370,134500
18121,82,116,147400,149240,148900,148920,148940
18122,82,117,35560,37550,37060,37080,37250
18123,82,117,64610,66610,66110,66130,66310
18124,82,118,45280,47270,46780,46800,46970
18125,82,118,72670,74770,74170,74190,74470
18126,82,118,73940,76040,75440,75460,75740
18127,82,126,107120,109120,108620,108640,108820
18128,82,127,103230,105230,104730,104750,104930
18129,82,127,123610,125720,125110,125130,125420
18130,82,128,104900,106750,106400,106420,106450
18131,82,133,87800,89800,89300,89320,89500
18132,82,142,92450,94430,93950,93970,94130
18133,82,142,97240,99250,98740,98760,98950
18134,82,142,103280,105280,104780,104800,104980
18135,82,142,119360,121460,120860,120880,121160
18136,82,148,103510,105520,105010,105030,105220
18137,82,148,124290,126260,125790,125810,125960
18138,82,149,114160,116050,115660,115680,115750
18139,82,150,87050,88970,88550,88570,88670
18140,82,154,84760,86760,86260,86280,86460
18141,82,154,112430,114360,113930,113950,114060
18142,82,155,76590,78590,78090,78110,78290
18143,82,155,80860,82960,82360,82380,82660
18144,82,155,83730,85670,85230,85250,85370
18145,82,155,93180,95170,94680,94700,94870
18146,82,155,94240,96240,95740,95760,95940
18147,82,155,97210,99160,98710,98730,98860
18148,82,156,121860,123820,123360,123380,123520
18149,82,162,128420,130300,129920,129940,130000
18150,82,163,88390,90390,89890,89910,90090
18151,82,163,89330,91360,90830,90850,91060
18152,82,163,110070,111990,111570,111590,111690
18153,82,166,112990,114990,114490,114510,114690
18154,82,171,237810,239740,239310,239330,239440
18155,82,180,105240,107140,106740,106760,106840
18156,82,180,116390,118390,117890,117910,118090
18157,82,180,134850,136850,136350,136370,136550
18158,82,183,254480,256480,255980,256000,256180
18159,82,183,271300,273270,272800,272820,272970
18160,82,183,290370,292380,291870,291890,292080
18161,82,183,291220,293250,292720,292740,292950
18162,82,183,297260,299260,298760,298780,298960
18163,82,183,307860,309810,309360,309380,309510
18164,82,183,310140,312140,311640,311660,311840
18165,82,183,312180,314120,313680,313710,313820
18166,82,183,315590,317700,317090,317110,317400
18167,82,183,317770,319730,319270,319290,319430
18168,82,183,323700,325710,325200,325220,325410
18169,82,183,325130,327110,326630,326650,326810
18170,82,183,335790,337690,337290,337310,337390
18171,82,183,381620,383530,383120,383140,383230
18172,82,183,401810,403810,403310,403330,403510
18173,82,183,426640,428540,428140,428170,428240
18174,83,1,48560,50640,50060,50080,50340
18175,83,1,92220,94120,93720,93740,93820
18176,83,1,121850,123930,123350,123370,123630
18177,83,1,124070,126070,125570,125590,125770
18178,83,1,125470,127480,126970,126990,127180
18179,83,1,135770,137670,137270,137290,137370
18180,83,1,154510,156520,156010,156030,156220
18181,83,1,158420,160420,159920,159940,160120
18182,83,1,163530,165530,165030,165050,165230
18183,83,1,164980,166920,166480,166500,166620
18184,83,1,203090,205100,204590,204620,204800
18185,83,1,217300,219300,218800,218820,219000
18186,83,1,221710,223650,223210,223230,223350
18187,83,1,237620,239690,239120,239140,239390
18188,83,1,238570,240520,240070,240090,240220
18189,83,1,239850,242090,241350,241370,241790
18190,83,1,242320,244230,243820,243840,243930
18191,83,1,270180,272250,271680,271700,271950
18192,83,1,270990,272830,272490,272510,272530
18193,83,14,66380,68380,67880,67900,68080
18194,83,14,78540,80620,80040,80060,80320
18195,83,16,45010,47010,46510,46530,46710
18196,83,22,85670,87620,87170,87190,87320
18197,83,22,89770,91870,91270,91290,91570
18198,83,22,99410,101240,100910,100930,100940
18199,83,24,41780,43790,43280,43300,43490
18200,83,24,46050,48030,47550,47570,47730
18201,83,25,27710,29660,29210,29230,29360
18202,83,25,153100,155010,154600,154620,154710
18203,83,25,163660,165560,165160,165180,165260
18204,83,25,189310,191320,190810,190830,191020
18205,83,25,191700,193740,193200,193220,193440
18206,83,25,195710,197570,197210,197230,197270
18207,83,28,39190,41100,40690,40710,40800
18208,83,28,39220,41490,40720,41180,41190
18209,83,28,39690,41530,41190,41210,41230
18210,83,31,24360,26260,25860,25880,25960
18211,83,32,92820,94790,94320,94340,94490
18212,83,53,32230,34460,33730,33750,34160
18213,83,61,48830,50760,50330,50350,50460
18214,83,61,50000,51940,51500,51520,51640
18215,83,62,32260,34260,33760,33780,33960
18216,83,62,41520,43520,43020,43040,43220
18217,83,62,50630,52590,52130,52150,52290
18218,83,62,91650,93700,93150,93170,93400
18219,83,62,93370,95380,94870,94890,95080
18220,83,62,95110,97110,96610,96630,96810
18221,83,65,15120,17120,16620,16640,16820
18222,83,65,21700,23820,23200,23220,23520
18223,83,65,130950,132960,132450,132470,132660
18224,83,65,139110,141170,140610,140630,140870
18225,83,65,141680,143600,143180,143200,143300
18226,83,65,144960,147090,146460,146480,146790
18227,83,65,146310,148310,147810,147830,148010
18228,83,65,147660,149530,149160,149180,149230
18229,83,67,29680,31550,31180,31200,31250
18230,83,67,46800,48710,48300,48320,48410
18231,83,73,33930,35860,35430,35450,35560
18232,83,76,26160,28250,27660,27680,27950
18233,83,85,172500,174620,174000,174020,174320
18234,83,86,55990,58000,57490,57510,57700
18235,83,86,75090,77110,76590,76610,76810
18236,83,87,114510,116350,116010,116030,116050
18237,83,87,116940,118910,118440,118460,118610
18238,83,87,117670,119500,119170,119190,119200
18239,83,87,122820,124870,124320,124340,124570
18240,83,87,135000,137000,136500,136520,136700
18241,83,87,139900,141810,141400,141420,141510
18242,83,87,144250,146220,145750,145770,145920
18243,83,87,151320,153210,152820,152850,152910
18244,83,87,155230,157160,156730,156750,156860
18245,83,88,46650,48510,48150,48170,48210
18246,83,88,54440,56440,55940,55960,56140
18247,83,88,74060,76070,75560,75580,75770
18248,83,100,144380,146390,145880,145900,146090
18249,83,100,215590,217710,217090,217110,217410
18250,83,100,217640,219630,219140,219160,219330
18251,83,103,24890,26900,26390,26410,26600
18252,83,109,41710,43830,43210,43230,43530
18253,83,109,131500,133620,133000,133020,133320
18254,83,109,135290,137180,136790,136810,136880
18255,83,127,12530,14360,14030,14050,14060
18256,83,127,20910,22920,22410,22430,22620
18257,83,127,26070,28110,27570,27590,27810
18258,83,127,26970,28800,28470,28490,28500
18259,83,127,42160,44040,43660,43680,43740
18260,83,127,42840,44690,44340,44360,44390
18261,83,127,49610,51480,51110,51130,51180
18262,83,127,58830,60830,60330,60350,60530
18263,83,127,102040,104050,103540,103560,103750
18264,83,127,126320,128320,127820,127840,128020
18265,83,127,153120,155120,154620,154640,154820
18266,83,127,157880,159980,159380,159400,159680
18267,83,127,163050,165020,164550,164570,164720
18268,83,127,165910,167910,167410,167430,167610
18269,83,127,175500,177500,177000,177020,177200
18270,83,127,191390,193290,192890,192910,192990
18271,84,1,45120,47120,46620,46640,46820
18272,84,6,24500,26580,26000,26020,26280
18273,84,6,75110,77110,76610,76630,76810
18274,84,6,88020,90020,89520,89540,89720
18275,84,6,109340,111350,110840,110860,111050
18276,84,6,112330,114410,113830,113850,114110
18277,84,6,129980,131990,131480,131500,131690
18278,84,7,50580,52660,52080,52110,52360
18279,84,7,55010,56960,56510,56540,56660
18280,84,7,83150,85150,84650,84670,84850
18281,84,7,89810,91700,91310,91340,91400
18282,84,7,98300,100300,99800,99820,100000
18283,84,7,100930,102760,102430,102450,102460
18284,84,7,167810,169800,169310,169330,169500
18285,84,7,182530,184630,184030,184050,184330
18286,84,7,184370,186370,185870,185890,186070
18287,84,7,212820,215030,214320,214340,214730
18288,84,7,322940,324850,324440,324460,324550
18289,84,7,333740,335710,335240,335260,335410
18290,84,7,340900,342820,342400,342430,342520
18291,84,7,343100,345070,344600,344620,344770
18292,84,7,360910,362910,362410,362430,362610
18293,84,7,366830,368670,368330,368350,368370
18294,84,7,395310,397420,396810,396830,397120
18295,84,7,397970,399850,399470,399500,399550
18296,84,7,429360,431190,430860,430880,430890
18297,84,7,430930,433050,432430,432450,432750
18298,84,7,448180,450180,449680,449700,449880
18299,84,7,450690,452550,452190,452210,452250
18300,84,7,477880,479800,479380,479400,479500
18301,84,7,484140,486010,485640,485660,485710
18302,84,7,492920,495030,494420,494440,494730
18303,84,7,518880,520740,520380,520400,520440
18304,84,7,550140,552150,551640,551660,551850
18305,84,7,610430,612430,611930,611950,612130
18306,84,7,614770,616780,616270,616290,616480
18307,84,7,622200,624210,623700,623720,623910
18308,84,8,43850,46020,45350,45370,45720
18309,84,8,59330,61330,60830,60850,61030
18310,84,9,97460,99390,98960,98980,99090
18311,84,9,101150,103110,102650,102670,102810
18312,84,9,103790,105790,105290,105310,105490
18313,84,9,139150,141290,140650,140670,140990
18314,84,9,177190,179160,178690,178710,178860
18315,84,9,180830,182840,182330,182350,182540
18316,84,9,180860,182840,182360,182530,182540
18317,84,9,181040,182900,182540,182560,182600
18318,84,9,188030,190040,189530,189550,189740
18319,84,9,189850,191850,191350,191370,191550
18320,84,9,207700,209550,209200,209220,209250
18321,84,9,210330,212340,211830,211850,212040
18322,84,9,224110,226110,225610,225630,225810
18323,84,9,228680,230680,230180,230200,230380
18324,84,9,236690,238700,238190,238210,238400
18325,84,9,238970,240980,240470,240490,240680
18326,84,9,249600,251600,251100,251120,251300
18327,84,9,251470,253440,252970,252990,253140
18328,84,9,349320,351320,350820,350840,351020
18329,84,9,351920,353840,353420,353440,353540
18330,84,9,368730,370730,370230,370250,370430
18331,84,9,370060,372050,371560,371580,371750
18332,84,9,375530,377540,377030,377050,377240
18333,84,9,376820,379030,378320,378340,378730
18334,84,9,384400,386410,385900,385920,386110
18335,84,9,386350,388360,387850,387870,388060
18336,84,9,459310,461320,460810,460830,461020
18337,84,9,461800,463780,463300,463320,463480
18338,84,9,480440,482460,481940,481960,482160
18339,84,9,484500,486480,486000,486020,486180
18340,84,9,504640,506650,506140,506170,506350
18341,84,12,52570,54580,54070,54090,54280
18342,84,18,64270,66240,65770,65790,65940
18343,84,20,106270,108350,107770,107800,108050
18344,84,20,131820,133750,133320,133340,133450
18345,84,20,133220,135330,134720,134740,135030
18346,84,31,105620,107500,107120,107140,107200
18347,84,31,113580,115580,115080,115100,115280
18348,84,31,197980,199980,199480,199500,199680
18349,84,32,26240,28160,27740,27760,27860
18350,84,32,28060,29890,29560,29580,29590
18351,84,32,29880,31830,31380,31400,31530
18352,84,32,37270,39110,38770,38790,38810
18353,84,36,46380,48380,47880,47900,48080
18354,84,37,22180,24190,23680,23700,23890
18355,84,37,141100,142930,142600,142620,142630
18356,84,37,142490,144620,143990,144010,144320
18357,84,37,163760,165770,165260,165280,165470
18358,84,37,184830,186830,186330,186350,186530
18359,84,37,186440,188380,187940,187960,188080
18360,84,38,94040,96050,95540,95560,95750
18361,84,38,99520,101520,101020,101040,101220
18362,84,38,134320,136320,135820,135840,136020
18363,84,38,136970,138930,138470,138500,138630
18364,84,38,146260,148260,147760,147780,147960
18365,84,38,148210,150210,149710,149730,149910
18366,84,38,159040,161040,160540,160560,160740
18367,84,38,163170,165160,164670,164690,164860
18368,84,38,169980,171990,171480,171500,171690
18369,84,38,172190,174110,173690,173710,173810
18370,84,38,195980,197990,197480,197500,197690
18371,84,38,199560,201480,201060,201080,201180
18372,84,38,257980,259980,259480,259500,259680
18373,84,38,262920,265040,264420,264440,264740
18374,84,38,292310,294320,293810,293830,294020
18375,84,38,301760,303750,303260,303280,303450
18376,84,38,347060,349070,348560,348580,348770
18377,84,38,352760,354770,354260,354280,354470
18378,84,38,365840,367800,367340,367360,367500
18379,84,42,61740,63740,63240,63260,63440
18380,84,42,63330,65330,64830,64850,65030
18381,84,43,97910,99970,99410,99430,99670
18382,84,43,100230,102210,101730,101750,101910
18383,84,43,108860,110800,110360,110380,110500
18384,84,43,112660,114670,114160,114180,114370
18385,84,43,119410,121410,120910,120930,121110
18386,84,43,205640,207640,207140,207160,207340
18387,84,43,231100,233110,232600,232620,232810
18388,84,43,243710,245650,245210,245230,245350
18389,84,43,245430,247430,246930,246950,247130
18390,84,43,269730,271760,271230,271250,271460
18391,84,43,288360,290230,289860,289880,289930
18392,84,43,288390,291960,289890,291650,291660
18393,84,43,290160,292020,291660,291680,291720
18394,84,43,298440,300440,299940,299960,300140
18395,84,43,298470,302290,299970,301980,301990
18396,84,43,300490,302410,301990,302010,302110
18397,84,43,307320,309320,308820,308840,309020
18398,84,43,321230,323150,322730,322750,322850
18399,84,43,324030,325940,325530,325550,325640
18400,84,43,344860,346940,346360,346380,346640
18401,84,43,344890,348240,346390,347930,347940
18402,84,43,346440,348440,347940,347960,348140
18403,84,43,490120,492070,491620,491640,491770
18404,84,43,492220,494190,493720,493740,493890
18405,84,43,496110,498110,497610,497630,497810
18406,84,43,498410,500300,499910,499930,500000
18407,84,43,515850,517850,517350,517370,517550
18408,84,43,516950,519000,518450,518470,518700
18409,84,43,607110,609010,608610,608630,608710
18410,84,43,608450,610380,609950,609970,610080
18411,84,43,632080,634080,633580,633600,633780
18412,84,43,643980,645980,645480,645500,645680
18413,84,43,645530,647360,647030,647050,647060
18414,84,43,671520,673520,673020,673040,673220
18415,84,43,690140,692150,691640,691660,691850
18416,84,51,86880,88880,88380,88400,88580
18417,84,51,88160,90170,89660,89680,89870
18418,84,61,123670,125670,125170,125190,125370
18419,84,68,56990,58980,58490,58510,58680
18420,84,68,152910,154910,154410,154430,154610
18421,84,68,155620,157620,157120,157140,157320
18422,84,68,164510,166510,166010,166030,166210
18423,84,68,164540,166810,166040,166500,166510
18424,84,68,165010,166930,166510,166530,166630
18425,84,68,186700,188620,188200,188220,188320
18426,84,68,195550,197550,197050,197070,197250
18427,84,68,202870,204920,204370,204390,204620
18428,84,68,214440,216270,215940,215960,215970
18429,84,68,214470,218080,215970,217770,217780
18430,84,68,216280,218280,217780,217800,217980
18431,84,68,218980,220990,220480,220500,220690
18432,84,68,219010,224580,220510,224270,224280
18433,84,68,222780,224780,224280,224300,224480
18434,84,68,228270,230270,229770,229790,229970
18435,84,68,230120,232070,231620,231640,231770
18436,84,68,240790,242900,242290,242310,242600
18437,84,68,244230,246230,245730,245750,245930
18438,84,68,245680,247680,247180,247200,247380
18439,84,68,267280,269250,268780,268800,268950
18440,84,68,281510,283520,283010,283030,283220
18441,84,68,283710,285700,285210,285230,285400
18442,84,68,305360,307360,306860,306880,307060
18443,84,69,28830,30830,30330,30350,30530
18444,84,69,28860,68170,30360,67860,67870
18445,84,69,66370,68350,67870,67890,68050
18446,84,69,68460,70460,69960,69980,70160
18447,84,69,71090,73090,72590,72610,72790
18448,84,69,78820,80940,80320,80340,80640
18449,84,69,78850,92910,80350,92600,92610
18450,84,69,91110,93110,92610,92630,92810
18451,84,69,111940,113950,113440,113460,113650
18452,84,69,115400,117520,116900,116920,117220
18453,84,69,118400,120340,119900,119920,120040
18454,84,69,121930,123930,123430,123450,123630
18455,84,69,125860,127820,127360,127380,127520
18456,84,69,145080,147150,146580,146600,146850
18457,84,69,172870,174820,174370,174390,174520
18458,84,69,184170,186180,185670,185690,185880
18459,84,69,206200,208120,207700,207720,207820
18460,84,69,208500,210500,210000,210020,210200
18461,84,69,263740,265680,265240,265270,265380
18462,84,69,264700,266710,266200,266220,266410
18463,84,69,264730,282870,266230,282560,282570
18464,84,69,281070,283070,282570,282590,282770
18465,84,69,305950,307900,307450,307470,307600
18466,84,69,309550,311570,311050,311070,311270
18467,84,69,318390,320300,319890,319910,320000
18468,84,70,52070,54070,53570,53590,53770
18469,84,70,60710,62630,62210,62230,62330
18470,84,70,73890,75890,75390,75410,75590
18471,84,70,73920,78480,75420,78170,78180
18472,84,70,76680,78680,78180,78200,78380
18473,84,70,98970,100970,100470,100490,100670
18474,84,70,101630,103590,103130,103150,103290
18475,84,70,107980,109980,109480,109500,109680
18476,84,70,109300,111300,110800,110820,111000
18477,84,70,121350,123350,122850,122870,123050
18478,84,70,121380,146120,122880,145810,145820
18479,84,70,144320,146450,145820,145840,146150
18480,84,70,149870,151870,151370,151390,151570
18481,84,70,149900,153990,151400,153680,153690
18482,84,70,152190,154190,153690,153710,153890
18483,84,70,162130,164230,163630,163650,163930
18484,84,70,166170,168130,167670,167690,167830
18485,84,70,189950,191790,191450,191470,191490
18486,84,70,196150,198120,197650,197670,197820
18487,84,70,202150,204270,203650,203670,203970
18488,84,70,204680,206680,206180,206200,206380
18489,84,70,204710,215500,206210,215190,215200
18490,84,70,213700,215710,215200,215220,215410
18491,84,70,229910,231910,231410,231430,231610
18492,84,70,245450,247530,246950,246970,247230
18493,84,70,245480,248840,246980,248530,248540
18494,84,70,247040,249040,248540,248560,248740
18495,84,70,249840,251840,251340,251360,251540
18496,84,70,268420,270420,269920,269940,270120
18497,84,70,308410,310410,309910,309930,310110
18498,84,70,344130,346130,345630,345650,345830
18499,84,70,351910,354040,353410,353430,353740
18500,84,70,351940,355490,353440,355180,355190
18501,84,70,353690,355700,355190,355210,355400
18502,84,70,359440,361440,360940,360960,361140
18503,84,70,359470,363460,360970,363150,363160
18504,84,70,361660,363600,363160,363180,363300
18505,84,70,367660,369660,369160,369180,369360
18506,84,70,367690,375940,369190,375630,375640
18507,84,70,374140,376140,375640,375660,375840
18508,84,70,379380,381390,380880,380900,381090
18509,84,70,381160,383050,382660,382680,382750
18510,84,70,385860,387850,387360,387380,387550
18511,84,70,404720,406860,406220,406240,406560
18512,84,70,404750,412950,406250,412640,412650
18513,84,70,411150,413150,412650,412670,412850
18514,84,70,424820,426760,426320,426340,426460
18515,84,70,464770,466780,466270,466290,466480
18516,84,70,474150,476240,475650,475670,475940
18517,84,70,474180,484710,475680,484400,484410
18518,84,70,482910,484880,484410,484430,484580
18519,84,70,490560,492560,492060,492080,492260
18520,84,70,515540,517480,517040,517060,517180
18521,84,70,517940,519940,519440,519460,519640
18522,84,70,522260,524380,523760,523780,524080
18523,84,70,526390,528550,527890,527910,528250
18524,84,70,537230,539490,538730,538750,539190
18525,84,70,548240,550070,549740,549760,549770
18526,84,70,549590,551540,551090,551110,551240
18527,84,70,593650,595480,595150,595170,595180
18528,84,71,11280,13290,12780,12800,12990
18529,84,71,26670,28620,28170,28190,28320
18530,84,71,36860,38700,38360,38380,38400
18531,84,71,37370,39230,38870,38890,38930
18532,84,74,104170,106020,105670,105690,105720
18533,84,82,115050,117080,116550,116570,116780
18534,84,82,135260,137100,136760,136780,136800
18535,84,83,15720,17710,17220,17240,17410
18536,84,83,16570,18400,18070,18090,18100
18537,84,83,58640,60650,60140,60160,60350
18538,84,83,110930,112940,112430,112450,112640
18539,84,83,119480,121380,120980,121000,121080
18540,84,83,141900,143730,143400,143420,143430
18541,84,83,150920,152880,152420,152440,152580
18542,84,83,177830,179830,179330,179350,179530
18543,84,83,187410,189410,188910,188930,189110
18544,84,83,280630,282460,282130,282150,282160
18545,84,83,308990,310950,310490,310510,310650
18546,84,83,318930,320760,320430,320450,320460
18547,84,83,326130,328070,327630,327650,327770
18548,84,83,330670,332610,332170,332190,332310
18549,84,83,337080,338920,338580,338600,338620
18550,84,83,357650,359650,359150,359170,359350
18551,84,83,360310,362310,361810,361830,362010
18552,84,83,447830,450020,449330,449350,449720
18553,84,83,465490,467490,466990,467010,467190
18554,84,83,482930,484930,484430,484450,484630
18555,84,83,496290,498250,497790,497810,497950
18556,84,84,22030,24030,23530,23550,23730
18557,84,84,24150,26150,25650,25670,25850
18558,84,84,24180,27140,25680,26830,26840
18559,84,84,25340,27350,26840,26860,27050
18560,84,84,74090,76090,75590,75610,75790
18561,84,84,99180,101180,100680,100700,100880
18562,84,87,53770,55770,55270,55290,55470
18563,84,87,62930,65030,64430,64450,64730
18564,84,87,64320,66320,65820,65840,66020
18565,84,87,84400,86400,85900,85920,86100
18566,84,87,92460,94460,93960,93980,94160
18567,84,91,82480,84400,83980,84000,84100
18568,84,91,86320,88330,87820,87840,88030
18569,84,91,87550,89520,89050,89070,89220
18570,84,100,57120,59120,58620,58640,58820
18571,84,100,59780,61830,61280,61300,61530
18572,84,100,71400,73270,72900,72920,72970
18573,84,100,76090,78090,77590,77610,77790
18574,84,100,104750,106750,106250,106270,106450
18575,84,100,107180,109180,108680,108700,108880
18576,84,101,81450,83380,82950,82970,83080
18577,84,101,86900,88900,88400,88420,88600
18578,84,103,48320,50340,49820,49840,50040
18579,84,103,48350,53090,49850,52780,52790
18580,84,103,51290,53290,52790,52810,52990
18581,84,105,60050,61990,61550,61570,61690
18582,84,109,81760,83700,83260,83280,83400
18583,84,109,87860,89860,89360,89380,89560
18584,84,113,90690,92680,92190,92210,92380
18585,84,118,17420,19260,18920,18940,18960
18586,84,118,33470,35470,34970,34990,35170
18587,84,118,35230,37230,36730,36750,36930
18588,84,119,58100,60100,59600,59620,59800
18589,84,119,62050,64050,63550,63570,63750
18590,84,119,74680,76630,76180,76200,76330
18591,84,119,74710,76980,76210,76670,76680
18592,84,119,75180,77050,76680,76700,76750
18593,84,119,98710,100710,100210,100230,100410
18594,84,121,17090,18920,18590,18610,18620
18595,84,121,61830,63790,63330,63350,63490
18596,84,121,63970,65970,65470,65490,65670
18597,84,121,78200,80040,79700,79720,79740
18598,84,122,48440,50450,49940,49960,50150
18599,84,122,49500,51460,51000,51020,51160
18600,85,2,103540,105540,105040,105060,105240
18601,85,2,119630,121640,121130,121160,121340
18602,85,2,124490,126510,125990,126010,126210
18603,85,2,126220,128220,127720,127740,127920
18604,85,2,129150,131270,130650,130670,130970
18605,85,8,67870,69890,69370,69390,69590
18606,85,8,103580,105590,105080,105100,105290
18607,85,8,105720,107730,107220,107240,107430
18608,85,8,131810,133770,133310,133330,133470
18609,85,8,134200,136200,135700,135720,135900
18610,85,52,68150,70050,69650,69670,69750
18611,85,54,126450,128500,127950,127970,128200
18612,85,54,184470,186530,185970,185990,186230
18613,85,54,187280,189280,188780,188800,188980
18614,85,55,61410,63240,62910,62930,62940
18615,85,55,62110,64150,63610,63630,63850
18616,85,56,68450,70450,69950,69970,70150
18617,85,56,69850,71850,71350,71370,71550
18618,85,56,119700,121820,121200,121220,121520
18619,85,56,120230,122350,121730,121750,122050
18620,85,56,120990,122970,122490,122510,122670
18621,85,57,64880,67010,66380,66400,66710
18622,85,57,66040,67880,67540,67560,67580
18623,85,57,69920,71920,71420,71440,71620
18624,85,57,112930,114930,114430,114450,114630
18625,85,58,91880,93940,93380,93400,93640
18626,85,58,92410,94410,93910,93930,94110
18627,85,58,92440,95990,93940,95680,95690
18628,85,58,94190,96160,95690,95710,95860
18629,85,61,73070,75180,74570,74590,74880
18630,85,63,29900,31930,31400,31420,31630
18631,85,63,41350,43350,42850,42870,43050
18632,85,63,87050,89030,88550,88570,88730
18633,85,71,97490,99430,98990,99010,99130
18634,85,71,99140,101260,100640,100660,100960
18635,85,75,51460,53560,52960,52980,53260
18636,85,75,52310,54320,53810,53830,54020
18637,85,75,103400,105400,104900,104920,105100
18638,85,76,123340,125340,124840,124860,125040
18639,85,77,69280,71280,70780,70800,70980
18640,85,80,52990,54930,54490,54510,54630
18641,85,80,53830,55680,55330,55350,55380
18642,85,83,57010,59010,58510,58530,58710
18643,85,83,109220,111180,110720,110740,110880
18644,85,83,113760,115710,115260,115280,115410
18645,85,83,123690,125720,125190,125210,125420
18646,85,83,127860,129860,129360,129380,129560
18647,85,83,127890,130160,129390,129850,129860
18648,85,83,128360,130360,129860,129880,130060
18649,85,87,42130,43990,43630,43650,43690
18650,85,87,42740,44740,44240,44260,44440
18651,85,87,95480,97650,96980,97000,97350
18652,85,89,53080,55170,54580,54600,54870
18653,85,89,54650,56650,56150,56170,56350
18654,85,89,107230,109270,108730,108750,108970
18655,85,89,108520,110520,110020,110040,110220
18656,85,90,59860,61870,61360,61380,61570
18657,85,90,60950,63040,62450,62480,62740
18658,85,91,61580,63690,63080,63100,63390
18659,85,91,62780,64610,64280,64300,64310
18660,85,91,111320,113210,112820,112840,112910
18661,85,91,115880,117920,117380,117400,117620
18662,85,91,118550,120690,120050,120070,120390
18663,85,92,64350,66330,65850,65870,66030
18664,85,92,65180,67240,66680,66700,66940
18665,85,92,65900,67900,67400,67420,67600
18666,85,93,43730,45690,45230,45250,45390
18667,85,93,45380,47390,46880,46900,47090
18668,85,93,51670,53790,53170,53190,53490
18669,85,93,74030,76040,75530,75550,75740
18670,85,93,79380,81380,80880,80910,81080
18671,85,93,100670,102660,102170,102190,102360
18672,85,93,104890,106890,106390,106410,106590
18673,85,94,32300,34390,33800,33820,34090
18674,85,94,100640,102710,102140,102160,102410
18675,85,95,76650,78650,78150,78170,78350
18676,85,95,90360,92420,91860,91880,92120
18677,85,96,65930,67930,67430,67450,67630
18678,85,96,74470,76470,75970,75990,76170
18679,85,98,53810,55820,55310,55330,55520
18680,85,99,5490,7490,6990,7010,7190
18681,85,99,19380,21390,20880,20900,21090
18682,85,99,30780,32790,32280,32300,32490
18683,85,99,32650,34700,34150,34170,34400
18684,85,100,48400,50260,49900,49920,49960
18685,85,100,59510,61510,61010,61030,61210
18686,85,100,60510,62510,62010,62030,62210
18687,85,102,50740,52750,52240,52260,52450
18688,85,102,50770,53040,52270,52730,52740
18689,85,102,51240,53250,52740,52760,52950
18690,85,103,58330,60220,59830,59850,59920
18691,85,103,63240,65250,64740,64770,64950
18692,85,105,77410,79620,78910,78930,79320
18693,85,106,20990,23000,22490,22510,22700
18694,85,106,57220,59220,58720,58740,58920
18695,85,110,61220,63330,62720,62740,63030
18696,85,110,67790,69800,69290,69310,69500
18697,85,110,68480,70490,69980,70000,70190
18698,85,111,97300,99350,98800,98820,99050
18699,85,111,98150,100020,99650,99670,99720
18700,85,113,7910,9920,9410,9430,9620
18701,85,113,9760,11960,11260,11280,11660
18702,85,113,14050,16010,15550,15570,15710
18703,85,118,121100,122990,122600,122620,122690
18704,85,119,56640,58760,58140,58160,58460
18705,85,119,56670,58950,58170,58640,58650
18706,85,119,57150,59150,58650,58670,58850
18707,85,122,34270,36470,35770,35790,36170
18708,85,124,90820,92920,92320,92340,92620
18709,85,124,92070,94080,93570,93590,93780
18710,85,124,93060,95060,94560,94580,94760
18711,85,126,113360,115360,114860,114880,115060
18712,85,126,114270,116330,115770,115790,116030
18713,85,127,58670,60670,60170,60190,60370
18714,85,127,59510,61410,61010,61030,61110
18715,85,128,61700,63770,63200,63220,63470
18716,85,128,117020,119020,118520,118540,118720
18717,85,128,117870,119990,119370,119390,119690
18718,85,128,118400,120400,119900,119920,120100
18719,85,132,49770,51600,51270,51290,51300
18720,85,132,50760,52760,52260,52280,52460
18721,85,134,66390,68380,67890,67920,68080
18722,85,134,79350,81520,80850,80870,81220
18723,85,134,116840,118840,118340,118360,118540
18724,85,135,57290,59290,58790,58810,58990
18725,85,135,108330,110440,109830,109850,110140
18726,85,135,111830,113840,113330,113350,113540
18727,85,135,113810,115820,115310,115340,115520
18728,85,137,65960,68040,67460,67480,67740
18729,85,140,121800,123630,123300,123320,123330
18730,85,140,122330,124460,123830,123850,124160
18731,85,140,134780,136790,136280,136300,136490
18732,85,141,97130,99300,98630,98650,99000
18733,85,141,99650,101670,101150,101170,101370
18734,85,141,102110,104110,103610,103630,103810
18735,86,7,49780,51740,51280,51300,51440
18736,86,8,61330,63450,62830,62850,63150
18737,86,8,64010,66010,65510,65530,65710
18738,86,8,81660,83610,83160,83180,83310
18739,86,9,19570,21740,21070,21090,21440
18740,86,9,22060,24110,23560,23580,23810
18741,86,9,32460,34470,33960,33980,34170
18742,86,9,33880,35890,35380,35400,35590
18743,86,9,38340,40340,39840,39860,40040
18744,86,9,153760,155770,155260,155280,155470
18745,86,9,158290,160380,159790,159810,160080
18746,86,9,160030,161990,161530,161550,161690
18747,86,9,163270,165100,164770,164790,164800
18748,86,9,169310,171370,170810,170830,171070
18749,86,9,169340,173580,170840,173270,173280
18750,86,9,171780,173790,173280,173300,173490
18751,86,9,174850,176820,176350,176370,176520
18752,86,9,185780,187780,187280,187300,187480
18753,86,10,54230,56230,55730,55750,55930
18754,86,10,90820,92820,92320,92340,92520
18755,86,10,104570,106530,106070,106090,106230
18756,86,11,113200,115110,114700,114720,114810
18757,86,11,150420,152430,151920,151940,152130
18758,86,12,169020,171040,170520,170540,170740
18759,86,19,7880,9880,9380,9400,9580
18760,86,19,123870,125800,125370,125390,125500
18761,86,19,134910,136910,136410,136430,136610
18762,86,20,164410,166460,165910,165930,166160
18763,86,20,183550,185440,185050,185070,185140
18764,86,20,187790,190020,189290,189310,189720
18765,86,20,190100,192100,191600,191620,191800
18766,86,20,192010,194170,193510,193530,193870
18767,86,20,194460,196460,195960,195980,196160
18768,86,20,196300,198440,197800,197820,198140
18769,86,22,89270,91110,90770,90790,90810
18770,86,22,92220,94240,93720,93740,93940
18771,86,22,92250,94520,93750,94210,94220
18772,86,22,92720,94730,94220,94240,94430
18773,86,22,94090,95920,95590,95610,95620
18774,86,22,99650,101610,101150,101170,101310
18775,86,22,104820,106830,106320,106340,106530
18776,86,22,106230,108140,107730,107750,107840
18777,86,22,154790,156630,156290,156310,156330
18778,86,23,74410,76410,75910,75930,76110
18779,86,23,79780,81790,81280,81300,81490
18780,86,23,110560,112560,112060,112080,112260
18781,86,23,135410,137410,136910,136930,137110
18782,86,25,45520,47370,47020,47040,47070
18783,86,25,45890,47720,47390,47410,47420
18784,86,25,48180,50180,49680,49700,49880
18785,86,25,64460,66470,65960,65980,66170
18786,86,25,77660,79600,79160,79180,79300
18787,86,26,77150,79160,78650,78670,78860
18788,86,30,111910,113950,113410,113430,113650
18789,86,30,134920,136760,136420,136440,136460
18790,86,30,150870,152820,152370,152390,152520
18791,86,30,163110,165140,164610,164630,164840
18792,86,32,55530,57540,57030,57050,57240
18793,86,32,56950,58960,58450,58470,58660
18794,86,33,33540,35380,35040,35060,35080
18795,86,33,36150,38160,37650,37670,37860
18796,86,33,37900,39840,39400,39420,39540
18797,86,33,41610,43720,43110,43130,43420
18798,86,33,43550,45460,45050,45070,45160
18799,86,41,152870,154820,154370,154390,154520
18800,86,41,154250,156250,155750,155770,155950
18801,86,41,163180,165200,164680,164700,164900
18802,86,41,169210,171300,170710,170730,171000
18803,86,41,169760,171820,171260,171280,171520
18804,86,42,37700,39700,39200,39220,39400
18805,86,42,77850,79850,79350,79370,79550
18806,86,42,83810,85650,85310,85330,85350
18807,86,44,79320,81490,80820,80840,81190
18808,86,44,79350,81620,80850,81310,81320
18809,86,44,79820,81730,81320,81340,81430
18810,86,45,71110,73140,72610,72630,72840
18811,86,45,73260,75180,74760,74780,74880
18812,86,47,35340,37340,36840,36860,37040
18813,86,49,34000,35990,35500,35520,35690
18814,86,49,45340,47250,46840,46860,46950
18815,86,50,22870,24870,24370,24390,24570
18816,86,50,33910,36040,35410,35430,35740
18817,86,50,50830,52960,52330,52350,52660
18818,86,50,68200,70100,69700,69720,69800
18819,86,50,75780,77850,77280,77300,77550
18820,86,50,80900,82900,82400,82420,82600
18821,86,50,80930,85480,82430,85170,85180
18822,86,50,83680,85630,85180,85200,85330
18823,86,50,100430,102370,101930,101950,102070
18824,86,50,123820,125800,125320,125340,125500
18825,86,52,71340,73750,72840,72860,73450
18826,86,52,73740,75740,75240,75260,75440
18827,86,52,76930,78780,78430,78450,78480
18828,86,54,56560,58500,58060,58080,58200
18829,86,54,66600,68580,68100,68120,68280
18830,86,54,66630,72000,68130,71690,71700
18831,86,54,70200,72100,71700,71720,71800
18832,86,54,71070,73070,72570,72590,72770
18833,86,54,107530,109530,109030,109050,109230
18834,86,54,114150,116150,115650,115670,115850
18835,86,56,17980,20030,19480,19500,19730
18836,86,56,19510,21630,21010,21030,21330
18837,86,56,23110,25110,24610,24630,24810
18838,86,56,25110,27120,26610,26630,26820
18839,86,56,45920,47930,47420,47440,47630
18840,86,56,48270,50290,49770,49790,49990
18841,86,56,58940,60770,60440,60460,60470
18842,86,56,61630,63700,63130,63150,63400
18843,86,56,62680,64580,64180,64200,64280
18844,86,56,84960,86960,86460,86480,86660
18845,86,56,90700,92680,92200,92220,92380
18846,86,56,91290,93140,92790,92810,92840
18847,86,57,59300,61310,60800,60820,61010
18848,86,57,63480,65310,64980,65000,65010
18849,86,57,65110,67120,66610,66630,66820
18850,86,57,65780,67670,67280,67300,67370
18851,86,57,67430,69330,68930,68950,69030
18852,86,58,45390,47390,46890,46910,47090
18853,86,61,110980,112980,112480,112500,112680
18854,86,61,113720,115730,115220,115240,115430
18855,86,62,44270,46270,45770,45790,45970
18856,86,62,47110,49120,48610,48630,48820
18857,86,62,74950,76940,76450,76470,76640
18858,86,63,71350,73190,72850,72870,72890
18859,86,63,72820,74830,74320,74340,74530
18860,86,63,95530,97610,97030,97050,97310
18861,86,63,102680,104780,104180,104200,104480
18862,86,63,124940,126940,126440,126460,126640
18863,86,63,127460,129390,128960,128980,129090
18864,86,63,128350,130350,129850,129870,130050
18865,86,64,30550,32560,32050,32070,32260
18866,86,64,90580,92510,92080,92100,92210
18867,86,64,92170,94170,93670,93690,93870
18868,86,64,102130,104140,103630,103650,103840
18869,86,64,111980,114070,113480,113500,113770
18870,86,66,72930,74790,74430,74450,74490
18871,86,66,88350,90360,89850,89880,90060
18872,86,66,103250,105200,104750,104770,104900
18873,86,66,106820,108830,108320,108340,108530
18874,86,66,144930,146920,146430,146450,146620
18875,86,67,67790,69770,69290,69310,69470
18876,86,67,79540,81530,81040,81060,81230
18877,86,69,51040,53060,52540,52560,52760
18878,86,69,54290,56300,55790,55810,56000
18879,86,72,158630,160620,160130,160150,160320
18880,86,72,168380,170350,169880,169900,170050
18881,86,73,41060,42900,42560,42580,42600
18882,86,73,51590,53620,53090,53110,53320
18883,86,73,82610,84540,84110,84130,84240
18884,86,73,87610,89580,89110,89130,89280
18885,86,78,41460,43290,42960,42980,42990
18886,86,78,68310,70400,69810,69830,70100
18887,86,79,27770,29710,29270,29290,29410
18888,86,79,67680,69630,69180,69200,69330
18889,86,79,67710,69980,69210,69670,69680
18890,86,79,68180,70110,69680,69710,69810
18891,86,82,92180,94140,93680,93700,93840
18892,86,82,95820,97760,97320,97340,97460
18893,86,82,102930,104930,104430,104450,104630
18894,86,82,105800,107810,107300,107330,107510
18895,86,83,36180,38130,37680,37700,37830
18896,86,83,81810,83840,83310,83330,83540
18897,86,85,127340,129410,128840,128860,129110
18898,86,85,129040,131030,130540,130560,130730
18899,86,86,28930,30760,30430,30450,30460
18900,86,86,68310,70270,69810,69830,69970
18901,86,87,34090,36180,35590,35610,35880
18902,86,90,44680,46800,46180,46200,46500
18903,86,90,47180,49190,48680,48700,48890
18904,86,90,92660,94640,94160,94180,94340
18905,86,90,104700,106700,106200,106220,106400
18906,86,90,106030,108030,107530,107550,107730
18907,86,90,107090,109100,108590,108610,108800
18908,86,90,111770,113760,113270,113290,113460
18909,86,90,124120,126120,125620,125640,125820
18910,86,90,126440,128560,127940,127960,128260
18911,86,90,133800,135800,135300,135320,135500
18912,86,90,137010,139010,138510,138530,138710
18913,86,90,140590,142570,142090,142110,142270
18914,86,90,281170,283000,282670,282690,282700
18915,86,90,285540,287490,287040,287060,287190
18916,86,91,141280,143290,142780,142800,142990
18917,86,91,147370,149300,148870,148890,149000
18918,86,91,215170,217170,216670,216690,216870
18919,86,91,218690,220690,220190,220210,220390
18920,86,91,233090,235090,234590,234610,234790
18921,86,91,262490,264500,263990,264010,264200
18922,86,92,38730,40710,40230,40250,40410
18923,86,92,52330,54330,53830,53850,54030
18924,86,93,88890,90970,90390,90410,90670
18925,86,93,90220,92190,91720,91740,91890
18926,86,93,106570,108570,108070,108090,108270
18927,86,93,110330,112230,111830,111850,111930
18928,86,93,111200,113030,112700,112720,112730
18929,86,96,31460,33560,32960,32980,33260
18930,86,96,55630,57640,57130,57150,57340
18931,86,96,57670,59670,59170,59190,59370
18932,86,96,76560,78460,78060,78080,78160
18933,86,96,84110,85960,85610,85630,85660
18934,86,97,84770,86890,86270,86290,86590
18935,86,97,123290,125320,124790,124810,125020
18936,86,97,124230,126120,125730,125750,125820
18937,86,98,102370,104370,103870,103890,104070
18938,86,98,107190,109310,108690,108710,109010
18939,86,100,14490,16510,15990,16010,16210
18940,86,100,42940,44840,44440,44460,44540
18941,86,102,58230,60240,59730,59750,59940
18942,86,102,59780,61800,61280,61310,61500
18943,86,102,98410,100260,99910,99930,99960
18944,86,102,104690,106630,106190,106210,106330
18945,86,102,114060,116130,115560,115580,115830
18946,86,102,123810,125820,125310,125330,125520
18947,86,103,40290,42290,41790,41810,41990
18948,86,103,44110,46110,45610,45630,45810
18949,86,103,79490,81530,80990,81010,81230
18950,86,103,80730,82660,82230,82250,82360
18951,86,104,26160,28220,27660,27680,27920
18952,86,104,43680,45530,45180,45200,45230
18953,86,104,45780,47650,47280,47300,47350
18954,86,104,53740,55740,55240,55260,55440
18955,86,107,146760,148670,148260,148280,148370
18956,86,121,24850,26850,26350,26370,26550
18957,86,121,38580,40580,40080,40100,40280
18958,86,121,41080,43160,42580,42600,42860
18959,86,121,49470,51340,50970,50990,51040
18960,86,121,61110,63000,62610,62630,62700
18961,86,121,62930,65070,64430,64450,64770
18962,86,121,77650,79570,79150,79170,79270
18963,86,121,86270,88280,87770,87790,87980
18964,86,121,92170,94180,93670,93690,93880
18965,86,121,96800,99100,98300,98320,98800
18966,86,121,105220,107220,106720,106740,106920
18967,86,121,123450,125420,124950,124970,125120
18968,86,121,123480,125750,124980,125440,125450
18969,86,121,123950,126020,125450,125470,125720
18970,86,121,168280,170340,169780,169800,170040
18971,86,121,169970,171930,171470,171490,171630
18972,86,121,215110,217130,216610,216630,216830
18973,86,121,229110,231180,230610,230630,230880
18974,86,121,232770,234780,234270,234290,234480
18975,86,121,293410,295410,294910,294930,295110
18976,86,121,304390,306400,305890,305910,306100
18977,86,121,306230,308230,307730,307750,307930
18978,86,121,344670,346670,346170,346190,346370
18979,86,121,346330,348310,347830,347850,348010
18980,86,121,364730,366640,366230,366250,366340
18981,86,121,365950,367800,367450,367470,367500
18982,86,121,376860,378860,378360,378380,378560
18983,86,121,385610,387550,387110,387130,387250
18984,86,121,390090,392050,391590,391610,391750
18985,86,121,391570,393570,393070,393090,393270
18986,86,121,402370,404370,403870,403890,404070
18987,86,121,411900,413910,413400,413420,413610
18988,86,121,413400,415400,414900,414920,415100
18989,86,121,418560,420660,420060,420080,420360
18990,86,121,428060,430180,429560,429580,429880
18991,86,121,429960,431920,431460,431480,431620
18992,86,121,433930,435930,435430,435450,435630
18993,86,121,437750,439800,439250,439270,439500
18994,86,121,444830,446730,446330,446350,446430
18995,86,121,458770,460780,460270,460290,460480
18996,86,121,468160,470160,469660,469680,469860
18997,86,121,471210,473090,472710,472730,472790
18998,86,121,473920,475920,475420,475440,475620
18999,86,121,476410,478330,477910,477930,478030
19000,86,121,481880,483890,483380,483400,483590
19001,86,121,485150,487000,486650,486670,486700
19002,86,121,493290,495180,494790,494810,494880
19003,86,121,495410,497520,496910,496930,497220
19004,86,121,498270,500100,499770,499790,499800
19005,86,121,500900,502980,502400,502420,502680
19006,86,121,503500,505600,505000,505020,505300
19007,86,121,506370,508420,507870,507890,508120
19008,86,121,512350,514350,513850,513870,514050
19009,86,121,516650,518650,518150,518170,518350
19010,86,121,524340,526450,525840,525860,526150
19011,86,121,530690,532690,532190,532210,532390
19012,86,121,544170,546340,545670,545690,546040
19013,86,121,558930,560920,560430,560450,560620
19014,86,121,565510,567340,567010,567030,567040
19015,86,121,573750,575710,575250,575270,575410
19016,86,121,575420,577430,576920,576940,577130
19017,86,121,601040,602920,602540,602560,602620
19018,86,121,603990,605990,605490,605510,605690
19019,86,121,628460,630460,629960,629980,630160
19020,86,121,640820,642830,642320,642340,642530
19021,86,121,646080,647960,647580,647600,647660
19022,86,121,654970,656980,656470,656490,656680
19023,86,121,664300,666270,665800,665820,665970
19024,86,121,669460,671430,670960,670980,671130
19025,86,121,682050,683990,683550,683570,683690
19026,86,121,701020,703020,702520,702540,702720
19027,86,121,706110,708080,707610,707630,707780
19028,86,121,708550,710660,710050,710070,710360
19029,86,121,714720,716710,716220,716240,716410
19030,86,121,722690,724560,724190,724210,724260
19031,86,121,725330,727340,726830,726850,727040
19032,86,121,739430,741340,740930,740950,741040
19033,86,121,740770,742780,742270,742290,742480
19034,86,121,758370,760350,759870,759890,760050
19035,86,121,759240,761200,760740,760760,760900
19036,86,121,770640,772520,772140,772160,772220
19037,86,121,780010,782020,781510,781530,781720
19038,86,121,782270,784270,783770,783790,783970
19039,86,121,782300,787750,783800,787440,787450
19040,86,121,785950,787800,787450,787470,787500
19041,86,121,793340,795340,794840,794860,795040
19042,86,121,794840,796840,796340,796360,796540
19043,86,121,852860,854690,854360,854380,854390
19044,86,121,854590,856440,856090,856110,856140
19045,86,121,884510,886550,886010,886030,886250
19046,86,122,934820,936680,936320,936340,936380
19047,86,122,936110,938140,937610,937630,937840
19048,86,122,957190,959200,958690,958710,958900
19049,86,122,965510,967510,967010,967030,967210
19050,86,122,967320,969170,968820,968840,968870
19051,86,122,968410,970360,969910,969930,970060
19052,86,122,994570,996410,996070,996090,996110
19053,86,122,998440,1000290,999940,999960,999990
19054,86,122,998470,1020390,999970,1020080,1020090
19055,86,122,1018590,1020600,1020090,1020110,1020300
19056,86,122,1020340,1022200,1021840,1021860,1021900
19057,86,122,1044400,1046240,1045900,1045920,1045940
19058,86,122,1044430,1051400,1045930,1051090,1051100
19059,86,122,1049600,1051520,1051100,1051120,1051220
19060,86,122,1050990,1053060,1052490,1052510,1052760
19061,86,122,1055730,1057670,1057230,1057250,1057370
19062,86,122,1060900,1062900,1062400,1062420,1062600
19063,86,122,1065270,1067270,1066770,1066790,1066970
19064,86,122,1089780,1091690,1091280,1091300,1091390
19065,86,122,1091100,1093110,1092600,1092620,1092810
19066,86,122,1094470,1096580,1095970,1095990,1096280
19067,86,122,1095630,1097680,1097130,1097150,1097380
19068,86,122,1099370,1101260,1100870,1100890,1100960
19069,86,122,1105280,1107290,1106780,1106800,1106990
19070,86,122,1122240,1124140,1123740,1123760,1123840
19071,86,122,1125420,1127280,1126920,1126940,1126980
19072,86,122,1133180,1135190,1134680,1134700,1134890
19073,86,122,1165790,1167790,1167290,1167310,1167490
19074,86,122,1168900,1170730,1170400,1170420,1170430
19075,86,122,1185480,1187690,1186980,1187000,1187390
19076,86,122,1196130,1198110,1197630,1197660,1197810
19077,86,122,1200510,1202510,1202010,1202030,1202210
19078,86,122,1258980,1260980,1260480,1260500,1260680
19079,86,122,1265600,1267610,1267100,1267120,1267310
19080,86,122,1265630,1269320,1267130,1269010,1269020
19081,86,122,1267520,1269520,1269020,1269040,1269220
19082,86,122,1269110,1271200,1270610,1270630,1270900
19083,86,122,1269140,1276960,1270640,1276650,1276660
19084,86,122,1275160,1277170,1276660,1276690,1276870
19085,86,122,1298140,1299970,1299640,1299660,1299670
19086,86,122,1298170,1303330,1299670,1303020,1303030
19087,86,122,1301530,1303530,1303030,1303050,1303230
19088,86,122,1319500,1321480,1321000,1321020,1321180
19089,86,122,1332630,1334570,1334130,1334150,1334270
19090,86,122,1338520,1340520,1340020,1340040,1340220
19091,86,122,1357260,1359240,1358760,1358780,1358940
19092,86,122,1357290,1365570,1358790,1365260,1365270
19093,86,122,1363770,1365770,1365270,1365290,1365470
19094,86,122,1387540,1389600,1389040,1389060,1389300
19095,86,122,1392790,1394870,1394290,1394310,1394570
19096,86,122,1392820,1415340,1394320,1415030,1415040
19097,86,122,1413540,1415540,1415040,1415060,1415240
19098,86,122,1415660,1417780,1417160,1417180,1417480
19099,86,122,1415690,1421230,1417190,1420920,1420930
19100,86,122,1419430,1421430,1420930,1420950,1421130
19101,86,122,1422940,1424940,1424440,1424460,1424640
19102,86,122,1425670,1427680,1427170,1427190,1427380
19103,86,122,1431200,1433430,1432700,1432720,1433130
19104,86,122,1432310,1434310,1433810,1433830,1434010
19105,86,122,1434480,1436360,1435980,1436000,1436060
19106,86,122,1434510,1437250,1436010,1436940,1436950
19107,86,122,1435450,1437360,1436950,1436970,1437060
19108,86,122,1441500,1443610,1443000,1443020,1443310
19109,86,122,1482590,1484600,1484090,1484110,1484300
19110,86,122,1482620,1486640,1484120,1486330,1486340
19111,86,122,1484840,1486770,1486340,1486370,1486470
19112,86,122,1491660,1493670,1493160,1493180,1493370
19113,86,122,1497770,1499770,1499270,1499290,1499470
19114,86,122,1509250,1511470,1510750,1510770,1511170
19115,86,122,1511400,1513460,1512900,1512920,1513160
19116,86,122,1526110,1528120,1527610,1527630,1527820
19117,86,122,1531420,1533420,1532920,1532940,1533120
19118,86,122,1535370,1537380,1536870,1536890,1537080
19119,86,122,1539440,1541460,1540940,1540960,1541160
19120,86,122,1543710,1545820,1545210,1545230,1545520
19121,86,122,1572890,1574860,1574390,1574410,1574560
19122,86,122,1578060,1580280,1579560,1579580,1579980
19123,86,122,1595870,1597870,1597370,1597390,1597570
19124,86,122,1597170,1599170,1598670,1598690,1598870
19125,86,122,1623600,1625600,1625100,1625120,1625300
19126,86,122,1634210,1636210,1635710,1635730,1635910
19127,86,122,1637990,1639970,1639490,1639510,1639670
19128,86,122,1660700,1662590,1662200,1662220,1662290
19129,86,122,1666930,1668930,1668430,1668450,1668630
19130,86,122,1682160,1684000,1683660,1683680,1683700
19131,86,122,1702480,1704490,1703980,1704000,1704190
19132,86,122,1720730,1722740,1722230,1722250,1722440
19133,86,122,1725920,1728000,1727420,1727440,1727700
19134,86,122,1727620,1729620,1729120,1729140,1729320
19135,86,122,1733850,1735960,1735350,1735370,1735660
19136,86,122,1762430,1764500,1763930,1763950,1764200
19137,86,122,1787060,1789060,1788560,1788580,1788760
19138,86,122,1790080,1791920,1791580,1791600,1791620
19139,86,122,1790110,1798720,1791610,1798410,1798420
19140,86,122,1796920,1799020,1798420,1798440,1798720
19141,86,122,1799640,1801640,1801140,1801160,1801340
19142,86,122,1808070,1810070,1809570,1809590,1809770
19143,86,122,1811110,1813110,1812610,1812630,1812810
19144,86,122,1822650,1824650,1824150,1824170,1824350
19145,86,122,1836000,1837980,1837500,1837520,1837680
19146,86,122,1845350,1847350,1846850,1846870,1847050
19147,86,122,1888120,1890120,1889620,1889640,1889820
19148,86,122,1917230,1919230,1918730,1918750,1918930
19149,86,122,1918820,1920820,1920320,1920340,1920520
19150,86,122,1931640,1933760,1933140,1933160,1933460
19151,86,122,1934460,1936460,1935960,1935980,1936160
19152,86,122,1976750,1978760,1978250,1978270,1978460
19153,86,122,1985810,1987810,1987310,1987330,1987510
19154,86,122,1995660,1997670,1997160,1997180,1997370
19155,86,122,2013530,2015530,2015030,2015050,2015230
19156,86,122,2028350,2030360,2029850,2029870,2030060
19157,86,122,2042260,2044250,2043760,2043780,2043950
19158,86,122,2043930,2045950,2045430,2045450,2045650
19159,86,122,2069240,2071250,2070740,2070760,2070950
19160,86,122,2093000,2094990,2094500,2094520,2094690
19161,86,122,2110250,2112190,2111750,2111770,2111890
19162,86,122,2112850,2114950,2114350,2114370,2114650
19163,86,122,2132660,2134660,2134160,2134180,2134360
19164,86,122,2136040,2138080,2137540,2137560,2137780
19165,86,122,2140530,2142740,2142030,2142060,2142440
19166,86,122,2146380,2148350,2147880,2147900,2148050
19167,86,122,2156310,2158300,2157810,2157830,2158000
19168,86,124,27800,29810,29300,29320,29510
19169,86,124,71320,73270,72820,72840,72970
19170,86,124,83940,85940,85440,85460,85640
19171,86,124,105710,107720,107210,107230,107420
19172,86,124,109500,111480,111000,111020,111180
19173,86,124,122410,124410,123910,123930,124110
19174,86,124,132280,134280,133780,133800,133980
19175,86,124,154790,156800,156290,156310,156500
19176,86,124,166920,168920,168420,168440,168620
19177,86,124,175100,177110,176600,176620,176810
19178,86,124,253780,255730,255280,255300,255430
19179,86,124,260440,262450,261940,261970,262150
19180,86,124,268160,270100,269660,269680,269800
19181,86,124,270280,272390,271780,271800,272090
19182,86,124,303900,306000,305400,305430,305700
19183,86,124,315600,317610,317100,317130,317310
19184,86,124,319950,321950,321450,321470,321650
19185,86,124,321780,323900,323280,323300,323600
19186,86,124,323360,325360,324860,324880,325060
19187,86,124,325040,327110,326540,326560,326810
19188,86,124,331710,333710,333210,333230,333410
19189,86,124,450620,452620,452120,452140,452320
19190,86,124,450650,466640,452150,466330,466340
19191,86,124,464840,466950,466340,466360,466650
19192,86,124,498990,500960,500490,500510,500660
19193,86,130,137040,139040,138540,138560,138740
19194,86,130,144240,146360,145740,145760,146060
19195,86,130,145070,147160,146570,146590,146860
19196,86,130,145100,147370,146600,147060,147070
19197,86,130,145570,147510,147070,147090,147210
19198,86,130,158440,160530,159940,159960,160230
19199,86,130,161870,163870,163370,163390,163570
19200,86,130,165090,166920,166590,166610,166620
19201,86,130,170700,172700,172200,172220,172400
19202,86,130,170730,180710,172230,180400,180410
19203,86,130,220110,221940,221610,221630,221640
19204,86,130,264060,266130,265560,265580,265830
19205,86,130,283690,285710,285190,285210,285410
19206,86,130,285160,287170,286660,286680,286870
19207,86,130,289860,291870,291360,291380,291570
19208,86,130,291970,294000,293470,293490,293700
19209,86,130,294790,296800,296290,296310,296500
19210,86,130,298120,300170,299620,299640,299870
19211,86,130,299400,301400,300900,300920,301100
19212,86,130,299430,305070,300930,304760,304770
19213,86,130,303270,305380,304770,304790,305080
19214,86,130,307440,309750,308940,308960,309450
19215,86,130,321250,323200,322750,322770,322900
19216,86,130,327030,329030,328530,328550,328730
19217,86,130,327060,346380,328560,346070,346080
19218,86,130,344580,346420,346080,346100,346120
19219,86,130,352260,354270,353760,353790,353970
19220,86,130,422850,424850,424350,424370,424550
19221,86,130,474200,476200,475700,475720,475900
19222,86,130,476960,478960,478460,478480,478660
19223,86,130,479060,481130,480560,480580,480830
19224,86,130,490590,492590,492090,492110,492290
19225,86,130,500680,502550,502180,502200,502250
19226,86,130,508480,510490,509980,510000,510190
19227,86,130,528720,530720,530220,530240,530420
19228,86,130,530930,532930,532430,532450,532630
19229,86,130,603830,605960,605330,605350,605660
19230,86,130,621160,623020,622660,622680,622720
19231,86,130,624200,626190,625700,625720,625890
19232,86,130,625500,627550,627000,627020,627250
19233,86,130,630600,632600,632100,632120,632300
19234,86,130,667240,669250,668740,668760,668950
19235,86,130,669280,671380,670780,670800,671080
19236,86,130,691550,693550,693050,693070,693250
19237,86,130,698010,700020,699510,699530,699720
19238,86,130,702760,704760,704260,704280,704460
19239,86,130,727590,729590,729090,729110,729290
19240,86,130,737300,739410,738800,738820,739110
19241,86,130,741260,743260,742760,742780,742960
19242,86,130,764780,766780,766280,766300,766480
19243,86,130,770760,772770,772260,772280,772470
19244,86,130,772100,774020,773600,773620,773720
19245,86,130,913800,915720,915300,915320,915420
19246,86,130,1010850,1012850,1012350,1012370,1012550
19247,86,130,1049570,1051500,1051070,1051090,1051200
19248,86,130,1057180,1059180,1058680,1058700,1058880
19249,86,130,1068520,1070520,1070020,1070040,1070220
19250,86,130,1078920,1080920,1080420,1080440,1080620
19251,86,130,1092980,1094810,1094480,1094500,1094510
19252,86,130,1173820,1175820,1175320,1175340,1175520
19253,86,130,1179400,1181400,1180900,1180920,1181100
19254,86,130,1227310,1229310,1228810,1228830,1229010
19255,86,130,1227340,1236610,1228840,1236300,1236310
19256,86,130,1234810,1236670,1236310,1236330,1236370
19257,86,130,1238970,1240800,1240470,1240490,1240500
19258,86,130,1239000,1267360,1240500,1267050,1267060
19259,86,130,1265560,1267560,1267060,1267080,1267260
19260,86,130,1273350,1275290,1274850,1274870,1274990
19261,86,130,1309530,1311530,1311030,1311050,1311230
19262,86,130,1313030,1314930,1314530,1314550,1314630
19263,86,130,1349000,1351000,1350500,1350520,1350700
19264,86,130,1353830,1355840,1355330,1355350,1355540
19265,86,130,1356000,1358000,1357500,1357520,1357700
19266,86,130,1365110,1367120,1366610,1366630,1366820
19267,86,130,1385460,1387460,1386960,1386980,1387160
19268,86,130,1388190,1390030,1389690,1389710,1389730
19269,86,130,1390980,1392990,1392480,1392500,1392690
19270,86,130,1394960,1396960,1396460,1396480,1396660
19271,86,130,1399260,1401320,1400760,1400790,1401020
19272,86,130,1438560,1440560,1440060,1440080,1440260
19273,86,130,1462710,1464710,1464210,1464230,1464410
19274,86,130,1466520,1468530,1468020,1468040,1468230
19275,86,130,1482200,1484200,1483700,1483720,1483900
19276,86,130,1493090,1495190,1494590,1494610,1494890
19277,86,130,1549090,1551100,1550590,1550610,1550800
19278,86,130,1556380,1558380,1557880,1557900,1558080
19279,86,130,1560870,1562870,1562370,1562390,1562570
19280,86,130,1563440,1565440,1564940,1564960,1565140
19281,86,130,1565270,1567270,1566770,1566790,1566970
19282,86,130,1566870,1568870,1568370,1568390,1568570
19283,86,130,1570370,1572370,1571870,1571890,1572070
19284,86,130,1583850,1585680,1585350,1585370,1585380
19285,86,130,1602510,1604400,1604010,1604030,1604100
19286,86,132,24900,27010,26400,26420,26710
19287,86,132,45780,47780,47280,47300,47480
19288,86,132,47850,49720,49350,49370,49420
19289,86,132,51720,53720,53220,53240,53420
19290,86,132,63520,65700,65020,65040,65400
19291,86,132,77480,79480,78980,79000,79180
19292,86,132,82310,84600,83810,83840,84300
19293,86,132,99970,101940,101470,101490,101640
19294,86,132,102530,104530,104030,104050,104230
19295,86,132,107140,108970,108640,108660,108670
19296,86,132,111940,113820,113440,113460,113520
19297,86,132,113360,115190,114860,114880,114890
19298,86,132,121570,123570,123070,123090,123270
19299,86,132,126300,128210,127800,127820,127910
19300,86,132,131300,133290,132800,132820,132990
19301,86,132,134060,136000,135560,135580,135700
19302,86,132,147540,149540,149040,149060,149240
19303,86,132,149590,151600,151090,151110,151300
19304,86,132,171480,173480,172980,173000,173180
19305,86,132,180350,182370,181850,181870,182070
19306,86,132,204100,206060,205600,205620,205760
19307,86,132,211200,213140,212700,212720,212840
19308,86,132,223470,225540,224970,224990,225240
19309,86,132,234720,236550,236220,236240,236250
19310,86,132,249650,251650,251150,251170,251350
19311,86,132,251000,252970,252500,252520,252670
19312,86,132,264710,266720,266210,266230,266420
19313,86,132,271890,273890,273390,273410,273590
19314,86,132,290560,292470,292060,292080,292170
19315,86,132,301590,303710,303090,303110,303410
19316,86,132,304460,306290,305960,305980,305990
19317,86,132,305670,307670,307170,307190,307370
19318,86,132,317610,319680,319110,319130,319380
19319,86,132,328130,330000,329630,329650,329700
19320,86,132,331400,333410,332900,332920,333110
19321,86,132,358730,360730,360230,360250,360430
19322,86,132,372480,374480,373980,374000,374180
19323,86,132,385130,387160,386630,386650,386860
19324,86,132,405970,407870,407470,407490,407570
19325,86,132,421610,423620,423110,423130,423320
19326,86,132,426490,428490,427990,428010,428190
19327,86,132,437060,439080,438560,438580,438780
19328,86,132,452920,454830,454420,454440,454530
19329,86,132,452950,457540,454450,457230,457240
19330,86,132,455740,457740,457240,457260,457440
19331,86,132,472530,474540,474030,474050,474240
19332,86,132,479420,481310,480920,480940,481010
19333,86,132,515620,517620,517120,517140,517320
19334,86,132,519920,521920,521420,521440,521620
19335,86,132,548940,550940,550440,550460,550640
19336,86,132,562880,564830,564380,564400,564530
19337,86,132,597270,599280,598770,598790,598980
19338,86,132,599320,601330,600820,600840,601030
19339,86,132,633930,635930,635430,635450,635630
19340,86,132,636040,638040,637540,637560,637740
19341,86,132,647040,649020,648540,648560,648720
19342,86,132,658350,660360,659850,659870,660060
19343,86,132,665360,667190,666860,666880,666890
19344,86,132,667550,669560,669050,669070,669260
19345,86,132,705640,707650,707140,707160,707350
19346,86,132,710590,712710,712090,712110,712410
19347,86,132,719170,721170,720670,720690,720870
19348,86,132,728400,730400,729900,729920,730100
19349,86,132,728430,730710,729930,730400,730410
19350,86,132,728910,730910,730410,730430,730610
19351,86,132,730380,732390,731880,731900,732090
19352,86,132,744340,746320,745840,745860,746020
19353,86,132,754700,756700,756200,756220,756400
19354,86,132,757540,759390,759040,759060,759090
19355,86,132,760200,762040,761700,761720,761740
19356,86,132,779210,781210,780710,780730,780910
19357,86,132,845910,847920,847410,847430,847620
19358,86,132,860810,862820,862310,862330,862520
19359,86,132,902850,904860,904350,904370,904560
19360,86,132,920140,922150,921640,921660,921850
19361,86,132,926870,928790,928370,928390,928490
19362,86,132,979170,981090,980670,980690,980790
19363,86,132,986300,988330,987800,987820,988030
19364,86,132,999360,1001380,1000860,1000880,1001080
19365,86,132,1001420,1003430,1002920,1002940,1003130
19366,86,132,1034590,1036580,1036090,1036110,1036280
19367,86,132,1039330,1041330,1040830,1040850,1041030
19368,86,132,1052500,1054400,1054000,1054020,1054100
19369,86,132,1055640,1057750,1057140,1057160,1057450
19370,86,132,1057440,1059440,1058940,1058960,1059140
19371,86,132,1071580,1073510,1073080,1073100,1073210
19372,86,132,1075970,1077930,1077470,1077490,1077630
19373,86,132,1081640,1083640,1083140,1083160,1083340
19374,86,132,1095450,1097390,1096950,1096970,1097090
19375,86,132,1106850,1108900,1108350,1108370,1108600
19376,86,132,1128050,1129990,1129550,1129570,1129690
19377,86,133,65940,67940,67440,67460,67640
19378,86,133,71340,73340,72840,72860,73040
19379,86,133,74260,76260,75760,75780,75960
19380,86,134,30190,32230,31690,31710,31930
19381,86,134,53050,55060,54550,54570,54760
19382,86,134,53550,55380,55050,55070,55080
19383,86,134,88820,90680,90320,90340,90380
19384,86,136,98830,100840,100330,100350,100540
19385,86,139,105630,107490,107130,107150,107190
19386,86,140,29770,31770,31270,31290,31470
19387,86,140,50420,52320,51920,51940,52020
19388,86,140,52360,54410,53860,53880,54110
19389,86,140,86610,88450,88110,88130,88150
19390,86,140,87110,89250,88610,88630,88950
19391,86,140,87750,89580,89250,89270,89280
19392,86,140,103510,105680,105010,105030,105380
19393,86,140,106500,109150,108000,108020,108850
19394,86,140,110660,112670,112160,112180,112370
19395,86,141,228880,230710,230380,230400,230410
19396,86,141,239280,241110,240780,240800,240810
19397,86,141,247410,249420,248910,248930,249120
19398,86,142,32740,34750,34240,34260,34450
19399,86,145,118810,120840,120310,120330,120540
19400,86,146,24530,26530,26030,26050,26230
19401,86,146,46380,48390,47880,47900,48090
19402,86,147,125440,127440,126940,126960,127140
19403,86,147,161980,163980,163480,163500,163680
19404,86,148,27750,29670,29250,29270,29370
19405,86,148,29680,31510,31180,31200,31210
19406,86,148,52470,54520,53970,53990,54220
19407,86,148,68480,70380,69980,70000,70080
19408,86,148,69560,71560,71060,71080,71260
19409,86,150,150750,152750,152250,152270,152450
19410,86,151,34300,36300,35800,35820,36000
19411,86,151,38490,40430,39990,40010,40130
19412,86,151,64840,66840,66340,66360,66540
19413,86,151,66960,68960,68460,68480,68660
19414,86,151,73980,75990,75480,75500,75690
19415,86,151,75890,77860,77390,77410,77560
19416,86,151,123000,125000,124500,124520,124700
19417,86,151,139530,141530,141030,141060,141230
19418,86,152,167480,169360,168980,169000,169060
19419,86,152,167510,169780,169010,169470,169480
19420,86,152,167980,169930,169480,169500,169630
19421,86,153,21360,23350,22860,22880,23050
19422,86,153,36180,38010,37680,37700,37710
19423,86,153,62620,64470,64120,64140,64170
19424,86,153,66230,68060,67730,67750,67760
19425,86,153,71720,73740,73220,73240,73440
19426,86,153,79290,81240,80790,80810,80940
19427,86,153,106370,108380,107870,107890,108080
19428,86,153,112440,114440,113940,113960,114140
19429,86,153,121400,123610,122900,122920,123310
19430,86,153,122030,124030,123530,123550,123730
19431,86,153,157170,159170,158670,158690,158870
19432,86,153,173710,175660,175210,175230,175360
19433,86,153,179900,181820,181400,181420,181520
19434,86,153,262290,264120,263790,263810,263820
19435,86,153,268170,270010,269670,269690,269710
19436,86,153,315780,317780,317280,317300,317480
19437,86,153,319720,321720,321220,321240,321420
19438,86,153,336520,338370,338020,338040,338070
19439,86,153,364180,366170,365680,365700,365870
19440,86,153,646300,648340,647800,647820,648040
19441,86,163,146440,148450,147940,147960,148150
19442,86,163,197090,199050,198590,198610,198750
19443,86,163,197120,199390,198620,199080,199090
19444,86,163,197590,199540,199090,199110,199240
19445,86,163,199680,201680,201180,201200,201380
19446,86,163,200350,202350,201850,201870,202050
19447,86,167,46890,48720,48390,48410,48420
19448,86,167,51990,53960,53490,53510,53660
19449,86,168,69900,71890,71400,71420,71590
19450,86,168,77530,79530,79030,79050,79230
19451,86,168,78670,80740,80170,80200,80440
19452,86,168,79600,81430,81100,81120,81130
19453,86,168,107310,109210,108810,108830,108910
19454,86,168,107700,109530,109200,109220,109230
19455,86,168,112870,114700,114370,114390,114400
19456,86,169,58370,60370,59870,59890,60070
19457,86,169,65780,67770,67280,67300,67470
19458,86,169,92180,94180,93680,93700,93880
19459,86,169,92980,95280,94480,94500,94980
19460,86,169,95490,97350,96990,97010,97050
19461,86,169,96470,98310,97970,97990,98010
19462,86,170,134740,136990,136240,136260,136690
19463,86,170,178030,180000,179530,179550,179700
19464,86,177,52880,54920,54380,54400,54620
19465,86,180,196260,198220,197760,197780,197920
19466,86,180,238190,240030,239690,239710,239730
19467,86,180,246330,248390,247830,247850,248090
19468,86,181,285810,287750,287310,287330,287450
19469,86,182,52390,54400,53890,53910,54100
19470,86,182,55580,57590,57080,57110,57290
19471,86,182,101930,104010,103430,103450,103710
19472,86,182,110820,112820,112320,112340,112520
19473,86,182,112740,114740,114240,114260,114440
19474,86,182,116680,118690,118180,118200,118390
19475,86,182,118080,120080,119580,119600,119780
19476,86,182,123120,125120,124620,124640,124820
19477,86,182,123680,125690,125180,125200,125390
19478,86,184,63980,65980,65480,65500,65680
19479,86,192,135740,137750,137240,137260,137450
19480,86,193,32590,34600,34090,34110,34300
19481,86,193,44430,46440,45930,45950,46140
19482,86,193,47550,49550,49050,49070,49250
19483,86,193,49050,51020,50550,50570,50720
19484,86,193,78010,79910,79510,79530,79610
19485,86,193,322050,324050,323550,323570,323750
19486,86,193,353030,355040,354530,354550,354740
19487,86,193,354830,356660,356330,356350,356360
19488,86,195,132660,134810,134160,134180,134510
19489,86,195,133450,135370,134950,134970,135070
19490,86,196,35740,37570,37240,37260,37270
19491,86,198,43170,45190,44670,44690,44890
19492,86,198,78310,80140,79810,79830,79840
19493,86,198,80020,82020,81520,81540,81720
19494,86,200,120060,121990,121560,121580,121690
19495,86,200,124810,126810,126310,126330,126510
19496,86,200,135180,137120,136680,136700,136820
19497,86,201,33580,35530,35080,35100,35230
19498,86,201,60930,62870,62430,62450,62570
19499,86,202,21310,23320,22810,22830,23020
19500,86,202,29720,31730,31220,31240,31430
19501,86,202,47010,49010,48510,48530,48710
19502,86,211,38820,40690,40320,40340,40390
19503,86,211,71510,73590,73010,73030,73290
19504,86,211,88040,90150,89540,89560,89850
19505,86,212,36590,38570,38090,38110,38270
19506,86,213,27320,29180,28820,28840,28880
19507,86,213,31920,33810,33420,33440,33510
19508,86,213,41620,43740,43120,43140,43440
19509,86,213,58210,60220,59710,59730,59920
19510,86,213,132140,134140,133640,133660,133840
19511,86,216,15600,17620,17100,17120,17320
19512,86,216,18580,20410,20080,20100,20110
19513,86,216,19170,21220,20670,20690,20920
19514,86,216,19980,21980,21480,21500,21680
19515,86,216,63890,65740,65390,65410,65440
19516,86,216,64550,66560,66050,66070,66260
19517,86,216,84270,86270,85770,85790,85970
19518,86,216,90120,92120,91620,91640,91820
19519,86,216,99280,101220,100780,100800,100920
19520,86,216,103110,105110,104610,104630,104810
19521,86,216,104400,106320,105900,105920,106020
19522,87,1,64760,66740,66260,66280,66440
19523,87,1,68780,70780,70280,70300,70480
19524,87,1,73140,75140,74640,74660,74840
19525,87,1,76640,78590,78140,78160,78290
19526,87,1,90990,92990,92490,92510,92690
19527,87,1,92040,93960,93540,93560,93660
19528,87,1,112360,114300,113860,113880,114000
19529,87,1,113720,115730,115220,115240,115430
19530,87,1,116780,118770,118280,118300,118470
19531,87,1,127300,129300,128800,128820,129000
19532,87,1,127820,129810,129320,129340,129510
19533,87,1,132210,134210,133710,133730,133910
19534,87,1,132790,134800,134290,134310,134500
19535,87,1,159220,161220,160720,160740,160920
19536,87,1,191620,193670,193120,193150,193370
19537,87,1,192320,194320,193820,193840,194020
19538,87,1,192840,194730,194340,194360,194430
19539,87,2,61110,63120,62610,62630,62820
19540,87,2,61670,63650,63170,63190,63350
19541,87,2,67040,68950,68540,68560,68650
19542,87,2,88320,90320,89820,89840,90020
19543,87,2,104240,106090,105740,105760,105790
19544,87,9,43010,45020,44510,44530,44720
19545,87,9,45600,47580,47100,47120,47280
19546,87,9,47290,49190,48790,48810,48890
19547,87,10,33570,35490,35070,35090,35190
19548,87,10,38840,40730,40340,40360,40430
19549,87,64,96130,98200,97630,97650,97900
19550,87,64,101250,103220,102750,102770,102920
19551,87,64,105510,107460,107010,107030,107160
19552,87,64,124020,125970,125520,125540,125670
19553,87,64,128170,130180,129670,129690,129880
19554,87,66,328540,330490,330040,330060,330190
19555,87,66,332050,333880,333550,333570,333580
19556,87,66,336040,338050,337540,337560,337750
19557,87,66,340730,342670,342230,342250,342370
19558,87,66,1026570,1028470,1028070,1028090,1028170
19559,87,79,144750,146760,146250,146270,146460
19560,87,79,165000,167010,166500,166520,166710
19561,87,79,165850,167880,167350,167370,167580
19562,87,89,88640,90590,90140,90160,90290
19563,87,89,90920,92890,92420,92440,92590
19564,87,89,91840,93880,93340,93360,93580
19565,87,89,96890,98890,98390,98410,98590
19566,87,89,99240,101240,100740,100760,100940
19567,87,89,120590,122540,122090,122110,122240
19568,87,89,129850,131790,131350,131370,131490
19569,87,89,142550,144550,144050,144070,144250
19570,87,89,204990,207010,206490,206520,206710
19571,87,89,222270,224370,223770,223790,224070
19572,87,89,227910,229910,229410,229430,229610
19573,87,90,128300,130250,129800,129820,129950
19574,87,90,131740,133750,133240,133270,133450
19575,87,90,191930,194070,193430,193450,193770
19576,87,90,195070,197070,196570,196590,196770
19577,87,90,208830,210830,210330,210350,210530
19578,87,90,211490,213540,212990,213010,213240
19579,87,94,68010,69890,69510,69530,69590
19580,87,94,68040,73700,69540,73390,73400
19581,87,94,74570,76500,76070,76090,76200
19582,87,94,86830,88770,88330,88350,88470
19583,87,112,58310,60140,59810,59830,59840
19584,87,117,168290,170230,169790,169810,169930
19585,87,126,36030,37910,37530,37550,37610
19586,87,126,39120,41130,40620,40640,40830
19587,87,126,46650,48650,48150,48170,48350
19588,87,126,47930,49890,49430,49450,49590
19589,87,126,136590,138600,138090,138110,138300
19590,87,126,143420,145400,144920,144940,145100
19591,87,130,43710,45640,45210,45230,45340
19592,87,130,45140,47130,46640,46660,46830
19593,87,130,58420,60380,59920,59940,60080
19594,87,130,59050,60980,60550,60570,60680
19595,87,130,60470,62470,61970,61990,62170
19596,87,132,45180,47180,46680,46700,46880
19597,87,132,52620,54590,54120,54140,54290
19598,87,132,53250,55140,54750,54770,54840
19599,87,132,71500,73610,73000,73020,73310
19600,87,132,76220,78470,77720,77740,78170
19601,87,132,79080,81130,80580,80600,80830
19602,87,132,79930,81940,81430,81450,81640
19603,87,132,92940,94800,94440,94460,94500
19604,87,134,92410,94570,93910,93930,94270
19605,87,136,44020,46030,45520,45540,45730
19606,87,143,115220,117220,116720,116740,116920
19607,87,143,118060,120190,119560,119580,119890
19608,87,147,128770,130810,130270,130290,130510
19609,87,147,161440,163270,162940,162960,162970
19610,87,220,79370,81370,80870,80890,81070
19611,87,220,86100,88100,87600,87620,87800
19612,87,220,108750,110740,110250,110280,110440
19613,87,222,134370,136360,135870,135890,136060
19614,87,222,136030,138040,137530,137550,137740
19615,87,247,139230,141080,140730,140750,140780
19616,87,247,141950,143780,143450,143470,143480
19617,87,248,132270,134210,133770,133790,133910
19618,87,248,139060,140950,140560,140580,140650
19619,87,248,170060,172010,171560,171580,171710
19620,87,263,175140,177110,176640,176660,176810
19621,87,263,177570,179580,179070,179090,179280
19622,87,275,89710,91540,91210,91230,91240
19623,87,275,89740,95400,91240,95090,95100
19624,87,275,93600,95650,95100,95120,95350
19625,87,275,95290,97290,96790,96810,96990
19626,87,277,178820,180760,180320,180340,180460
19627,87,277,198430,200360,199930,199950,200060
19628,87,277,206340,208350,207840,207860,208050
19629,87,284,79370,81320,80870,80890,81020
19630,87,284,102470,104430,103970,103990,104130
19631,87,285,71570,73580,73070,73090,73280
19632,87,285,94400,96370,95900,95920,96070
19633,87,294,79540,81480,81040,81060,81180
19634,87,294,91850,93850,93350,93370,93550
19635,87,294,107160,109080,108660,108680,108780
19636,87,294,108880,110770,110380,110400,110470
19637,87,294,111780,113780,113280,113300,113480
19638,87,331,121390,123390,122890,122910,123090
19639,87,331,124230,126170,125730,125750,125870
19640,87,331,126090,128060,127590,127610,127760
19641,87,331,133430,135430,134930,134950,135130
19642,87,331,149550,151410,151050,151070,151110
19643,87,336,116270,118280,117770,117790,117980
19644,87,337,100300,102230,101800,101820,101930
19645,87,350,112970,114960,114470,114500,114660
19646,87,366,43450,45420,44950,44970,45120
19647,87,366,51250,53150,52750,52770,52850
19648,87,366,69780,71700,71280,71300,71400
19649,87,366,73400,75370,74900,74920,75070
19650,87,367,95130,97130,96630,96650,96830
19651,87,367,100320,102330,101820,101840,102030
19652,87,367,111360,113190,112860,112880,112890
19653,87,367,111730,113590,113230,113250,113290
19654,87,367,112270,114260,113770,113790,113960
19655,87,377,114750,116760,116250,116280,116460
19656,87,377,117170,119130,118670,118690,118830
19657,87,377,119970,122020,121470,121490,121720
19658,87,377,129660,131600,131160,131180,131300
19659,87,377,138970,140950,140470,140490,140650
19660,87,378,17560,19560,19060,19080,19260
19661,87,378,52520,54590,54020,54040,54290
19662,87,378,60890,62810,62390,62410,62510
19663,87,378,65450,67450,66950,66970,67150
19664,87,380,34430,36430,35930,35950,36130
19665,87,380,38700,40690,40200,40220,40390
19666,87,380,47580,49590,49080,49100,49290
19667,87,380,63530,65600,65030,65050,65300
19668,87,380,74200,76120,75700,75720,75820
19669,87,382,33900,35920,35400,35420,35620
19670,87,384,163040,165100,164540,164560,164800
19671,87,384,186810,188790,188310,188330,188490
19672,87,384,187370,189370,188870,188890,189070
19673,87,386,60950,63000,62450,62470,62700
19674,87,387,85120,87040,86620,86640,86740
19675,87,387,85720,87570,87220,87240,87270
19676,87,387,152360,154260,153860,153880,153960
19677,87,388,120220,122050,121720,121740,121750
19678,87,388,137930,139820,139430,139450,139520
19679,87,407,116850,118850,118350,118370,118550
19680,87,408,205920,207750,207420,207440,207450
19681,87,413,216220,218220,217720,217740,217920
19682,87,421,188200,190230,189700,189720,189930
19683,87,434,124530,126530,126030,126050,126230
19684,87,438,59670,61680,61170,61200,61380
19685,87,438,62550,64380,64050,64070,64080
19686,87,438,85720,87680,87220,87240,87380
19687,87,441,62660,64670,64160,64180,64370
19688,87,441,72640,74600,74140,74160,74300
19689,87,445,15420,17490,16920,16940,17190
19690,87,445,21500,23450,23000,23020,23150
19691,87,445,39870,41850,41370,41390,41550
19692,87,445,40600,42490,42100,42120,42190
19693,87,454,65570,67550,67070,67090,67250
19694,87,454,66510,68600,68010,68030,68300
19695,87,458,205320,207300,206820,206840,207000
19696,87,458,206960,208940,208460,208480,208640
19697,87,473,82770,84760,84270,84290,84460
19698,87,473,84140,86150,85640,85660,85850
19699,87,475,46930,48910,48430,48460,48610
19700,87,475,52400,54460,53900,53920,54160
19701,87,475,54290,56290,55790,55810,55990
19702,87,475,55520,57500,57020,57040,57200
19703,87,475,69600,71650,71100,71120,71350
19704,87,475,71020,73060,72520,72540,72760
19705,87,475,72270,74250,73770,73790,73950
19706,87,475,74070,75980,75570,75590,75680
19707,87,475,74680,76710,76180,76200,76410
19708,87,475,107120,108970,108620,108640,108670
19709,87,493,295880,297780,297380,297400,297480
19710,87,500,6970,8820,8470,8490,8520
19711,87,500,10510,12480,12010,12030,12180
19712,87,501,38680,40510,40180,40200,40210
19713,87,507,83980,85930,85480,85500,85630
19714,87,507,92220,94210,93720,93740,93910
19715,87,507,92250,98480,93750,98170,98180
19716,87,507,96680,98740,98180,98200,98440
19717,87,521,43740,45750,45240,45260,45450
19718,87,526,202710,204720,204210,204240,204420
19719,87,526,549260,551270,550760,550780,550970
19720,87,526,555940,557820,557440,557460,557520
19721,87,541,17140,19140,18640,18660,18840
19722,87,541,18840,20850,20340,20360,20550
19723,87,541,19750,21640,21250,21270,21340
19724,87,541,38910,40830,40410,40430,40530
19725,87,541,41820,43840,43320,43340,43540
19726,87,541,60200,62170,61700,61720,61870
19727,87,541,68200,70130,69700,69720,69830
19728,87,541,97840,99750,99340,99360,99450
19729,87,541,148970,150940,150470,150490,150640
19730,87,541,150440,152440,151940,151960,152140
19731,87,541,157520,159530,159020,159050,159230
19732,88,1,85290,87140,86790,86810,86840
19733,88,1,103570,105680,105070,105090,105380
19734,88,1,109400,111410,110900,110920,111110
19735,88,1,117200,119080,118700,118720,118780
19736,88,1,119910,121910,121410,121430,121610
19737,88,1,138340,140380,139840,139860,140080
19738,88,1,152990,155000,154490,154510,154700
19739,88,1,165340,167320,166840,166860,167020
19740,88,1,168380,170380,169880,169900,170080
19741,88,5,140250,142250,141750,141770,141950
19742,88,9,79470,81480,80970,81000,81180
19743,88,23,104490,106570,105990,106010,106270
19744,88,29,53880,55920,55380,55400,55620
19745,88,29,63310,65340,64810,64830,65040
19746,88,29,71020,73000,72520,72540,72700
19747,88,56,167480,169480,168980,169000,169180
19748,88,57,100980,102990,102480,102500,102690
19749,88,57,133270,135270,134770,134790,134970
19750,88,57,135000,137010,136500,136520,136710
19751,88,57,142900,144900,144400,144420,144600
19752,88,63,79640,81490,81140,81160,81190
19753,88,63,136810,138800,138310,138330,138500
19754,88,63,150040,152050,151540,151560,151750
19755,88,64,180620,182570,182120,182140,182270
19756,88,64,205490,207500,206990,207010,207200
19757,88,64,212380,214430,213880,213910,214130
19758,88,64,216030,218360,217530,217550,218060
19759,88,64,229880,231890,231380,231400,231590
19760,88,70,151400,153510,152900,152920,153210
19761,88,70,157810,159760,159310,159330,159460
19762,88,70,170810,172810,172310,172330,172510
19763,88,71,186600,188680,188100,188120,188380
19764,88,71,195430,197440,196930,196950,197140
19765,88,71,198030,200150,199530,199550,199850
19766,88,71,243060,244890,244560,244580,244590
19767,88,74,45590,47650,47090,47110,47350
19768,88,74,57580,59520,59080,59100,59220
19769,88,74,79550,81550,81050,81070,81250
19770,88,74,90910,92910,92410,92430,92610
19771,88,75,231200,233210,232700,232720,232910
19772,88,75,236850,238750,238350,238370,238450
19773,88,75,237420,239420,238920,238940,239120
19774,88,86,48660,50520,50160,50180,50220
19775,88,107,115210,117290,116710,116730,116990
19776,88,107,119010,121050,120510,120530,120750
19777,88,107,159510,161510,161010,161030,161210
19778,88,107,165030,166880,166530,166550,166580
19779,88,109,63750,65810,65250,65270,65510
19780,88,109,79290,81290,80790,80810,80990
19781,88,113,107860,109870,109360,109380,109570
19782,88,114,78240,80250,79740,79760,79950
19783,88,114,99970,102100,101470,101490,101800
19784,88,114,128420,130440,129920,129940,130140
19785,88,114,153060,155290,154560,154580,154990
19786,88,119,45690,47800,47190,47220,47500
19787,88,119,75400,77360,76900,76920,77060
19788,88,119,84170,86310,85670,85690,86010
19789,88,120,191140,193050,192640,192660,192750
19790,88,120,194180,196200,195680,195700,195900
19791,88,121,29170,31180,30670,30690,30880
19792,88,121,54880,57040,56380,56400,56740
19793,88,128,156720,158860,158220,158240,158560
19794,88,128,160710,162710,162210,162230,162410
19795,88,135,45960,47960,47460,47480,47660
19796,88,135,55280,57190,56780,56810,56890
19797,88,135,76760,78770,78260,78280,78470
19798,88,137,113840,115790,115340,115360,115490
19799,88,137,137910,139920,139410,139430,139620
19800,88,138,92110,94070,93610,93630,93770
19801,88,138,94620,96620,96120,96140,96320
19802,88,138,126860,128870,128360,128390,128570
19803,88,138,127810,129810,129310,129330,129510
19804,88,138,133980,136040,135480,135500,135740
19805,88,138,146970,149090,148470,148490,148790
19806,88,139,254190,256310,255690,255710,256010
19807,88,139,256740,258850,258240,258260,258550
19808,88,139,272190,274190,273690,273710,273890
19809,88,139,308830,310840,310330,310350,310540
19810,88,139,314170,316250,315670,315690,315950
19811,88,139,336300,338960,337800,338650,338660
19812,88,139,337160,339160,338660,338680,338860
19813,88,139,353990,355990,355490,355510,355690
19814,88,140,35240,37360,36740,36770,37060
19815,88,140,50340,52340,51840,51860,52040
19816,88,152,57760,59650,59260,59280,59350
19817,88,152,87150,89150,88650,88670,88850
19818,88,158,134770,136780,136270,136290,136480
19819,88,158,167410,169410,168910,168930,169110
19820,88,158,189510,191510,191010,191030,191210
19821,88,158,190460,192460,191960,191980,192160
19822,88,158,200110,202020,201610,201630,201720
19823,88,158,202550,204660,204050,204070,204360
19824,88,165,166530,168360,168030,168050,168060
19825,88,165,178950,180950,180450,180470,180650
19826,88,167,78950,80950,80450,80470,80650
19827,88,167,101020,103030,102520,102540,102730
19828,88,167,108640,110690,110140,110160,110390
19829,88,171,40140,42150,41640,41660,41850
19830,88,171,41060,43170,42560,42580,42870
19831,88,171,79500,81470,81000,81020,81170
19832,88,172,135340,137270,136840,136860,136970
19833,88,172,139750,141740,141250,141270,141440
19834,88,172,170570,172570,172070,172090,172270
19835,88,172,185860,187860,187360,187380,187560
19836,88,174,45560,47630,47060,47080,47330
19837,88,183,105410,107390,106910,106930,107090
19838,88,183,136140,138140,137640,137660,137840
19839,88,183,142180,144010,143680,143700,143710
19840,88,185,95410,97420,96910,96930,97120
19841,88,185,110570,112570,112070,112090,112270
19842,88,189,142350,144470,143850,143870,144170
19843,88,189,182830,184900,184330,184350,184600
19844,88,189,185770,187760,187270,187290,187460
19845,88,190,83680,85680,85180,85200,85380
19846,88,190,106420,108390,107920,107940,108090
19847,88,190,118470,120480,119970,119990,120180
19848,88,190,122940,124920,124440,124460,124620
19849,88,190,133000,134940,134500,134520,134640
19850,88,191,106060,108120,107560,107580,107820
19851,88,191,127830,129660,129330,129350,129360
19852,88,191,158500,160500,160000,160020,160200
19853,88,191,173890,175890,175390,175410,175590
19854,88,192,200930,202940,202430,202450,202640
19855,88,192,212290,214290,213790,213810,213990
19856,88,192,239800,241930,241300,241320,241630
19857,88,192,244030,246030,245530,245550,245730
19858,88,192,254770,256780,256270,256290,256480
19859,88,192,262720,264560,264220,264240,264260
19860,88,199,147290,149120,148790,148810,148820
19861,88,199,150950,153050,152450,152470,152750
19862,88,200,74510,76510,76010,76030,76210
19863,88,206,123320,125230,124820,124840,124930
19864,88,206,126000,128010,127500,127520,127710
19865,88,206,129120,131120,130620,130640,130820
19866,88,206,133050,135300,134550,134570,135000
19867,88,206,138860,140860,140360,140380,140560
19868,88,207,135150,137140,136650,136670,136840
19869,88,207,157650,159520,159150,159170,159220
19870,88,213,33190,35300,34690,34710,35000
19871,88,213,34920,36900,36420,36440,36600
19872,88,213,46590,48520,48090,48110,48220
19873,88,218,147000,149010,148500,148520,148710
19874,88,218,152820,154830,154320,154350,154530
19875,88,219,69230,71470,70730,70750,71170
19876,88,219,78310,80320,79810,79830,80020
19877,88,248,226850,228850,228350,228370,228550
19878,88,248,250840,252680,252340,252360,252380
19879,88,248,261280,263290,262780,262800,262990
19880,88,248,275060,276930,276560,276580,276630
19881,88,248,279220,281240,280720,280740,280940
19882,88,248,284360,286190,285860,285880,285890
19883,88,248,289460,291580,290960,290980,291280
19884,88,248,300840,302730,302340,302360,302430
19885,88,248,304420,306530,305920,305940,306230
19886,88,248,327900,330010,329400,329420,329710
19887,89,1,56520,58530,58020,58040,58230
19888,89,1,81090,82980,82590,82610,82680
19889,89,1,88820,90760,90320,90340,90460
19890,89,1,98880,101010,100380,100400,100710
19891,89,1,136530,138380,138030,138050,138080
19892,89,24,50920,52870,52420,52440,52570
19893,89,24,54520,56550,56020,56040,56250
19894,89,24,56030,58320,57530,57550,58020
19895,89,27,54050,56140,55550,55570,55840
19896,89,27,64620,66750,66120,66140,66450
19897,89,27,68310,70520,69810,69830,70220
19898,89,45,219600,221430,221100,221120,221130
19899,89,45,219630,224310,221130,224000,224010
19900,89,45,222510,224560,224010,224030,224260
19901,89,45,276150,278080,277650,277670,277780
19902,89,45,280420,282320,281920,281940,282020
19903,89,45,282330,284280,283830,283850,283980
19904,89,45,287080,289120,288580,288600,288820
19905,89,45,287920,290110,289420,289440,289810
19906,89,46,44580,46740,46080,46100,46440
19907,89,47,62890,64890,64390,64410,64590
19908,89,54,74060,75940,75560,75580,75640
19909,89,56,45560,47400,47060,47080,47100
19910,89,56,53380,55310,54880,54900,55010
19911,89,58,75290,77440,76790,76810,77140
19912,89,84,64750,66870,66250,66270,66570
19913,89,84,91200,93160,92700,92720,92860
19914,89,84,96610,98740,98110,98130,98440
19915,89,84,116380,118330,117880,117900,118030
19916,89,84,137870,139980,139370,139390,139680
19917,89,85,91920,93960,93420,93440,93660
19918,89,102,76190,78400,77690,77710,78100
19919,89,102,77260,79290,78760,78780,78990
19920,89,117,113900,115770,115400,115420,115470
19921,89,117,120000,122030,121500,121520,121730
19922,89,117,127340,129310,128840,128860,129010
19923,89,117,132600,134460,134100,134120,134160
19924,89,117,188090,190100,189590,189610,189800
19925,89,117,196310,198200,197810,197830,197900
19926,89,117,215060,217040,216560,216580,216740
19927,89,117,215690,217870,217190,217210,217570
19928,89,117,223260,225200,224760,224780,224900
19929,89,117,227210,229430,228710,228730,229130
19930,90,1,152320,154320,153820,153840,154020
19931,90,1,154360,156290,155860,155880,155990
19932,90,1,191230,193240,192730,192750,192940
19933,90,1,217920,219920,219420,219440,219620
19934,90,1,255300,257310,256800,256820,257010
19935,90,1,263280,265180,264780,264800,264880
19936,90,1,303100,305100,304600,304620,304800
19937,90,2,109580,111410,111080,111100,111110
19938,90,2,110140,112120,111640,111660,111820
19939,90,48,65310,67290,66810,66830,66990
19940,90,48,85200,87200,86700,86720,86900
19941,90,48,156600,158600,158100,158120,158300
19942,90,53,67390,69440,68890,68910,69140
19943,90,53,78500,80510,80000,80020,80210
19944,90,71,56550,58670,58050,58070,58370
19945,90,71,59860,61860,61360,61380,61560
19946,90,71,155290,157230,156790,156810,156930
19947,90,71,156810,158890,158310,158330,158590
19948,90,72,59270,61240,60770,60790,60940
19949,90,72,76370,78220,77870,77890,77920
19950,90,72,77420,79420,78920,78940,79120
19951,90,72,99860,101980,101360,101380,101680
19952,90,72,114790,116790,116290,116310,116490
19953,90,72,114820,119460,116320,119150,119160
19954,90,72,117660,119790,119160,119180,119490
19955,90,107,59670,61890,61170,61190,61590
19956,90,107,71360,73220,72860,72880,72920
19957,90,107,72920,74920,74420,74440,74620
19958,90,107,74530,76400,76030,76060,76100
19959,90,107,87460,89460,88960,88980,89160
19960,90,107,90200,92150,91700,91720,91850
19961,90,107,94270,96350,95770,95790,96050
19962,90,107,95220,97330,96720,96740,97030
19963,90,111,86390,88370,87890,87910,88070
19964,90,197,43870,45880,45370,45390,45580
19965,90,197,45960,47960,47460,47480,47660
19966,90,197,56190,58250,57690,57710,57950
19967,90,197,81670,83580,83170,83190,83280
19968,90,197,91020,92890,92520,92540,92590
19969,90,197,111440,113460,112940,112960,113160
19970,90,197,114910,116910,116410,116430,116610
19971,90,197,120380,122380,121880,121900,122080
19972,90,197,135470,137480,136970,136990,137180
19973,90,197,137300,139290,138800,138820,138990
19974,90,197,146840,148980,148340,148360,148680
19975,90,198,38300,40300,39800,39820,40000
19976,90,198,49130,51170,50630,50650,50870
19977,90,198,52020,54030,53520,53540,53730
19978,90,198,61100,63100,62600,62620,62800
19979,90,198,79090,81030,80590,80610,80730
19980,90,198,87500,89500,89000,89020,89200
19981,90,198,89640,91480,91140,91160,91180
19982,90,198,91380,93390,92880,92900,93090
19983,90,198,96460,98460,97960,97980,98160
19984,90,198,106970,108970,108470,108490,108670
19985,90,198,108520,110350,110020,110040,110050
19986,90,198,117760,119760,119260,119280,119460
19987,90,198,122870,124760,124370,124390,124460
19988,90,198,125680,127680,127180,127200,127380
19989,90,198,133440,135330,134940,134960,135030
19990,90,198,136420,138550,137920,137940,138250
19991,90,198,137960,140100,139460,139480,139800
19992,90,198,138480,140410,139980,140000,140110
19993,90,331,42520,44530,44020,44040,44230
19994,90,331,68920,70910,70420,70440,70610
19995,90,331,83270,85460,84770,84790,85160
19996,90,331,103990,105940,105490,105510,105640
19997,90,331,108860,110860,110360,110380,110560
19998,90,331,114990,116920,116490,116510,116620
19999,90,331,116610,118550,118110,118130,118250
20000,90,331,137260,139270,138760,138780,138970
20001,90,331,142150,144150,143650,143670,143850
20002,90,331,156640,158470,158140,158160,158170
20003,90,331,161180,163190,162680,162700,162890
20004,90,332,33630,35620,35130,35150,35320
20005,90,332,49420,51420,50920,50940,51120
20006,90,332,56620,58530,58120,58150,58230
20007,90,332,73510,75340,75010,75030,75040
20008,90,332,77020,79190,78520,78540,78890
20009,90,332,93330,95330,94830,94850,95030
20010,90,332,93360,96670,94860,96360,96370
20011,90,332,94870,97060,96370,96390,96760
20012,90,332,108380,110320,109880,109900,110020
20013,90,332,112780,114780,114280,114300,114480
20014,90,332,118440,120440,119940,119960,120140
20015,90,332,122450,124570,123950,123970,124270
20016,90,332,127310,129270,128810,128830,128970
20017,91,1,20130,22130,21630,21650,21830
20018,91,1,24810,26810,26310,26330,26510
20019,91,1,33090,35000,34590,34610,34700
20020,91,1,33590,35560,35090,35110,35260
20021,91,1,57570,59400,59070,59090,59100
20022,91,1,65600,67490,67100,67120,67190
20023,91,1,70880,72720,72380,72400,72420
20024,91,1,72580,74550,74080,74100,74250
20025,91,1,97160,99170,98660,98680,98870
20026,91,3,44580,46590,46080,46100,46290
20027,91,3,58150,60000,59650,59670,59700
20028,91,3,62470,64470,63970,63990,64170
20029,91,129,54830,56830,56330,56350,56530
20030,91,135,67550,69380,69050,69070,69080
20031,91,135,69450,71280,70950,70970,70980
20032,91,135,72900,74900,74400,74420,74600
20033,91,135,82640,84530,84140,84160,84230
20034,91,135,225420,227450,226920,226940,227150
20035,91,135,227880,229880,229380,229400,229580
20036,91,135,234750,236670,236250,236270,236370
20037,91,135,240970,243100,242470,242490,242800
20038,91,135,242690,244550,244190,244220,244250
20039,91,279,55960,57960,57460,57480,57660
20040,91,279,75480,77330,76980,77000,77030
20041,91,279,80310,82310,81810,81830,82010
20042,91,280,65580,67830,67080,67110,67530
20043,91,292,142610,144730,144110,144130,144430
20044,91,292,144560,146460,146060,146080,146160
20045,91,292,148380,150390,149880,149900,150090
20046,91,292,149720,151620,151220,151240,151320
20047,91,292,192260,194280,193760,193780,193980
20048,91,292,197940,199970,199440,199460,199670
20049,91,292,246050,248060,247550,247570,247760
20050,91,292,249470,251470,250970,250990,251170
20051,92,1,75960,77960,77460,77490,77660
20052,92,1,80490,82490,81990,82010,82190
20053,92,1,82620,84620,84120,84140,84320
20054,92,1,85080,87090,86580,86600,86790
20055,92,1,111430,113320,112930,112950,113020
20056,92,1,118100,120060,119600,119620,119760
20057,92,1,118130,120400,119630,120090,120100
20058,92,1,118600,120510,120100,120120,120210
20059,92,1,126380,128380,127880,127900,128080
20060,92,1,128960,130960,130460,130480,130660
20061,92,1,132750,134710,134250,134270,134410
20062,92,1,134460,136440,135960,135980,136140
20063,92,1,156080,158170,157580,157600,157870
20064,92,1,163970,165970,165470,165490,165670
20065,92,1,164000,166610,165500,166300,166310
20066,92,1,164810,166820,166310,166330,166520
20067,92,1,188140,190260,189640,189660,189960
20068,92,1,210790,212930,212290,212310,212630
20069,92,1,211820,213920,213320,213340,213620
20070,92,1,217120,219080,218620,218640,218780
20071,92,1,220760,222870,222260,222280,222570
20072,92,1,275710,277550,277210,277240,277250
20073,92,6,45690,47700,47190,47210,47400
20074,92,6,46610,48620,48110,48130,48320
20075,92,6,61300,63350,62800,62820,63050
20076,92,6,64700,66650,66200,66220,66350
20077,92,6,65220,67120,66720,66740,66820
20078,92,6,71510,73450,73010,73030,73150
20079,92,8,21200,23190,22700,22720,22890
20080,92,8,21740,23670,23240,23260,23370
20081,92,8,22430,24430,23930,23950,24130
20082,92,8,25800,27630,27300,27320,27330
20083,92,10,20970,23070,22470,22490,22770
20084,92,10,21490,23490,22990,23010,23190
20085,92,10,28090,30080,29590,29610,29780
20086,92,10,33870,35790,35370,35390,35490
20087,92,10,35430,37420,36930,36960,37120
20088,92,10,36220,38220,37720,37740,37920
20089,92,10,37240,39280,38740,38760,38980
20090,92,10,38460,40510,39960,39980,40210
20091,92,10,41350,43360,42850,42870,43060
20092,92,10,42570,44500,44070,44090,44200
20093,92,10,44610,46610,46110,46130,46310
20094,92,10,46750,48740,48250,48270,48440
20095,92,22,33740,35640,35240,35260,35340
20096,92,22,34600,36610,36100,36120,36310
20097,92,22,35570,37600,37070,37090,37300
20098,92,22,37150,39330,38650,38670,39030
20099,92,22,38990,41000,40490,40510,40700
20100,92,22,47340,49330,48840,48860,49030
20101,92,22,49920,52060,51420,51440,51760
20102,92,22,50830,52840,52330,52350,52540
20103,92,22,53830,55770,55330,55350,55470
20104,92,22,53860,59840,55360,59530,59540
20105,92,22,58040,60250,59540,59560,59950
20106,92,22,60500,62520,62000,62020,62220
20107,92,25,21370,23280,22870,22890,22980
20108,92,25,30120,32080,31620,31640,31780
20109,92,25,35520,37490,37020,37040,37190
20110,92,25,36140,38070,37640,37660,37770
20111,92,25,45660,47670,47160,47180,47370
20112,92,25,54220,56200,55720,55740,55900
20113,92,25,55660,57620,57160,57180,57320
20114,92,34,219130,221150,220630,220650,220850
20115,92,34,252290,254230,253790,253810,253930
20116,92,34,255010,257030,256510,256530,256730
20117,92,34,292210,294380,293710,293730,294080
20118,92,34,310030,312000,311530,311550,311700
20119,92,34,347190,349200,348690,348710,348900
20120,92,34,372690,374570,374190,374210,374270
20121,92,34,391520,393350,393020,393040,393050
20122,92,34,436710,438780,438210,438230,438480
20123,92,34,444270,446130,445770,445790,445830
20124,92,34,492140,494140,493640,493660,493840
20125,92,34,498530,500370,500030,500050,500070
20126,92,34,513170,515180,514670,514690,514880
20127,92,34,544450,546450,545950,545970,546150
20128,92,34,548820,550820,550320,550340,550520
20129,92,34,551800,553640,553300,553320,553340
20130,92,42,108900,110810,110400,110420,110510
20131,92,42,112080,114210,113580,113600,113910
20132,92,42,163820,165650,165320,165340,165350
20133,92,42,165180,167090,166680,166700,166790
20134,92,42,195110,197100,196610,196630,196800
20135,92,42,220560,222500,222060,222080,222200
20136,92,42,221090,223090,222590,222610,222790
20137,92,42,221680,223830,223180,223200,223530
20138,92,42,230910,232800,232410,232430,232500
20139,92,42,233860,236050,235360,235380,235750
20140,92,42,237090,239100,238590,238610,238800
20141,92,42,245270,247340,246770,246800,247040
20142,92,42,247110,248980,248610,248630,248680
20143,92,42,248190,250190,249690,249710,249890
20144,92,42,248840,250800,250340,250360,250500
20145,92,42,249420,251370,250920,250940,251070
20146,92,42,251560,253610,253060,253080,253310
20147,92,42,253210,255070,254710,254730,254770
20148,92,42,254010,255950,255510,255540,255650
20149,92,42,255880,257920,257380,257400,257620
20150,92,42,346140,348140,347640,347660,347840
20151,92,42,371120,373130,372620,372640,372830
20152,92,42,393410,395270,394910,394940,394970
20153,92,42,393450,395720,394950,395410,395420
20154,92,42,393920,395920,395420,395440,395620
20155,92,49,74120,76090,75620,75640,75790
20156,92,64,40390,42350,41890,41910,42050
20157,92,64,40950,42810,42450,42470,42510
20158,92,70,231080,232920,232580,232610,232620
20159,92,70,243140,245100,244640,244660,244800
20160,92,70,266490,268430,267990,268010,268130
20161,92,70,267250,269150,268750,268770,268850
20162,92,70,268010,270130,269510,269530,269830
20163,92,70,275380,277430,276880,276900,277130
20164,92,70,295270,297350,296770,296790,297050
20165,92,70,300110,302120,301610,301630,301820
20166,92,70,314850,316910,316350,316370,316610
20167,92,70,317350,319210,318850,318870,318910
20168,92,70,344530,346570,346030,346050,346270
20169,92,70,345290,347240,346790,346810,346940
20170,92,70,351270,353290,352770,352790,352990
20171,92,70,354020,355980,355520,355540,355680
20172,92,70,367810,369820,369310,369340,369520
20173,92,70,368310,370230,369810,369830,369930
20174,92,70,450890,452900,452390,452410,452600
20175,92,73,97210,99060,98710,98730,98760
20176,92,73,126160,128170,127660,127680,127870
20177,92,73,126190,143890,127690,143580,143590
20178,92,73,142120,152170,143620,151860,151870
20179,92,73,150370,152200,151870,151890,151900
20180,92,73,269760,271600,271260,271280,271300
20181,92,73,287200,289310,288700,288720,289010
20182,92,73,357880,359800,359380,359400,359500
20183,92,73,362400,364410,363900,363920,364110
20184,92,73,367320,369320,368820,368840,369020
20185,92,73,368650,370480,370150,370170,370180
20186,92,73,369740,371650,371240,371260,371350
20187,92,73,370290,372390,371790,371810,372090
20188,92,73,378940,380950,380440,380460,380650
20189,92,73,406900,408940,408400,408420,408640
20190,92,73,408710,410710,410210,410230,410410
20191,92,73,417410,419420,418910,418930,419120
20192,92,73,429180,431190,430680,430700,430890
20193,92,73,432050,434010,433550,433570,433710
20194,92,73,496770,498820,498270,498290,498520
20195,92,73,505020,507040,506520,506540,506740
20196,92,73,534720,536600,536220,536240,536300
20197,92,75,30380,32360,31880,31900,32060
20198,92,75,60400,62450,61900,61920,62150
20199,92,75,60430,62700,61930,62390,62400
20200,92,75,60900,62910,62400,62420,62610
20201,92,75,61670,63730,63170,63190,63430
20202,92,75,61700,63980,63200,63670,63680
20203,92,75,62180,64180,63680,63700,63880
20204,92,75,65850,67710,67350,67370,67410
20205,92,75,72960,74790,74460,74480,74490
20206,92,75,74200,76180,75700,75720,75880
20207,92,78,119160,121260,120660,120680,120960
20208,92,78,170080,172080,171580,171600,171780
20209,92,78,171520,173380,173020,173040,173080
20210,92,78,174950,176940,176450,176470,176640
20211,92,78,178620,180500,180120,180140,180200
20212,92,78,180610,182510,182110,182130,182210
20213,92,78,181450,183530,182950,182970,183230
20214,92,78,182090,184090,183590,183610,183790
20215,92,78,184790,186790,186290,186310,186490
20216,92,78,188060,190080,189560,189580,189780
20217,92,78,226100,228090,227600,227620,227790
20218,92,78,226770,228880,228270,228290,228580
20219,92,78,229990,231890,231490,231520,231590
20220,92,78,230500,232360,232000,232020,232060
20221,92,78,235430,237430,236930,236950,237130
20222,92,78,235460,237730,236960,237420,237430
20223,92,78,235930,237930,237430,237450,237630
20224,92,78,239600,241760,241100,241120,241460
20225,92,78,240780,242900,242280,242300,242600
20226,92,78,245780,247780,247280,247300,247480
20227,92,78,248150,250200,249650,249670,249900
20228,92,78,251940,253970,253440,253470,253670
20229,92,78,258360,260360,259860,259880,260060
20230,92,78,260450,262300,261950,261970,262000
20231,92,78,261390,263390,262890,262910,263090
20232,92,78,301550,303560,303050,303070,303260
20233,92,78,310190,312020,311690,311710,311720
20234,92,78,310220,315750,311720,315440,315450
20235,92,78,313950,315950,315450,315470,315650
20236,92,78,315350,317180,316850,316870,316880
20237,92,79,106480,108320,107980,108000,108020
20238,92,79,161350,163200,162850,162870,162900
20239,92,79,179710,181550,181210,181230,181250
20240,92,79,181030,182860,182530,182550,182560
20241,92,79,181060,200660,182560,200350,200360
20242,92,79,198860,200700,200360,200380,200400
20243,92,79,202590,204520,204090,204110,204220
20244,92,79,206810,208820,208310,208330,208520
20245,92,79,216230,218310,217730,217750,218010
20246,92,79,216260,218530,217760,218220,218230
20247,92,79,216730,218740,218230,218250,218440
20248,92,79,218500,220500,220000,220020,220200
20249,92,79,220550,222470,222050,222070,222170
20250,92,79,221230,223190,222730,222750,222890
20251,92,79,222000,223940,223500,223520,223640
20252,92,79,222810,224800,224310,224330,224500
20253,92,79,222840,225120,224340,224810,224820
20254,92,79,223320,225450,224820,224840,225150
20255,92,79,324010,326010,325510,325530,325710
20256,92,79,326670,328660,328170,328190,328360
20257,92,79,327220,329190,328720,328740,328890
20258,92,79,339330,341330,340830,340850,341030
20259,92,79,341070,343080,342570,342590,342780
20260,92,79,355960,357970,357460,357480,357670
20261,92,79,357630,359750,359130,359150,359450
20262,92,88,5580,7580,7080,7100,7280
20263,92,88,18820,20710,20320,20340,20410
20264,92,88,19940,21930,21440,21460,21630
20265,92,88,20780,22780,22280,22300,22480
20266,92,88,21800,23950,23300,23320,23650
20267,92,88,24360,26360,25860,25880,26060
20268,92,88,27360,29320,28860,28880,29020
20269,92,88,33500,35500,35000,35020,35200
20270,92,88,39210,41380,40710,40730,41080
20271,92,88,46230,48380,47730,47750,48080
20272,92,92,33910,35910,35410,35430,35610
20273,92,103,19140,21140,20640,20660,20840
20274,92,103,30420,32350,31920,31940,32050
20275,92,103,41650,43630,43150,43170,43330
20276,92,103,43810,45780,45310,45330,45480
20277,92,103,48830,50830,50330,50350,50530
20278,92,103,49330,51230,50830,50850,50930
20279,92,103,52210,54100,53710,53730,53800
20280,92,103,54450,56410,55950,55970,56110
20281,92,103,56890,58890,58390,58410,58590
20282,92,108,12440,14440,13940,13960,14140
20283,92,108,28710,30560,30210,30230,30260
20284,92,108,28740,36080,30240,35770,35780
20285,92,108,34280,36220,35780,35800,35920
20286,92,108,36330,38260,37830,37850,37960
20287,92,108,38000,40320,39500,39520,40020
20288,92,108,41500,43500,43000,43020,43200
20289,92,108,46410,48590,47910,47930,48290
20290,92,108,47390,49280,48890,48910,48980
20291,92,110,57420,59380,58920,58940,59080
20292,92,110,59660,61760,61160,61180,61460
20293,92,110,60630,62550,62130,62150,62250
20294,92,111,178890,180790,180390,180410,180490
20295,92,111,179920,181920,181420,181440,181620
20296,92,111,180420,182330,181920,181940,182030
20297,92,111,181600,183430,183100,183120,183130
20298,92,111,182750,184640,184250,184270,184340
20299,92,111,183950,185810,185450,185470,185510
20300,92,111,184600,186730,186100,186120,186430
20301,92,111,187530,189840,189030,189050,189540
20302,92,111,189110,191130,190610,190630,190830
20303,92,111,191390,193400,192890,192910,193100
20304,92,111,193110,194940,194610,194630,194640
20305,92,111,199170,201260,200670,200690,200960
20306,92,111,200110,202200,201610,201630,201900
20307,92,111,200990,202820,202490,202510,202520
20308,92,111,201970,203810,203470,203490,203510
20309,92,111,219430,221260,220930,220950,220960
20310,92,111,220300,222390,221800,221820,222090
20311,92,111,222180,224130,223680,223700,223830
20312,92,111,227020,229020,228520,228540,228720
20313,92,111,233070,235130,234570,234590,234830
20314,92,111,233700,235610,235200,235220,235310
20315,92,111,238630,240630,240130,240150,240330
20316,92,111,241420,243520,242920,242940,243220
20317,92,111,243510,245510,245010,245030,245210
20318,92,111,249620,251710,251120,251140,251410
20319,92,111,251740,253800,253240,253260,253500
20320,92,111,255300,257240,256800,256820,256940
20321,92,111,256040,258150,257540,257560,257850
20322,92,111,325540,327630,327040,327060,327330
20323,92,111,328110,330110,329610,329630,329810
20324,92,111,328700,330750,330200,330220,330450
20325,92,111,334570,336840,336070,336090,336540
20326,92,111,381920,383920,383420,383440,383620
20327,92,111,383940,386050,385440,385460,385750
20328,92,111,387280,389290,388780,388800,388990
20329,92,111,391210,393220,392710,392730,392920
20330,92,111,392270,394300,393770,393790,394000
20331,92,111,398900,400990,400400,400420,400690
20332,92,112,138380,140390,139880,139900,140090
20333,92,112,164130,166130,165630,165650,165830
20334,92,112,165350,167350,166850,166870,167050
20335,92,112,189110,191110,190610,190630,190810
20336,92,112,190030,191970,191530,191550,191670
20337,92,112,201440,203450,202940,202960,203150
20338,92,112,202280,204280,203780,203800,203980
20339,92,112,203580,205590,205080,205110,205290
20340,92,112,207270,209290,208770,208790,208990
20341,92,112,363450,365560,364950,364970,365260
20342,92,112,410470,412470,411970,411990,412170
20343,92,112,412000,414000,413500,413520,413700
20344,92,112,415170,417000,416670,416690,416700
20345,92,112,416120,418130,417620,417640,417830
20346,92,112,416150,422860,417650,422550,422560
20347,92,112,421060,423040,422560,422580,422740
20348,92,112,421620,423640,423120,423140,423340
20349,92,112,425040,427020,426540,426560,426720
20350,92,112,426070,428300,427570,427590,428000
20351,92,112,440880,442870,442380,442400,442570
20352,92,112,441810,443790,443310,443330,443490
20353,92,112,442310,444240,443810,443830,443940
20354,92,112,446860,448870,448360,448380,448570
20355,92,112,448960,450970,450460,450480,450670
20356,92,112,450400,452460,451900,451920,452160
20357,92,112,451820,453920,453320,453340,453620
20358,92,112,453500,455490,455000,455020,455190
20359,92,112,454320,456320,455820,455840,456020
20360,92,112,458690,460650,460190,460210,460350
20361,92,112,461900,463730,463400,463420,463430
20362,92,112,463980,466010,465480,465500,465710
20363,92,112,464760,466770,466260,466280,466470
20364,92,112,466510,468460,468010,468030,468160
20365,92,112,472560,474420,474060,474080,474120
20366,92,112,474880,476770,476380,476400,476470
20367,92,112,478410,480300,479910,479930,480000
20368,92,112,478440,480890,479940,480580,480590
20369,92,112,479090,481060,480590,480610,480760
20370,92,112,480160,482030,481660,481680,481730
20371,92,112,703000,704860,704500,704520,704560
20372,92,116,360200,362170,361700,361720,361870
20373,92,116,385330,387320,386830,386850,387020
20374,92,116,414500,416470,416000,416020,416170
20375,92,116,415240,417180,416740,416760,416880
20376,92,116,415920,417750,417420,417440,417450
20377,92,116,417250,419250,418750,418770,418950
20378,92,116,418330,420240,419830,419850,419940
20379,92,116,424910,426850,426410,426430,426550
20380,92,116,426020,428000,427520,427540,427700
20381,92,116,429120,431130,430620,430640,430830
20382,92,116,431100,433300,432600,432620,433000
20383,92,116,433030,435000,434530,434550,434700
20384,92,116,433730,435710,435230,435250,435410
20385,92,116,436540,438400,438040,438070,438100
20386,92,116,439170,441170,440670,440690,440870
20387,92,116,452480,454500,453980,454000,454200
20388,92,116,454030,456080,455530,455550,455780
20389,92,116,461660,463660,463160,463180,463360
20390,92,116,465560,467630,467060,467080,467330
20391,92,116,467540,469430,469040,469060,469130
20392,92,116,481120,483130,482620,482650,482830
20393,92,116,482660,484700,484160,484180,484400
20394,92,116,483310,485290,484810,484830,484990
20395,92,116,494860,496880,496360,496380,496580
20396,92,116,498010,500010,499510,499530,499710
20397,92,116,511280,513400,512780,512800,513100
20398,92,116,512730,514580,514230,514250,514280
20399,92,116,515650,517880,517150,517170,517580
20400,92,116,517220,519170,518720,518740,518870
20401,92,116,520040,522040,521540,521560,521740
20402,92,116,523770,525780,525270,525290,525480
20403,92,116,532280,534290,533780,533800,533990
20404,92,116,542650,544570,544150,544170,544270
20405,92,116,543320,545150,544820,544840,544850
20406,92,116,545180,547330,546680,546700,547030
20407,92,116,551420,553350,552920,552940,553050
20408,92,116,553600,555700,555100,555120,555400
20409,92,116,553630,555900,555130,555590,555600
20410,92,116,554100,556220,555600,555620,555920
20411,92,116,557670,559650,559170,559190,559350
20412,92,116,558990,561050,560490,560510,560750
20413,92,116,567740,569620,569240,569260,569320
20414,92,116,599960,601880,601460,601480,601580
20415,92,116,601780,603870,603280,603300,603570
20416,92,116,615980,617960,617480,617500,617660
20417,92,116,621760,623770,623260,623280,623470
20418,92,116,649120,651260,650620,650640,650960
20419,92,116,650680,652660,652180,652200,652360
20420,92,116,658500,660500,660000,660020,660200
20421,92,116,681450,683460,682950,682970,683160
20422,92,116,684680,686820,686180,686200,686520
20423,92,118,34430,36260,35930,35950,35960
20424,92,118,39680,41650,41180,41200,41350
20425,92,118,47190,49190,48690,48710,48890
20426,92,118,48040,49950,49540,49560,49650
20427,92,118,48540,50520,50040,50060,50220
20428,92,118,57820,59720,59320,59340,59420
20429,92,118,61770,63610,63270,63290,63310
20430,92,118,72270,74260,73770,73790,73960
20431,92,118,76910,78910,78410,78430,78610
20432,92,118,80360,82360,81860,81880,82060
20433,92,118,81160,83090,82660,82680,82790
20434,92,118,83460,85370,84960,84980,85070
20435,92,118,84370,86420,85870,85890,86120
20436,92,118,98690,100520,100190,100210,100220
20437,92,118,102830,104800,104330,104350,104500
20438,92,118,131120,133430,132620,132640,133130
20439,92,118,132320,134260,133820,133840,133960
20440,92,118,134330,136330,135830,135850,136030
20441,92,118,134980,136980,136480,136500,136680
20442,92,118,135840,137850,137340,137360,137550
20443,92,118,135870,138140,137370,137830,137840
20444,92,118,136340,138350,137840,137860,138050
20445,92,119,11480,13310,12980,13000,13010
20446,92,119,62200,64270,63700,63720,63970
20447,92,119,63090,65090,64590,64610,64790
20448,92,119,65290,67530,66790,66810,67230
20449,92,119,67700,69650,69200,69220,69350
20450,92,119,68280,70290,69780,69800,69990
20451,92,119,69180,71250,70680,70700,70950
20452,92,119,69950,71820,71450,71470,71520
20453,92,119,88810,90870,90310,90330,90570
20454,92,119,91610,93630,93110,93130,93330
20455,92,119,94440,96280,95940,95960,95980
20456,92,119,95020,96950,96520,96540,96650
20457,92,119,98390,100390,99890,99910,100090
20458,92,119,99530,101530,101030,101050,101230
20459,92,119,166180,168310,167680,167700,168010
20460,92,119,167820,169760,169320,169340,169460
20461,92,119,349660,351630,351160,351180,351330
20462,92,119,351430,353760,352930,352950,353460
20463,92,119,353830,355760,355330,355350,355460
20464,92,119,360290,362290,361790,361810,361990
20465,92,119,362760,364680,364260,364280,364380
20466,92,119,367670,369810,369170,369190,369510
20467,92,126,108560,110560,110060,110080,110260
20468,92,126,109360,111370,110860,110880,111070
20469,92,126,121040,122910,122540,122560,122610
20470,92,129,28390,30390,29890,29910,30090
20471,92,129,30290,32300,31790,31810,32000
20472,92,129,31960,34010,33460,33480,33710
20473,92,129,32480,34380,33980,34000,34080
20474,92,129,34130,36040,35630,35650,35740
20475,92,129,35670,37530,37170,37190,37230
20476,92,129,39040,41070,40540,40570,40770
20477,92,129,44810,46740,46310,46330,46440
20478,92,129,48100,50280,49600,49620,49980
20479,92,129,49190,51200,50690,50710,50900
20480,92,129,49910,51900,51410,51430,51600
20481,92,129,50720,52580,52220,52240,52280
20482,92,129,53020,54950,54520,54540,54650
20483,92,131,54510,56510,56010,56030,56210
20484,92,131,54540,56810,56040,56500,56510
20485,92,131,55010,57010,56510,56530,56710
20486,92,131,56400,58400,57900,57920,58100
20487,92,131,56940,58810,58440,58460,58510
20488,92,131,56970,79080,58470,78770,78780
20489,92,131,77280,79250,78780,78800,78950
20490,92,132,35870,37830,37370,37390,37530
20491,92,132,36550,38380,38050,38070,38080
20492,92,132,37090,38970,38590,38610,38670
20493,92,132,38410,40320,39910,39930,40020
20494,92,132,40130,42040,41630,41660,41740
20495,92,132,54700,56590,56200,56220,56290
20496,92,134,42090,44080,43590,43610,43780
20497,92,134,43410,45410,44910,44930,45110
20498,92,134,44630,46660,46130,46150,46360
20499,92,134,55290,57360,56790,56810,57060
20500,92,134,55320,57600,56820,57290,57300
20501,92,134,55800,57630,57300,57320,57330
20502,92,134,57070,59000,58570,58590,58700
20503,92,134,61410,63410,62910,62930,63110
20504,92,134,62190,64100,63690,63710,63800
20505,92,134,63490,65700,64990,65010,65400
20506,92,134,64450,66380,65950,65970,66080
20507,92,134,65310,67160,66810,66830,66860
20508,92,134,65340,67610,66840,67300,67310
20509,92,134,65810,67830,67310,67330,67530
20510,92,134,69250,71210,70750,70770,70910
20511,92,134,69750,71750,71250,71270,71450
20512,92,134,71300,73170,72800,72820,72870
20513,92,134,71330,76310,72830,76000,76010
20514,92,134,74510,76520,76010,76030,76220
20515,92,134,75930,77960,77430,77450,77660
20516,92,134,78660,80660,80160,80180,80360
20517,92,144,20780,22670,22280,22300,22370
20518,92,144,23440,25370,24940,24960,25070
20519,92,144,26640,28570,28140,28160,28270
20520,92,144,27530,29490,29030,29050,29190
20521,92,144,58780,60810,60280,60300,60510
20522,92,144,59280,61170,60780,60800,60870
20523,92,149,25660,27780,27160,27180,27480
20524,92,149,39570,41450,41070,41090,41150
20525,92,149,40460,42470,41960,41980,42170
20526,92,149,43760,45720,45260,45280,45420
20527,92,149,45590,47590,47090,47110,47290
20528,92,149,45620,47890,47120,47580,47590
20529,92,149,46090,47950,47590,47610,47650
20530,92,149,46120,51660,47620,51350,51360
20531,92,149,49860,51970,51360,51380,51670
20532,92,149,51990,53850,53490,53510,53550
20533,92,149,59300,61370,60800,60820,61070
20534,92,152,36480,38690,37980,38000,38390
20535,92,152,37440,39290,38940,38960,38990
20536,92,152,346350,348300,347850,347870,348000
20537,92,152,352100,354150,353600,353620,353850
20538,92,152,356030,357980,357530,357550,357680
20539,92,152,359300,361300,360800,360820,361000
20540,92,152,360600,362470,362100,362120,362170
20541,92,152,360630,362900,362130,362590,362600
20542,92,152,361100,363140,362600,362630,362840
20543,92,152,392980,394910,394480,394500,394610
20544,92,152,396270,398290,397770,397790,397990
20545,92,152,399730,401730,401230,401250,401430
20546,92,152,417880,420000,419380,419400,419700
20547,92,152,434280,436380,435780,435800,436080
20548,92,152,477870,479820,479370,479390,479520
20549,92,152,482660,484670,484160,484180,484370
20550,92,152,493950,496100,495450,495470,495800
20551,92,152,495090,497210,496590,496610,496910
20552,92,152,527660,529660,529160,529180,529360
20553,92,153,34550,36500,36050,36070,36200
20554,92,153,67350,69350,68850,68870,69050
20555,92,153,74530,76540,76030,76050,76240
20556,92,153,77280,79350,78780,78800,79050
20557,92,153,78460,80460,79960,79980,80160
20558,92,153,123090,125100,124590,124610,124800
20559,92,153,182240,184260,183740,183760,183960
20560,92,153,194450,196380,195950,195980,196080
20561,92,159,151730,153800,153230,153250,153500
20562,92,159,173270,175400,174770,174790,175100
20563,92,159,244190,246020,245690,245710,245720
20564,92,159,305080,307120,306580,306600,306820
20565,92,159,307520,309530,309020,309040,309230
20566,92,159,327240,329320,328740,328760,329020
20567,92,159,330120,332050,331620,331640,331750
20568,92,159,343830,345940,345330,345350,345640
20569,92,159,344350,346610,345850,345870,346310
20570,92,159,351070,353070,352570,352590,352770
20571,92,159,354410,356360,355910,355930,356060
20572,92,159,355960,358000,357460,357480,357700
20573,92,159,357710,359710,359210,359230,359410
20574,92,159,358830,360880,360330,360350,360580
20575,92,159,359890,362030,361390,361410,361730
20576,92,159,361110,363230,362610,362630,362930
20577,92,159,363690,365640,365190,365210,365340
20578,92,159,364420,366380,365920,365940,366080
20579,92,159,367970,370160,369470,369490,369860
20580,92,159,375210,377250,376710,376730,376950
20581,92,159,378610,380580,380110,380130,380280
20582,92,159,382270,384410,383770,383790,384110
20583,92,159,384620,386630,386120,386140,386330
20584,92,159,387830,389820,389330,389350,389520
20585,92,159,398600,400620,400100,400120,400320
20586,92,163,83750,85750,85250,85270,85450
20587,92,163,84650,86650,86150,86170,86350
20588,92,163,87500,89550,89000,89020,89250
20589,92,163,113720,115700,115220,115240,115400
20590,92,165,64450,66380,65950,65970,66080
20591,92,165,65830,67850,67330,67350,67550
20592,92,168,8840,10840,10340,10360,10540
20593,92,168,17230,19220,18730,18750,18920
20594,92,171,32900,35060,34400,34420,34760
20595,92,171,35230,37330,36730,36750,37030
20596,92,171,58000,60580,59500,59520,60280
20597,92,171,96850,98830,98350,98370,98530
20598,92,171,98530,100480,100030,100050,100180
20599,92,171,101950,103950,103450,103470,103650
20600,92,171,103710,105690,105210,105230,105390
20601,92,171,105270,107280,106770,106800,106980
20602,92,172,17490,19360,18990,19010,19060
20603,92,172,18610,20520,20110,20130,20220
20604,92,172,19760,21590,21260,21280,21290
20605,92,172,20260,22130,21760,21780,21830
20606,92,172,21320,23280,22820,22840,22980
20607,92,172,22020,23940,23520,23540,23640
20608,92,172,23370,25440,24870,24890,25140
20609,92,172,23400,25670,24900,25360,25370
20610,92,172,23870,25700,25370,25390,25400
20611,92,172,26580,28420,28080,28100,28120
20612,92,172,27940,29940,29440,29460,29640
20613,92,172,29510,31400,31010,31030,31100
20614,92,172,31440,33550,32940,32960,33250
20615,92,172,38960,40820,40460,40480,40520
20616,92,172,39770,41620,41270,41300,41320
20617,92,175,11650,13650,13150,13170,13350
20618,92,175,25940,27940,27440,27460,27640
20619,92,175,43490,45320,44990,45010,45020
20620,92,176,400610,402440,402110,402130,402140
20621,92,176,404440,406330,405940,405960,406030
20622,92,184,103150,105220,104650,104670,104920
20623,92,184,110040,111870,111540,111560,111570
20624,92,184,112230,114110,113730,113750,113810
20625,92,184,140230,142090,141730,141760,141790
20626,92,184,142270,144430,143770,143790,144130
20627,92,184,144690,146630,146190,146210,146330
20628,92,184,146630,148630,148130,148150,148330
20629,92,186,23790,25790,25290,25310,25490
20630,92,186,31510,33340,33010,33030,33040
20631,92,187,18720,20720,20220,20240,20420
20632,92,187,38650,40600,40150,40170,40300
20633,92,187,44220,46210,45720,45740,45910
20634,92,187,44930,46880,46430,46450,46580
20635,92,187,45950,47950,47450,47470,47650
20636,92,187,47040,49050,48540,48560,48750
20637,92,187,56340,58320,57840,57860,58020
20638,92,190,19710,21720,21210,21230,21420
20639,92,190,20460,22290,21960,21980,21990
20640,92,190,21730,23760,23230,23250,23460
20641,92,190,22230,24110,23730,23750,23810
20642,92,190,25260,27250,26760,26790,26950
20643,92,190,28760,30610,30260,30280,30310
20644,92,190,35750,37820,37250,37270,37520
20645,92,190,44200,46070,45700,45720,45770
20646,92,195,57400,59400,58900,58920,59100
20647,92,195,58220,60220,59720,59740,59920
20648,92,195,70720,72720,72220,72240,72420
20649,92,195,71730,73680,73230,73250,73380
20650,92,195,73970,75830,75470,75490,75530
20651,92,196,189760,191590,191260,191280,191290
20652,92,196,189790,192060,191290,191750,191760
20653,92,196,190260,192170,191760,191780,191870
20654,92,203,61440,63290,62940,62960,62990
20655,92,206,346510,348510,348010,348030,348210
20656,92,206,350110,352230,351610,351630,351930
20657,93,1,85100,87230,86600,86620,86930
20658,93,1,104870,107070,106370,106390,106770
20659,93,1,105950,108000,107450,107470,107700
20660,93,1,108090,110060,109590,109610,109760
20661,93,1,120840,122750,122340,122360,122450
20662,93,1,122550,124390,124050,124070,124090
20663,93,1,126310,128140,127810,127830,127840
20664,93,1,127680,129520,129180,129200,129220
20665,93,1,138850,140850,140350,140370,140550
20666,93,1,142980,144970,144480,144500,144670
20667,93,1,144880,146790,146380,146400,146490
20668,93,26,231620,233630,233120,233140,233330
20669,93,35,21760,23770,23260,23280,23470
20670,93,79,30350,32630,31850,31870,32330
20671,93,80,148600,150600,150100,150120,150300
20672,93,80,149270,151110,150770,150790,150810
20673,93,89,12890,14720,14390,14410,14420
20674,93,89,35330,37320,36830,36850,37020
20675,93,89,35360,37630,36860,37320,37330
20676,93,89,35830,37850,37330,37350,37550
20677,93,89,36370,38520,37870,37890,38220
20678,93,89,40300,42300,41800,41820,42000
20679,93,89,44980,47050,46480,46500,46750
20680,93,89,54930,57030,56430,56450,56730
20681,93,89,83180,85420,84680,84700,85120
20682,93,90,35880,37920,37380,37400,37620
20683,93,94,39000,40890,40500,40530,40590
20684,93,95,25840,27840,27340,27360,27540
20685,93,95,34260,36380,35760,35780,36080
20686,93,95,49120,50950,50620,50640,50650
20687,93,104,76150,78150,77650,77670,77850
20688,93,106,41640,43650,43140,43160,43350
20689,93,136,37310,39310,38810,38830,39010
20690,93,148,48080,50080,49580,49600,49780
20691,93,148,49990,51990,51490,51510,51690
20692,93,150,46720,48720,48220,48240,48420
20693,93,150,46750,58350,48250,58040,58050
20694,93,150,56550,58560,58050,58070,58260
20695,93,150,59470,61370,60970,60990,61070
20696,93,150,86020,88000,87520,87540,87700
20697,93,150,100250,102250,101750,101770,101950
20698,93,150,113310,115320,114810,114830,115020
20699,93,150,122890,124890,124390,124410,124590
20700,93,150,130270,132410,131770,131790,132110
20701,93,150,134420,136300,135920,135940,136000
20702,93,150,135340,137340,136840,136860,137040
20703,93,150,146010,147860,147510,147530,147560
20704,93,150,191580,193580,193080,193100,193280
20705,93,150,198030,199950,199530,199550,199650
20706,93,150,200200,202200,201700,201720,201900
20707,93,150,201140,203050,202640,202660,202750
20708,93,150,215240,217240,216740,216760,216940
20709,93,150,233780,235830,235280,235300,235530
20710,93,150,238090,240090,239590,239610,239790
20711,93,150,241890,243890,243390,243410,243590
20712,93,150,294480,296390,295980,296000,296090
20713,93,150,316880,318800,318380,318400,318500
20714,93,150,325130,327130,326630,326650,326830
20715,93,150,327780,329780,329280,329300,329480
20716,93,150,329640,331710,331140,331160,331410
20717,93,150,337650,339650,339150,339170,339350
20718,93,150,338600,340600,340100,340120,340300
20719,93,150,483700,485830,485200,485220,485530
20720,93,150,485130,487200,486630,486650,486900
20721,93,150,499850,501980,501350,501370,501680
20722,93,150,509290,511300,510790,510810,511000
20723,93,150,546990,548930,548490,548510,548630
20724,93,150,552080,554160,553580,553600,553860
20725,93,150,642540,644710,644040,644060,644410
20726,93,151,32600,34680,34100,34120,34380
20727,93,151,234870,236870,236370,236390,236570
20728,93,152,24280,26280,25780,25800,25980
20729,93,152,35780,37680,37280,37300,37380
20730,93,152,121160,123160,122660,122680,122860
20731,93,152,126330,128360,127830,127850,128060
20732,93,152,127340,129170,128840,128860,128870
20733,93,152,194280,196170,195780,195800,195870
20734,93,152,296220,298060,297720,297740,297760
20735,93,152,303100,304930,304600,304620,304630
20736,93,152,390750,392750,392250,392270,392450
20737,93,152,394490,396320,395990,396010,396020
20738,93,152,414520,416400,416020,416040,416100
20739,93,152,426470,428320,427970,427990,428020
20740,93,152,435140,437230,436640,436660,436930
20741,93,153,35850,37850,37350,37370,37550
20742,93,154,81150,83150,82650,82670,82850
20743,93,155,57720,59900,59220,59240,59600
20744,93,158,38770,40750,40270,40290,40450
20745,93,161,22670,24670,24170,24190,24370
20746,93,161,37500,39510,39000,39020,39210
20747,93,164,65000,66990,66500,66520,66690
20748,93,164,228530,230530,230030,230050,230230
20749,93,173,45250,47250,46750,46770,46950
20750,93,173,46420,48420,47920,47940,48120
20751,93,180,22520,24500,24020,24040,24200
20752,93,246,269580,271780,271080,271100,271480
20753,93,246,271510,273460,273010,273030,273160
20754,93,246,296480,298490,297980,298000,298190
20755,93,246,303520,305350,305020,305040,305050
20756,93,246,304940,306780,306440,306460,306480
20757,93,246,309340,311240,310840,310860,310940
20758,93,255,91370,93350,92870,92890,93050
20759,93,255,94510,96700,96010,96030,96400
20760,93,255,283280,285280,284780,284800,284980
20761,93,255,337300,339300,338800,338820,339000
20762,93,255,338500,340340,340000,340020,340040
20763,93,255,339060,340920,340560,340580,340620
20764,93,255,339800,341810,341300,341320,341510
20765,93,255,345510,347630,347010,347030,347330
20766,93,255,352620,354500,354120,354140,354200
20767,93,257,38730,40720,40230,40250,40420
20768,93,257,42440,44440,43940,43960,44140
20769,93,259,109470,111360,110970,110990,111060
20770,93,269,35390,37470,36890,36910,37170
20771,93,269,40400,42250,41900,41920,41950
20772,93,269,41590,43550,43090,43110,43250
20773,93,269,41620,43900,43120,43590,43600
20774,93,269,42100,44110,43600,43620,43810
20775,93,269,45220,47220,46720,46740,46920
20776,93,269,95740,97580,97240,97260,97280
20777,93,269,177340,179350,178840,178860,179050
20778,93,269,179140,181010,180640,180660,180710
20779,93,269,205940,207940,207440,207460,207640
20780,93,269,212940,214870,214440,214470,214570
20781,93,272,156460,158630,157960,157980,158330
20782,93,272,179050,181050,180550,180570,180750
20783,93,272,192030,193880,193530,193550,193580
20784,93,276,65310,67310,66810,66830,67010
20785,93,283,128680,130760,130180,130210,130460
20786,93,283,142310,144300,143810,143830,144000
20787,93,285,124240,126290,125740,125760,125990
20788,93,300,45940,47910,47440,47460,47610
20789,93,300,63470,65530,64970,64990,65230
20790,93,300,64550,66530,66050,66070,66230
20791,93,305,35350,37460,36850,36870,37160
20792,93,305,53310,55310,54810,54830,55010
20793,93,314,29000,31000,30500,30520,30700
20794,93,316,113910,115860,115410,115430,115560
20795,93,328,25270,27280,26770,26790,26980
20796,93,338,79770,81700,81270,81290,81400
20797,93,360,120050,122020,121550,121570,121720
20798,93,414,110220,112050,111720,111740,111750
20799,93,414,112940,114940,114440,114460,114640
20800,93,424,196360,198240,197860,197880,197940
20801,93,424,256990,259010,258490,258510,258710
20802,93,424,258190,260190,259690,259710,259890
20803,93,424,258930,261230,260430,260450,260930
20804,93,431,85410,87250,86910,86930,86950
20805,93,431,85960,88130,87460,87480,87830
20806,93,431,134040,136060,135540,135560,135760
20807,93,431,136500,138490,138000,138020,138190
20808,93,431,183400,185320,184900,184920,185020
20809,93,431,186920,188920,188420,188440,188620
20810,93,431,188840,190830,190340,190360,190530
20811,93,432,59410,61400,60910,60930,61100
20812,93,432,67270,69270,68770,68790,68970
20813,93,432,74810,76750,76310,76330,76450
20814,93,432,140530,142370,142030,142050,142070
20815,93,432,142800,144810,144300,144320,144510
20816,93,432,142830,150490,144330,150180,150190
20817,93,432,148690,150540,150190,150210,150240
20818,93,432,150190,152150,151690,151710,151850
20819,93,432,151360,153360,152860,152890,153060
20820,93,432,155190,157190,156690,156710,156890
20821,93,432,159710,161710,161210,161230,161410
20822,93,432,160960,162960,162460,162480,162660
20823,93,432,193920,195770,195420,195440,195470
20824,93,439,16760,18870,18260,18280,18570
20825,93,439,78780,80730,80280,80300,80430
20826,93,439,80990,83000,82490,82510,82700
20827,93,439,83390,85390,84890,84910,85090
20828,93,439,88120,90120,89620,89640,89820
20829,93,439,100610,102560,102110,102130,102260
20830,94,19,61240,63090,62740,62760,62790
20831,94,20,107670,109680,109170,109190,109380
20832,95,2,86440,88440,87940,87960,88140
20833,95,2,88130,90130,89630,89650,89830
20834,95,2,120440,122680,121940,121960,122380
20835,95,2,125330,127330,126830,126850,127030
20836,95,2,140660,142780,142160,142180,142480
20837,95,2,179880,181850,181380,181400,181550
20838,95,25,52930,54930,54430,54450,54630
20839,95,25,58230,60340,59730,59750,60040
20840,95,25,102780,104750,104280,104300,104450
20841,95,25,103290,105120,104790,104810,104820
20842,95,25,120210,122220,121710,121730,121920
20843,95,25,122630,124660,124130,124150,124360
20844,95,25,128110,130210,129610,129630,129910
20845,95,25,129130,131130,130630,130650,130830
20846,95,25,158330,160330,159830,159850,160030
20847,95,32,53770,55980,55270,55290,55680
20848,95,32,64990,66990,66490,66510,66690
20849,95,32,86530,88530,88030,88050,88230
20850,95,32,124300,126260,125800,125820,125960
20851,95,32,126400,128340,127900,127920,128040
20852,95,32,143650,145710,145150,145170,145410
20853,95,32,144750,146750,146250,146270,146450
20854,95,32,147490,149500,148990,149010,149200
20855,95,95,147580,149720,149080,149100,149420
20856,95,101,100500,102330,102000,102020,102030
20857,95,101,114750,116750,116250,116270,116450
20858,95,101,125420,127270,126920,126940,126970
20859,95,115,250490,252490,251990,252010,252190
20860,95,116,68840,70680,70340,70360,70380
20861,95,116,76730,78740,78230,78250,78440
20862,95,116,84330,86240,85830,85850,85940
20863,95,116,85250,87370,86750,86770,87070
20864,95,117,70870,72880,72370,72390,72580
20865,95,120,86500,88500,88000,88020,88200
20866,95,120,103070,105070,104570,104590,104770
20867,95,120,107730,109730,109230,109250,109430
20868,95,120,109610,111550,111110,111130,111250
20869,95,120,159650,161650,161150,161170,161350
20870,95,120,172240,174320,173740,173760,174020
20871,95,120,184180,186180,185680,185700,185880
20872,95,120,192780,194700,194280,194300,194400
20873,95,120,234440,236440,235940,235960,236140
20874,95,120,273520,275520,275020,275040,275220
20875,95,120,282760,284770,284260,284280,284470
20876,95,120,320240,322240,321740,321760,321940
20877,95,120,325240,327250,326740,326760,326950
20878,95,120,365810,367810,367310,367330,367510
20879,95,120,396720,398730,398220,398250,398430
20880,95,120,398310,400150,399810,399830,399850
20881,95,120,604850,606890,606350,606380,606590
20882,95,120,607230,609110,608730,608750,608810
20883,95,120,610490,612490,611990,612010,612190
20884,95,120,611640,613560,613140,613160,613260
20885,95,120,633990,635990,635490,635510,635690
20886,95,120,639260,641240,640760,640780,640940
20887,95,120,656110,658160,657610,657630,657860
20888,95,120,657580,659530,659080,659100,659230
20889,95,120,659690,661700,661190,661210,661400
20890,95,120,659720,668860,661220,668550,668560
20891,95,120,667060,669030,668560,668580,668730
20892,95,120,670570,672500,672070,672090,672200
20893,95,120,672300,674300,673800,673820,674000
20894,95,120,685950,687800,687450,687470,687500
20895,95,120,695810,697820,697310,697330,697520
20896,95,120,709030,710970,710530,710550,710670
20897,95,120,710420,712280,711920,711950,711980
20898,95,120,721610,723690,723110,723130,723390
20899,95,120,726460,728460,727960,727980,728160
20900,95,121,16650,18760,18150,18170,18460
20901,95,121,32400,34400,33900,33920,34100
20902,95,121,45120,47150,46620,46640,46850
20903,95,121,47950,50040,49450,49470,49740
20904,95,121,74450,76470,75950,75970,76170
20905,95,121,77150,79160,78650,78670,78860
20906,95,121,95510,97580,97010,97030,97280
20907,95,121,98180,100180,99680,99700,99880
20908,95,121,100860,102870,102360,102380,102570
20909,95,121,100890,107450,102390,107140,107150
20910,95,121,105650,107650,107150,107170,107350
20911,95,121,109090,111100,110590,110610,110800
20912,95,121,121140,123150,122640,122660,122850
20913,95,121,124610,126610,126110,126130,126310
20914,95,121,130510,132520,132010,132030,132220
20915,95,121,170850,172770,172350,172370,172470
20916,95,121,190740,192750,192240,192260,192450
20917,95,121,192010,193940,193510,193530,193640
20918,95,121,221520,223510,223020,223040,223210
20919,95,121,243730,245670,245230,245250,245370
20920,95,123,245960,247960,247460,247480,247660
20921,95,123,247750,249750,249250,249270,249450
20922,95,123,254260,256270,255760,255780,255970
20923,95,123,257410,259410,258910,258930,259110
20924,95,123,265780,267780,267280,267300,267480
20925,95,123,268600,270600,270100,270120,270300
20926,95,124,40550,42550,42050,42070,42250
20927,95,124,47400,49400,48900,48920,49100
20928,95,124,95980,97990,97480,97500,97690
20929,95,124,124570,126570,126070,126090,126270
20930,95,124,150640,152620,152140,152160,152320
20931,95,124,150670,155870,152170,155560,155570
20932,95,124,154070,156070,155570,155590,155770
20933,95,124,184000,185840,185500,185520,185540
20934,95,124,217990,219820,219490,219510,219520
20935,95,125,29220,31220,30720,30740,30920
20936,95,125,42810,44880,44310,44330,44580
20937,95,125,46130,48140,47630,47650,47840
20938,95,125,58720,60620,60220,60240,60320
20939,95,125,76680,78680,78180,78200,78380
20940,95,125,81940,83940,83440,83460,83640
20941,95,125,110440,112460,111940,111960,112160
20942,95,125,144170,146230,145670,145690,145930
20943,95,125,185930,188050,187430,187460,187750
20944,95,125,193090,195080,194590,194610,194780
20945,95,125,387020,389020,388520,388540,388720
20946,95,125,404220,406220,405720,405740,405920
20947,95,125,406700,408700,408200,408220,408400
20948,95,126,42860,44980,44360,44380,44680
20949,95,126,80590,82630,82090,82110,82330
20950,95,126,83740,85740,85240,85260,85440
20951,95,126,111980,114150,113480,113500,113850
20952,95,126,144950,146950,146450,146470,146650
20953,95,126,144980,152970,146480,152660,152670
20954,95,126,151170,153180,152670,152690,152880
20955,95,126,201460,203460,202960,202980,203160
20956,95,126,203960,205960,205460,205480,205660
20957,95,126,217140,219150,218640,218660,218850
20958,95,126,220680,222790,222180,222200,222490
20959,95,126,256060,258060,257560,257580,257760
20960,95,126,259210,261220,260710,260730,260920
20961,95,126,316160,318130,317660,317680,317830
20962,95,126,317620,319600,319120,319140,319300
20963,95,126,518480,520480,519980,520000,520180
20964,95,126,520230,522330,521730,521750,522030
20965,95,126,523480,525480,524980,525000,525180
20966,95,126,607690,609690,609190,609210,609390
20967,95,126,774520,776420,776020,776040,776120
20968,95,126,775280,777280,776780,776800,776980
20969,95,127,744810,746810,746310,746330,746510
20970,95,129,439730,441900,441230,441250,441600
20971,95,129,457290,459130,458790,458810,458830
20972,95,130,78840,80750,80340,80370,80450
20973,95,130,84820,86810,86320,86340,86510
20974,95,130,150100,152100,151600,151620,151800
20975,95,160,196880,198840,198380,198400,198540
20976,95,160,209140,211160,210640,210660,210860
20977,95,169,479330,481330,480830,480850,481030
20978,95,169,481740,483750,483240,483260,483450
20979,95,169,482770,484780,484270,484290,484480
20980,95,170,213970,215970,215470,215490,215670
20981,95,170,377170,379140,378670,378690,378840
20982,95,170,404800,406720,406300,406320,406420
20983,95,170,417980,419920,419480,419500,419620
20984,95,170,418010,420070,419510,419750,419770
20985,95,170,418260,420110,419760,419780,419810
20986,95,172,100960,102960,102460,102480,102660
20987,95,172,181240,183090,182740,182760,182790
20988,95,172,194580,196440,196080,196100,196140
20989,95,172,198160,200140,199660,199680,199840
20990,95,172,228710,230710,230210,230230,230410
20991,95,172,280360,282360,281860,281880,282060
20992,95,172,282970,284970,284470,284490,284670
20993,95,172,289280,291280,290780,290800,290980
20994,95,172,291940,294050,293440,293460,293750
20995,95,172,291970,421160,293470,420850,420860
20996,95,172,419360,421710,420860,420880,421410
20997,95,172,419390,423940,420890,423630,423640
20998,95,172,422140,424250,423640,423660,423950
20999,95,173,23690,25690,25190,25210,25390
21000,95,173,27540,29390,29040,29060,29090
21001,95,173,167940,169810,169440,169460,169510
21002,95,173,790730,792580,792230,792250,792280
21003,95,224,27760,30050,29260,29280,29750
21004,95,224,29310,31160,30810,30830,30860
21005,95,224,33030,34940,34530,34550,34640
21006,95,224,150870,152880,152370,152390,152580
21007,95,228,92800,94810,94300,94320,94510
21008,95,228,99190,101160,100690,100720,100860
21009,95,228,161750,163750,163250,163270,163450
21010,95,228,176120,178080,177620,177640,177780
21011,95,228,188920,190980,190420,190440,190680
21012,95,228,195130,197230,196630,196650,196930
21013,95,228,197990,199990,199490,199510,199690
21014,95,228,200110,202410,201610,201630,202110
21015,95,228,202980,204980,204480,204500,204680
21016,95,228,208770,210770,210270,210290,210470
21017,95,236,111790,113770,113290,113310,113470
21018,95,236,112800,114810,114300,114330,114510
21019,95,236,117170,119250,118670,118690,118950
21020,95,236,118650,120580,120150,120170,120280
21021,95,319,110530,112530,112030,112050,112230
21022,95,319,118390,120330,119890,119910,120030
21023,95,319,119790,121790,121290,121310,121490
21024,95,319,122970,124920,124470,124490,124620
21025,95,319,169020,171020,170520,170540,170720
21026,95,319,173040,174960,174540,174560,174660
21027,95,321,89340,91170,90840,90860,90870
21028,95,321,106250,108250,107750,107770,107950
21029,95,321,203410,205370,204910,204930,205070
21030,95,321,209760,211770,211260,211280,211470
21031,95,321,240220,242440,241720,241740,242140
21032,95,321,274580,276490,276080,276100,276190
21033,95,354,132780,134890,134280,134300,134590
21034,95,354,152790,154620,154290,154310,154320
21035,95,354,231190,233200,232690,232710,232900
21036,96,1,33440,35280,34940,34960,34980
21037,96,1,59100,61100,60600,60620,60800
21038,96,1,97250,99260,98750,98780,98960
21039,96,1,97290,103590,98790,103280,103290
21040,96,1,101790,103790,103290,103310,103490
21041,96,2,38590,40590,40090,40110,40290
21042,96,2,43900,46020,45400,45420,45720
21043,96,2,47920,49830,49420,49440,49530
21044,96,2,53950,56060,55450,55470,55760
21045,96,2,72260,74260,73760,73780,73960
21046,96,2,73660,75670,75160,75180,75370
21047,96,2,74730,76600,76230,76250,76300
21048,96,2,87760,89770,89260,89280,89470
21049,96,2,94500,96350,96000,96020,96050
21050,96,2,97330,99330,98830,98850,99030
21051,96,2,101260,103300,102760,102780,103000
21052,96,2,106870,108880,108370,108390,108580
21053,96,2,138420,140360,139920,139940,140060
21054,96,2,164940,166940,166440,166460,166640
21055,96,2,164970,168720,166470,168410,168420
21056,96,2,166920,168790,168420,168440,168490
21057,96,2,173120,175070,174620,174640,174770
21058,96,2,193780,195770,195280,195300,195470
21059,96,2,207940,209950,209440,209460,209650
21060,96,2,222610,224620,224110,224130,224320
21061,96,2,225690,227530,227190,227210,227230
21062,96,2,232430,234430,233930,233950,234130
21063,96,2,233510,235510,235010,235030,235210
21064,96,2,238220,240220,239720,239740,239920
21065,96,2,242900,244800,244400,244420,244500
21066,96,2,256250,258260,257750,257770,257960
21067,96,2,256280,265780,257780,265470,265480
21068,96,2,263980,265930,265480,265500,265630
21069,96,2,270480,272310,271980,272000,272010
21070,96,2,273020,275020,274520,274540,274720
21071,96,2,276530,278530,278030,278050,278230
21072,96,2,283810,285810,285310,285330,285510
21073,96,2,284710,286540,286210,286230,286240
21074,96,2,284740,288920,286240,288610,288620
21075,96,2,287120,289120,288620,288640,288820
21076,96,2,288450,290280,289950,289970,289980
21077,96,2,290060,292030,291560,291580,291730
21078,96,2,291160,293280,292660,292680,292980
21079,96,2,298990,301080,300490,300510,300780
21080,96,12,35960,37970,37460,37480,37670
21081,96,12,40640,42640,42140,42160,42340
21082,96,12,53730,55740,55230,55260,55440
21083,96,12,55840,57830,57340,57360,57530
21084,96,12,55870,63600,57370,63290,63300
21085,96,12,61800,63800,63300,63320,63500
21086,96,12,64340,66220,65840,65870,65920
21087,96,12,72380,74390,73880,73900,74090
21088,96,12,76980,79090,78480,78500,78790
21089,96,12,80860,82860,82360,82380,82560
21090,96,12,85270,87390,86770,86790,87090
21091,96,12,89720,91720,91220,91240,91420
21092,96,12,97360,99360,98860,98880,99060
21093,96,12,103900,105900,105400,105420,105600
21094,96,12,119790,121790,121290,121310,121490
21095,96,12,143050,145050,144550,144570,144750
21096,96,12,146210,148050,147710,147740,147750
21097,96,12,148640,150650,150140,150160,150350
21098,96,12,160700,162700,162200,162220,162400
21099,96,12,176710,178730,178210,178230,178430
21100,96,12,213950,215950,215450,215470,215650
21101,96,12,215780,217890,217280,217300,217590
21102,96,12,218900,220900,220400,220420,220600
21103,96,12,220970,222970,222470,222490,222670
21104,96,12,223540,225520,225040,225060,225220
21105,96,12,232850,234850,234350,234370,234550
21106,96,12,252960,254960,254460,254480,254660
21107,96,12,278760,280760,280260,280280,280460
21108,96,12,285640,287640,287140,287160,287340
21109,96,12,287240,289240,288740,288760,288940
21110,96,12,298710,300710,300210,300230,300410
21111,96,12,301600,303540,303100,303120,303240
21112,96,12,329900,331740,331400,331420,331440
21113,96,12,335300,337310,336800,336820,337010
21114,96,12,336180,338190,337680,337700,337890
21115,96,12,348150,350150,349650,349670,349850
21116,96,12,352250,354080,353750,353770,353780
21117,96,12,355950,357800,357450,357470,357500
21118,96,13,44590,46590,46090,46110,46290
21119,96,13,68750,70760,70250,70270,70460
21120,96,13,77540,79540,79040,79060,79240
21121,96,14,63240,65150,64740,64760,64850
21122,96,14,64860,66800,66360,66380,66500
21123,96,14,81160,83160,82660,82680,82860
21124,96,14,82720,84720,84220,84240,84420
21125,96,14,98240,100170,99740,99760,99870
21126,96,14,99420,101330,100920,100940,101030
21127,96,14,163780,165780,165280,165300,165480
21128,96,14,181130,183130,182630,182650,182830
21129,96,15,232320,234400,233820,233840,234100
21130,96,15,242730,244730,244230,244250,244430
21131,96,15,244130,246130,245630,245650,245830
21132,96,15,253090,255090,254590,254610,254790
21133,96,15,266540,268670,268040,268060,268370
21134,96,15,270880,272860,272380,272400,272560
21135,96,15,276540,278750,278040,278060,278450
21136,96,15,279690,281660,281190,281210,281360
21137,96,15,289220,291220,290720,290740,290920
21138,96,15,301560,303500,303060,303080,303200
21139,96,15,306260,308370,307760,307780,308070
21140,96,15,316310,318350,317810,317830,318050
21141,96,15,328060,330060,329560,329580,329760
21142,96,15,335070,337180,336570,336590,336880
21143,96,15,336900,338880,338400,338420,338580
21144,96,15,350630,352770,352130,352150,352470
21145,96,15,355270,357100,356770,356790,356800
21146,96,15,358570,360460,360070,360090,360160
21147,96,15,359480,361450,360980,361000,361150
21148,96,15,363110,365310,364610,364630,365010
21149,96,15,365000,367000,366500,366520,366700
21150,96,16,34490,36570,35990,36010,36270
21151,96,16,34520,43480,36020,43170,43180
21152,96,16,41680,43690,43180,43200,43390
21153,96,16,46160,48160,47660,47680,47860
21154,96,16,46190,51380,47690,51070,51080
21155,96,16,49580,51580,51080,51100,51280
21156,96,16,61110,63120,62610,62640,62820
21157,96,16,71000,73030,72500,72520,72730
21158,96,16,73900,75900,75400,75420,75600
21159,96,16,93800,95800,95300,95320,95500
21160,96,16,97850,99850,99350,99370,99550
21161,96,16,153170,155170,154670,154690,154870
21162,96,16,167640,169650,169140,169160,169350
21163,96,16,177270,179110,178770,178790,178810
21164,96,16,198710,200710,200210,200230,200410
21165,96,16,200900,202910,202400,202430,202610
21166,96,16,203150,205160,204650,204670,204860
21167,96,16,204350,206360,205850,205870,206060
21168,96,16,229350,231350,230850,230870,231050
21169,96,16,232990,234960,234490,234510,234660
21170,96,16,248720,250650,250220,250240,250350
21171,96,16,256760,258900,258260,258280,258600
21172,96,16,261080,263090,262580,262600,262790
21173,96,16,265430,267430,266930,266950,267130
21174,96,16,270470,272450,271970,271990,272150
21175,96,16,289280,291280,290780,290800,290980
21176,96,16,299990,301990,301490,301510,301690
21177,96,16,302280,304280,303780,303800,303980
21178,96,16,304030,305990,305530,305550,305690
21179,96,16,319210,321210,320710,320730,320910
21180,96,16,322290,324210,323790,323810,323910
21181,96,16,339730,341560,341230,341250,341260
21182,96,17,56710,58720,58210,58230,58420
21183,96,17,59460,61410,60960,60980,61110
21184,96,17,60990,63000,62490,62510,62700
21185,96,17,73330,75170,74830,74850,74870
21186,96,19,48950,51060,50450,50470,50760
21187,96,19,53190,55190,54690,54710,54890
21188,96,19,70320,72330,71820,71840,72030
21189,96,19,95590,97600,97090,97110,97300
21190,96,19,103830,105890,105330,105350,105590
21191,96,19,111060,113270,112560,112580,112970
21192,96,19,120980,122910,122480,122500,122610
21193,96,19,121480,123320,122980,123010,123020
21194,96,23,44510,46510,46010,46030,46210
21195,96,23,46890,48890,48390,48410,48590
21196,96,23,50050,51900,51550,51570,51600
21197,96,23,54690,56690,56190,56210,56390
21198,96,23,54720,75120,56220,74810,74820
21199,96,23,73320,75320,74820,74840,75020
21200,96,29,75910,77980,77410,77430,77680
21201,96,29,100980,102990,102480,102500,102690
21202,96,29,103690,105690,105190,105210,105390
21203,96,29,108240,110120,109740,109760,109820
21204,96,29,111700,113540,113200,113220,113240
21205,96,29,113660,115660,115160,115180,115360
21206,96,29,120730,122730,122230,122250,122430
21207,96,29,127120,129120,128620,128640,128820
21208,96,29,129210,131220,130710,130730,130920
21209,96,29,133470,135300,134970,134990,135000
21210,96,29,139680,141800,141180,141200,141500
21211,96,29,141060,143060,142560,142580,142760
21212,96,29,170600,172480,172100,172120,172180
21213,96,29,184090,186090,185590,185610,185790
21214,96,29,187510,189520,189010,189040,189220
21215,96,29,216590,218530,218090,218110,218230
21216,96,29,225470,227440,226970,226990,227140
21217,96,29,226460,228440,227960,227980,228140
21218,96,31,162090,164090,163590,163610,163790
21219,96,31,187290,189230,188790,188810,188930
21220,96,31,206180,208180,207680,207700,207880
21221,96,31,217420,219290,218920,218940,218990
21222,96,31,224330,226330,225830,225850,226030
21223,96,31,227600,229600,229100,229120,229300
21224,96,31,238230,240230,239730,239750,239930
21225,96,31,240410,242410,241910,241930,242110
21226,96,31,251660,253660,253160,253180,253360
21227,96,31,255950,257950,257450,257470,257650
21228,96,31,263610,265620,265110,265140,265320
21229,96,31,272130,274020,273630,273650,273720
21230,96,31,276360,278190,277860,277880,277890
21231,96,31,285800,287800,287300,287320,287500
21232,96,31,294260,296270,295760,295790,295970
21233,96,31,299110,301100,300610,300630,300800
21234,96,31,310310,312310,311810,311830,312010
21235,96,31,313310,315310,314810,314830,315010
21236,96,31,321250,323250,322750,322770,322950
21237,96,31,329940,331860,331440,331460,331560
21238,96,31,330920,332750,332420,332440,332450
21239,96,31,331830,333950,333330,333350,333650
21240,96,31,346300,348300,347800,347820,348000
21241,96,40,22750,24810,24250,24270,24510
21242,96,40,46170,48100,47670,47690,47800
21243,96,40,53710,55710,55210,55230,55410
21244,96,40,59930,61950,61430,61450,61650
21245,96,40,67410,69410,68910,68930,69110
21246,96,40,98630,100590,100130,100150,100290
21247,96,40,100320,102150,101820,101840,101850
21248,96,40,114030,115980,115530,115550,115680
21249,96,40,116930,118770,118430,118450,118470
21250,96,40,119410,121410,120910,120930,121110
21251,96,40,139430,141380,140930,140950,141080
21252,96,40,141900,143900,143400,143420,143600
21253,96,40,143280,145200,144780,144810,144900
21254,96,40,147180,149010,148680,148700,148710
21255,96,40,153020,154950,154520,154540,154650
21256,96,40,154900,156900,156400,156420,156600
21257,96,40,163950,166050,165450,165470,165750
21258,96,40,177150,178980,178650,178670,178680
21259,96,40,181660,183580,183160,183180,183280
21260,96,40,182940,184930,184440,184460,184630
21261,96,40,186130,188070,187630,187650,187770
21262,96,40,192450,194470,193950,193970,194170
21263,96,40,195180,197190,196680,196700,196890
21264,96,40,198150,199980,199650,199670,199680
21265,96,40,199880,201880,201380,201400,201580
21266,96,40,205410,207410,206910,206930,207110
21267,96,40,207940,210040,209440,209460,209740
21268,96,40,213810,215820,215310,215330,215520
21269,96,40,233050,235050,234550,234570,234750
21270,96,40,235840,237840,237340,237360,237540
21271,96,40,240640,242560,242140,242160,242260
21272,96,40,242550,244560,244050,244080,244260
21273,96,40,268650,270660,270150,270170,270360
21274,96,40,271800,273800,273300,273320,273500
21275,96,40,276260,278260,277760,277780,277960
21276,96,40,279510,281520,281010,281030,281220
21277,96,40,283880,285880,285380,285400,285580
21278,96,40,308510,310380,310010,310030,310080
21279,96,40,312610,314620,314110,314130,314320
21280,96,41,79400,81260,80900,80920,80960
21281,96,41,84540,86540,86040,86060,86240
21282,96,41,86510,88490,88010,88030,88190
21283,96,41,89390,91390,90890,90910,91090
21284,96,41,97760,99770,99260,99280,99470
21285,96,41,99920,101920,101420,101440,101620
21286,96,41,102050,104050,103550,103570,103750
21287,96,41,107060,109060,108560,108580,108760
21288,96,43,144060,146050,145560,145580,145750
21289,96,43,167320,169320,168820,168840,169020
21290,96,43,171210,173210,172710,172730,172910
21291,96,43,178420,180420,179920,179940,180120
21292,96,44,38410,40350,39910,39930,40050
21293,96,44,49380,51280,50880,50900,50980
21294,96,44,54170,56200,55670,55690,55900
21295,96,44,68450,70450,69950,69970,70150
21296,96,44,70390,72390,71890,71910,72090
21297,96,44,74580,76580,76080,76100,76280
21298,96,44,76370,78330,77870,77890,78030
21299,96,44,86840,88840,88340,88360,88540
21300,96,44,106440,108440,107940,107960,108140
21301,96,44,114670,116670,116170,116190,116370
21302,96,44,118090,120030,119590,119610,119730
21303,96,44,121830,123840,123330,123350,123540
21304,96,44,128740,130740,130240,130260,130440
21305,96,44,142930,144910,144430,144450,144610
21306,96,44,147510,149410,149010,149030,149110
21307,96,44,150890,152890,152390,152410,152590
21308,96,44,153050,154980,154550,154570,154680
21309,96,44,157380,159390,158880,158900,159090
21310,96,44,164290,166290,165790,165810,165990
21311,96,44,180430,182440,181930,181950,182140
21312,96,44,183200,185200,184700,184720,184900
21313,96,44,187980,189980,189480,189500,189680
21314,96,44,189770,191780,191270,191290,191480
21315,96,44,202850,204950,204350,204370,204650
21316,96,44,204800,206800,206300,206320,206500
21317,96,44,207150,209150,208650,208670,208850
21318,96,44,215170,217030,216670,216690,216730
21319,96,44,216930,218940,218430,218450,218640
21320,96,44,238670,240670,240170,240190,240370
21321,96,44,240120,242130,241620,241640,241830
21322,96,44,242220,244220,243720,243740,243920
21323,96,44,246180,248100,247680,247700,247800
21324,96,44,266880,268730,268380,268400,268430
21325,96,44,274190,276200,275690,275710,275900
21326,96,44,275010,276900,276510,276530,276600
21327,96,44,283900,285900,285400,285420,285600
21328,96,47,43030,45030,44530,44550,44730
21329,96,47,66520,68520,68020,68040,68220
21330,96,48,117220,119190,118720,118740,118890
21331,96,48,119010,121010,120510,120530,120710
21332,96,48,121010,123120,122510,122530,122820
21333,96,48,134030,136020,135530,135550,135720
21334,96,48,148080,149990,149580,149600,149690
21335,96,48,151540,153650,153040,153060,153350
21336,96,48,164080,166200,165580,165600,165900
21337,96,48,171440,173390,172940,172960,173090
21338,96,48,187310,189320,188810,188830,189020
21339,96,48,190080,192060,191580,191600,191760
21340,96,48,200850,202680,202350,202370,202380
21341,96,48,209030,211040,210530,210550,210740
21342,96,48,209060,215600,210560,215290,215300
21343,96,48,213800,215910,215300,215320,215610
21344,96,48,225000,227010,226500,226520,226710
21345,96,48,227320,229460,228820,228840,229160
21346,96,48,230100,232110,231600,231620,231810
21347,96,48,235480,237450,236980,237000,237150
21348,96,48,237500,239630,239000,239020,239330
21349,96,48,238360,240380,239860,239880,240080
21350,96,48,240330,242450,241830,241850,242150
21351,96,48,245260,247270,246760,246780,246970
21352,96,48,247350,249480,248850,248870,249180
21353,96,48,256000,258010,257500,257520,257710
21354,96,48,296260,298220,297760,297780,297920
21355,96,48,299920,301940,301420,301440,301640
21356,96,48,301810,303810,303310,303330,303510
21357,96,48,312560,314560,314060,314080,314260
21358,96,48,327850,329860,329350,329370,329560
21359,96,48,347560,349560,349060,349080,349260
21360,96,48,358910,360870,360410,360430,360570
21361,96,52,20150,22150,21650,21670,21850
21362,96,52,34900,36900,36400,36420,36600
21363,96,52,37530,39540,39030,39050,39240
21364,96,52,41510,43630,43010,43030,43330
21365,96,52,56430,58460,57930,57950,58160
21366,96,52,60520,62350,62020,62040,62050
21367,96,52,114090,116230,115590,115610,115930
21368,96,52,136160,138070,137660,137680,137770
21369,96,52,140270,142370,141770,141790,142070
21370,96,52,144590,146600,146090,146110,146300
21371,96,52,153930,155910,155430,155450,155610
21372,96,52,157690,159800,159190,159210,159500
21373,96,52,159690,161810,161190,161210,161510
21374,96,52,169370,171280,170870,170890,170980
21375,96,52,190420,192500,191920,191940,192200
21376,96,52,194150,196190,195650,195670,195890
21377,96,52,213550,215510,215050,215070,215210
21378,96,52,217250,219250,218750,218770,218950
21379,96,52,223170,225140,224670,224690,224840
21380,96,52,225280,227290,226780,226800,226990
21381,96,52,225310,256940,226810,256630,256640
21382,96,52,255140,257080,256640,256660,256780
21383,96,52,261390,263230,262890,262910,262930
21384,96,52,276570,278460,278070,278090,278160
21385,96,52,295140,297140,296640,296660,296840
21386,96,52,298240,300210,299740,299760,299910
21387,96,59,51560,53520,53060,53080,53220
21388,96,59,87350,89360,88850,88870,89060
21389,96,59,99580,101670,101080,101100,101370
21390,96,59,102050,104050,103550,103570,103750
21391,96,59,113000,114920,114500,114520,114620
21392,96,59,128400,130410,129900,129920,130110
21393,96,59,133440,135440,134940,134960,135140
21394,96,59,139190,141210,140690,140710,140910
21395,96,59,141340,143340,142840,142860,143040
21396,96,59,145210,147220,146710,146730,146920
21397,96,59,148280,150280,149780,149800,149980
21398,96,59,157610,159610,159110,159130,159310
21399,96,59,159950,161820,161450,161470,161520
21400,96,59,162240,164240,163740,163760,163940
21401,96,59,166630,168640,168130,168150,168340
21402,96,59,171460,173420,172960,172980,173120
21403,96,59,172230,174270,173730,173750,173970
21404,96,59,174320,176220,175820,175840,175920
21405,96,59,175740,177700,177240,177260,177400
21406,96,59,178850,180850,180350,180370,180550
21407,96,59,189250,191250,190750,190770,190950
21408,96,59,191160,193160,192660,192680,192860
21409,96,59,215480,217600,216980,217000,217300
21410,96,59,227810,229920,229310,229330,229620
21411,96,59,233480,235320,234980,235010,235020
21412,96,59,235680,237690,237180,237200,237390
21413,96,59,244770,246770,246270,246290,246470
21414,96,59,245840,247820,247340,247360,247520
21415,96,59,251360,253360,252860,252880,253060
21416,96,59,263550,265520,265050,265070,265220
21417,96,59,266170,268170,267670,267690,267870
21418,96,59,270700,272700,272200,272220,272400
21419,96,59,273420,275350,274920,274940,275050
21420,96,59,276120,277950,277620,277640,277650
21421,96,59,277710,279710,279210,279230,279410
21422,96,60,15590,17590,17090,17110,17290
21423,96,61,12550,14560,14050,14070,14260
21424,96,61,55720,57730,57220,57240,57430
21425,96,61,63320,65380,64820,64840,65080
21426,96,61,70550,72550,72050,72070,72250
21427,96,61,104690,106690,106190,106210,106390
21428,96,61,108760,110640,110260,110280,110340
21429,96,61,111200,113210,112700,112720,112910
21430,96,61,125220,127210,126720,126740,126910
21431,96,61,140200,142040,141700,141720,141740
21432,96,61,147100,149140,148600,148620,148840
21433,96,61,165980,167810,167480,167500,167510
21434,96,61,168450,170290,169950,169970,169990
21435,96,61,174440,176440,175940,175960,176140
21436,96,61,189490,191500,190990,191010,191200
21437,96,61,192260,194230,193760,193780,193930
21438,96,61,196040,197870,197540,197560,197570
21439,96,61,197590,199490,199090,199110,199190
21440,96,61,200620,202620,202120,202140,202320
21441,96,61,202680,204660,204180,204200,204360
21442,96,61,205830,207720,207330,207350,207420
21443,96,61,207730,209720,209230,209250,209420
21444,96,61,239720,241730,241220,241240,241430
21445,96,61,250380,252320,251880,251900,252020
21446,96,65,47600,49710,49100,49120,49410
21447,96,65,63480,65430,64980,65000,65130
21448,96,65,68230,70240,69730,69750,69940
21449,96,65,110750,112870,112250,112270,112570
21450,96,65,113210,115230,114710,114730,114930
21451,96,65,120430,122270,121930,121950,121970
21452,96,65,126160,128120,127660,127680,127820
21453,96,65,127790,129900,129290,129310,129600
21454,96,65,136620,138450,138120,138140,138150
21455,96,65,154790,156670,156290,156310,156370
21456,96,65,156340,158350,157840,157860,158050
21457,96,65,189800,191810,191300,191320,191510
21458,96,65,194440,196520,195940,195970,196220
21459,96,65,207920,209920,209420,209440,209620
21460,96,65,209670,211720,211170,211190,211420
21461,96,67,137360,139230,138860,138880,138930
21462,96,67,155500,157330,157000,157020,157030
21463,96,68,17770,19770,19270,19290,19470
21464,96,68,92230,94230,93730,93750,93930
21465,96,68,98880,100970,100380,100400,100670
21466,96,68,101290,103260,102790,102810,102960
21467,96,68,105250,107250,106750,106770,106950
21468,96,68,107400,109410,108900,108930,109110
21469,96,68,111870,113870,113370,113390,113570
21470,96,68,114570,116600,116070,116090,116300
21471,96,68,121980,123810,123480,123500,123510
21472,96,68,128530,130540,130030,130050,130240
21473,96,68,196070,198040,197570,197590,197740
21474,96,69,263240,265170,264740,264760,264870
21475,96,69,275280,277170,276780,276800,276870
21476,96,69,277310,279390,278810,278830,279090
21477,96,73,36260,38260,37760,37780,37960
21478,96,73,80410,82420,81910,81930,82120
21479,96,73,85020,87020,86520,86540,86720
21480,96,73,87970,89980,89470,89490,89680
21481,96,73,95640,97640,97140,97160,97340
21482,96,73,139070,141070,140570,140590,140770
21483,96,73,143850,145850,145350,145370,145550
21484,96,73,168100,170110,169600,169620,169810
21485,96,73,170400,172410,171900,171920,172110
21486,96,73,180920,183010,182420,182440,182710
21487,96,73,186940,188770,188440,188460,188470
21488,96,73,191830,193830,193330,193350,193530
21489,96,73,196180,198180,197680,197700,197880
21490,96,73,202730,204730,204230,204250,204430
21491,96,73,206530,208660,208030,208050,208360
21492,96,74,15980,18050,17480,17500,17750
21493,96,74,34370,36370,35870,35890,36070
21494,96,74,37630,39640,39130,39150,39340
21495,96,74,56540,58490,58040,58060,58190
21496,96,75,26170,28170,27670,27690,27870
21497,96,75,35760,37770,37260,37280,37470
21498,96,75,68370,70370,69870,69890,70070
21499,96,75,85600,87600,87100,87120,87300
21500,96,75,102700,104700,104200,104220,104400
21501,96,75,109640,111650,111140,111160,111350
21502,96,75,160570,162490,162070,162090,162190
21503,96,75,167130,169150,168630,168650,168850
21504,96,75,173250,175280,174750,174770,174980
21505,96,75,173280,177430,174780,177120,177130
21506,96,75,175630,177630,177130,177150,177330
21507,96,75,200830,202830,202330,202350,202530
21508,96,75,205560,207530,207060,207080,207230
21509,96,75,242470,244450,243970,243990,244150
21510,96,75,244010,245950,245510,245530,245650
21511,96,75,260060,262060,261560,261580,261760
21512,96,75,264330,266330,265830,265850,266030
21513,96,77,51670,53670,53170,53190,53370
21514,96,77,55910,57910,57410,57430,57610
21515,96,77,62900,64900,64400,64420,64600
21516,96,77,66940,68940,68440,68460,68640
21517,96,77,83850,85690,85350,85370,85390
21518,96,77,147150,149120,148650,148670,148820
21519,96,77,148380,150390,149880,149900,150090
21520,96,77,161960,163960,163460,163480,163660
21521,96,77,167970,170100,169470,169490,169800
21522,96,77,220290,222390,221790,221810,222090
21523,96,77,229100,231100,230600,230620,230800
21524,96,77,268170,270000,269670,269690,269700
21525,96,78,18480,20480,19980,20000,20180
21526,96,78,20550,22560,22050,22070,22260
21527,96,78,28400,30400,29900,29920,30100
21528,96,78,73290,75300,74790,74810,75000
21529,96,79,57630,59630,59130,59150,59330
21530,96,79,77830,79660,79330,79350,79360
21531,96,80,27990,29990,29490,29510,29690
21532,96,80,29820,31700,31320,31340,31400
21533,96,80,32500,34340,34000,34020,34040
21534,96,80,61480,63480,62980,63000,63180
21535,96,80,63430,65350,64930,64950,65050
21536,96,80,72340,74350,73840,73860,74050
21537,96,80,74410,76410,75910,75930,76110
21538,96,80,83290,85140,84790,84810,84840
21539,96,80,100400,102430,101900,101920,102130
21540,96,80,119590,121590,121090,121110,121290
21541,96,80,123800,125800,125300,125320,125500
21542,96,80,145890,147930,147390,147410,147630
21543,96,80,151190,153200,152690,152710,152900
21544,96,80,152720,154650,154220,154250,154350
21545,96,80,176180,178140,177680,177700,177840
21546,96,80,180550,182650,182050,182070,182350
21547,96,80,185330,187340,186830,186860,187040
21548,96,80,187160,189160,188660,188680,188860
21549,96,80,188860,190860,190360,190380,190560
21550,96,80,189510,191340,191010,191030,191040
21551,96,80,189540,191820,191040,191510,191520
21552,96,80,190020,192030,191520,191540,191730
21553,96,80,207900,209860,209400,209420,209560
21554,96,80,216390,218310,217890,217910,218010
21555,96,80,222120,224130,223620,223640,223830
21556,96,80,225510,227550,227010,227030,227250
21557,96,80,231740,233780,233240,233260,233480
21558,96,80,245470,247470,246970,246990,247170
21559,96,80,252470,254390,253970,253990,254090
21560,96,83,23270,25270,24770,24790,24970
21561,96,83,46110,48110,47610,47630,47810
21562,96,83,53470,55400,54970,54990,55100
21563,96,83,72160,74160,73660,73680,73860
21564,96,83,73900,75830,75400,75420,75530
21565,96,83,90970,92970,92470,92490,92670
21566,96,83,94540,96530,96040,96060,96230
21567,96,83,128900,130900,130400,130420,130600
21568,96,83,151130,153040,152630,152650,152740
21569,96,83,164120,166100,165620,165640,165800
21570,96,83,201200,203200,202700,202720,202900
21571,96,83,205110,206970,206610,206630,206670
21572,96,83,220330,222450,221830,221850,222150
21573,96,83,221500,223500,223000,223020,223200
21574,96,83,233030,235170,234530,234550,234870
21575,96,83,242570,244440,244070,244090,244140
21576,96,83,253710,255540,255210,255230,255240
21577,96,83,261010,262930,262510,262530,262630
21578,96,84,24500,26500,26000,26020,26200
21579,96,85,65990,67990,67490,67510,67690
21580,96,86,32430,34430,33930,33950,34130
21581,96,86,36650,38520,38150,38170,38220
21582,96,86,67310,69250,68810,68830,68950
21583,96,86,72390,74320,73890,73920,74020
21584,96,86,80120,82220,81620,81640,81920
21585,96,86,85270,87280,86770,86790,86980
21586,96,86,100210,102210,101710,101730,101910
21587,96,86,110440,112400,111940,111960,112100
21588,96,86,124610,126590,126110,126130,126290
21589,96,86,126760,128690,128260,128280,128390
21590,96,86,150070,152140,151570,151590,151840
21591,96,86,167230,169430,168730,168750,169130
21592,96,86,175110,177110,176610,176630,176810
21593,96,86,176940,178930,178440,178460,178630
21594,96,86,192270,194220,193770,193790,193920
21595,96,86,196650,198650,198150,198170,198350
21596,96,86,229660,231700,231160,231180,231400
21597,96,86,233810,235810,235310,235330,235510
21598,96,86,241680,243680,243180,243200,243380
21599,96,86,258040,260040,259540,259560,259740
21600,96,86,267900,269900,269400,269420,269600
21601,96,86,269720,271690,271220,271240,271390
21602,96,87,46480,48490,47980,48000,48190
21603,96,87,47910,49920,49410,49430,49620
21604,96,87,54980,56990,56480,56500,56690
21605,96,87,58340,60340,59840,59860,60040
21606,96,87,77300,79300,78800,78820,79000
21607,96,87,79210,81210,80710,80730,80910
21608,96,87,87620,89570,89120,89140,89270
21609,96,87,89940,91950,91440,91460,91650
21610,96,87,102070,104070,103570,103590,103770
21611,96,87,104550,106400,106050,106070,106100
21612,96,87,109210,111220,110710,110730,110920
21613,96,87,117130,119140,118630,118650,118840
21614,96,87,131780,133790,133280,133300,133490
21615,96,87,137920,139900,139420,139440,139600
21616,96,87,140130,142060,141630,141650,141760
21617,96,87,144950,146780,146450,146470,146480
21618,96,87,176140,178040,177640,177670,177740
21619,96,87,176990,178850,178490,178510,178550
21620,96,87,187560,189560,189060,189080,189260
21621,96,87,189120,190970,190620,190640,190670
21622,96,87,191720,193590,193220,193240,193290
21623,96,87,195740,197770,197240,197260,197470
21624,96,87,217830,219830,219330,219350,219530
21625,96,87,221720,223720,223220,223240,223420
21626,96,87,228210,230210,229710,229730,229910
21627,96,87,230720,232720,232220,232240,232420
21628,96,87,236000,238010,237500,237530,237710
21629,96,87,238390,240520,239890,239910,240220
21630,96,87,265540,267540,267040,267060,267240
21631,96,87,269060,271070,270560,270580,270770
21632,96,87,279720,281700,281220,281240,281400
21633,96,88,16230,18230,17730,17750,17930
21634,96,88,16260,20230,17760,19920,19930
21635,96,88,18430,20410,19930,19950,20110
21636,96,88,24390,26290,25890,25910,25990
21637,96,88,48840,50720,50340,50360,50420
21638,96,88,65920,67930,67420,67440,67630
21639,96,88,67640,69650,69140,69160,69350
21640,96,88,78870,80900,80370,80390,80600
21641,96,88,101390,103440,102890,102920,103140
21642,96,88,105610,107810,107110,107130,107510
21643,96,88,116530,118390,118030,118050,118090
21644,96,88,162750,164860,164250,164270,164560
21645,96,88,165140,167150,166640,166660,166850
21646,96,88,167630,169840,169130,169150,169540
21647,96,88,174590,176740,176090,176110,176440
21648,96,88,174620,178640,176120,178330,178340
21649,96,88,176840,178930,178340,178360,178630
21650,96,88,181440,183410,182940,182960,183110
21651,96,88,212260,214260,213760,213780,213960
21652,96,88,216610,218620,218110,218130,218320
21653,96,88,246860,248860,248360,248380,248560
21654,96,89,17860,19860,19360,19380,19560
21655,96,89,22050,23880,23550,23570,23580
21656,96,89,42800,44800,44300,44320,44500
21657,96,89,124870,127070,126370,126390,126770
21658,96,89,137780,139770,139280,139300,139470
21659,96,89,146470,148440,147970,147990,148140
21660,96,89,158200,160180,159700,159720,159880
21661,96,89,161020,162980,162520,162540,162680
21662,96,89,165460,167350,166960,166980,167050
21663,96,89,173190,175190,174690,174710,174890
21664,96,89,178320,180330,179820,179840,180030
21665,96,89,202650,204600,204150,204170,204300
21666,96,89,205010,207120,206510,206530,206820
21667,96,89,205040,208690,206540,208380,208390
21668,96,89,206890,208750,208390,208410,208450
21669,96,89,208010,210010,209510,209530,209710
21670,96,89,214350,216320,215850,215870,216020
21671,96,89,229830,231690,231330,231350,231390
21672,96,89,237600,239690,239100,239120,239390
21673,96,89,240590,242420,242090,242110,242120
21674,96,89,242660,244660,244160,244180,244360
21675,96,89,246330,248240,247830,247850,247940
21676,96,89,255640,257640,257140,257160,257340
21677,96,89,264180,266180,265680,265700,265880
21678,96,89,278230,280220,279730,279750,279920
21679,96,89,296100,298070,297600,297620,297770
21680,96,91,12540,14550,14040,14060,14250
21681,96,91,38260,40100,39760,39780,39800
21682,96,91,40090,42000,41590,41610,41700
21683,96,91,41810,43910,43310,43330,43610
21684,96,94,24880,26890,26380,26400,26590
21685,96,94,53570,55530,55070,55090,55230
21686,96,94,58900,60890,60400,60420,60590
21687,96,94,60300,62300,61800,61820,62000
21688,96,94,67820,69820,69320,69340,69520
21689,96,97,68920,70920,70420,70440,70620
21690,96,97,72170,74180,73670,73690,73880
21691,96,97,74310,76310,75810,75830,76010
21692,96,97,76840,78850,78340,78360,78550
21693,96,97,80560,82690,82060,82080,82390
21694,96,97,88960,90960,90460,90480,90660
21695,96,97,92980,94980,94480,94500,94680
21696,96,97,99940,101940,101440,101460,101640
21697,96,97,102750,104760,104250,104270,104460
21698,96,97,114680,116680,116180,116200,116380
21699,96,97,124770,126780,126270,126290,126480
21700,96,97,128020,130020,129520,129540,129720
21701,96,97,128990,130920,130490,130510,130620
21702,96,97,173930,175890,175430,175450,175590
21703,96,97,187880,189880,189380,189400,189580
21704,96,97,199130,201130,200630,200650,200830
21705,96,97,201670,203670,203170,203190,203370
21706,96,97,229920,231870,231420,231440,231570
21707,96,97,241350,243350,242850,242870,243050
21708,96,97,254990,256960,256490,256510,256660
21709,96,97,259600,261610,261100,261120,261310
21710,96,127,14560,16390,16060,16080,16090
21711,96,127,17470,19360,18970,18990,19060
21712,96,127,50000,51970,51500,51520,51670
21713,96,127,52570,54570,54070,54090,54270
21714,96,127,83600,85610,85100,85120,85310
21715,96,127,89180,91180,90680,90700,90880
21716,96,127,90600,92710,92100,92130,92410
21717,96,127,102580,104590,104080,104100,104290
21718,96,127,109050,111050,110550,110570,110750
21719,96,127,114030,116030,115530,115550,115730
21720,96,127,120280,122280,121780,121800,121980
21721,96,127,128180,130180,129680,129700,129880
21722,96,127,129560,131480,131060,131080,131180
21723,96,127,133370,135370,134870,134890,135070
21724,96,127,143620,145500,145120,145140,145200
21725,96,127,147260,149370,148760,148780,149070
21726,96,127,168540,170540,170040,170060,170240
21727,96,127,169250,171250,170750,170770,170950
21728,96,127,187570,189610,189070,189090,189310
21729,96,127,189490,191490,190990,191010,191190
21730,96,127,196760,199030,198260,198280,198730
21731,96,127,206460,208470,207960,207990,208170
21732,96,127,220240,222200,221740,221760,221900
21733,96,127,231830,233830,233330,233350,233530
21734,96,127,237210,239170,238710,238730,238870
21735,96,127,240480,242440,241980,242000,242140
21736,96,127,255690,257690,257190,257210,257390
21737,96,128,21120,23120,22620,22640,22820
21738,96,128,31000,33010,32500,32530,32710
21739,96,128,35870,37780,37370,37390,37480
21740,96,128,68990,71000,70490,70510,70700
21741,96,128,72410,74410,73910,73930,74110
21742,96,128,76500,78580,78000,78020,78280
21743,96,128,81960,83960,83460,83480,83660
21744,96,128,89570,91700,91070,91090,91400
21745,96,128,96790,98910,98290,98310,98610
21746,96,128,118080,120060,119580,119600,119760
21747,96,128,128550,130530,130050,130070,130230
21748,96,128,131780,133680,133280,133300,133380
21749,96,128,169820,171830,171320,171340,171530
21750,96,128,173220,175210,174720,174740,174910
21751,96,128,189690,191610,191190,191210,191310
21752,96,128,197850,199710,199350,199370,199410
21753,96,128,199120,201110,200620,200640,200810
21754,96,128,205990,207850,207490,207510,207550
21755,96,128,208810,210810,210310,210330,210510
21756,96,128,210330,212460,211830,211850,212160
21757,96,128,224190,226100,225690,225710,225800
21758,96,128,232570,234570,234070,234090,234270
21759,96,128,249160,251170,250660,250690,250870
21760,96,129,12070,14070,13570,13590,13770
21761,96,129,13600,15490,15100,15120,15190
21762,96,129,17990,19990,19490,19510,19690
21763,96,129,40000,41960,41500,41520,41660
21764,96,129,45120,46950,46620,46640,46650
21765,96,129,51360,53320,52860,52880,53020
21766,96,129,58120,60060,59620,59640,59760
21767,96,129,64880,66830,66380,66400,66530
21768,96,129,71020,72930,72520,72540,72630
21769,96,129,72910,74910,74410,74430,74610
21770,96,129,75340,77350,76840,76860,77050
21771,96,129,105100,106970,106600,106620,106670
21772,96,129,110910,112920,112410,112430,112620
21773,96,129,139300,141280,140800,140820,140980
21774,96,129,145390,147400,146890,146910,147100
21775,96,129,152330,154330,153830,153850,154030
21776,96,129,157150,159120,158650,158670,158820
21777,96,129,161100,162930,162600,162620,162630
21778,96,129,165510,167510,167010,167030,167210
21779,96,129,168840,170850,170340,170370,170550
21780,96,129,174060,176030,175560,175580,175730
21781,96,129,189730,191600,191230,191250,191300
21782,96,129,193270,195350,194770,194790,195050
21783,96,129,201870,203900,203370,203390,203600
21784,96,129,254310,256310,255810,255830,256010
21785,96,129,257100,259040,258600,258620,258740
21786,96,131,11810,13810,13310,13330,13510
21787,96,131,19380,21330,20880,20900,21030
21788,96,131,28910,30920,30410,30430,30620
21789,96,132,26080,28080,27580,27600,27780
21790,96,132,34850,36850,36350,36370,36550
21791,96,132,44480,46580,45980,46000,46280
21792,96,132,58560,60540,60060,60080,60240
21793,96,132,68810,70810,70310,70330,70510
21794,96,132,73640,75650,75140,75160,75350
21795,96,132,77450,79590,78950,78970,79290
21796,96,132,78830,80830,80330,80350,80530
21797,96,132,84090,86170,85590,85610,85870
21798,96,132,86350,88490,87850,87870,88190
21799,96,132,91860,93880,93360,93380,93580
21800,96,132,93500,95590,95000,95020,95290
21801,96,132,97930,99760,99430,99450,99460
21802,96,132,100040,102130,101540,101560,101830
21803,96,132,107960,110060,109460,109480,109760
21804,96,132,108840,110850,110340,110360,110550
21805,96,132,119340,121340,120840,120860,121040
21806,96,132,122610,124670,124110,124130,124370
21807,96,132,124060,126060,125560,125580,125760
21808,96,132,127150,129200,128650,128670,128900
21809,96,133,239340,241340,240840,240860,241040
21810,96,133,259360,261400,260860,260880,261100
21811,96,133,261270,263270,262770,262790,262970
21812,96,133,331850,333850,333350,333370,333550
21813,96,133,337460,339560,338960,338980,339260
21814,96,133,341570,343530,343070,343090,343230
21815,96,133,349430,351430,350930,350950,351130
21816,96,133,352050,354140,353550,353570,353840
21817,96,133,359060,361060,360560,360580,360760
21818,96,133,364960,366960,366460,366480,366660
21819,96,134,12940,14940,14440,14460,14640
21820,96,134,22480,24480,23980,24000,24180
21821,96,134,24130,26130,25630,25650,25830
21822,96,134,38870,40790,40370,40390,40490
21823,96,134,40710,42720,42210,42230,42420
21824,96,135,33430,35270,34930,34960,34970
21825,96,135,41290,43320,42790,42810,43020
21826,96,135,48090,50140,49590,49610,49840
21827,96,135,50170,52080,51670,51690,51780
21828,96,135,51330,53470,52830,52850,53170
21829,96,135,54250,56250,55750,55770,55950
21830,96,135,55140,57220,56640,56660,56920
21831,96,135,56750,58870,58250,58270,58570
21832,96,135,59470,61470,60970,60990,61170
21833,96,135,65420,67360,66920,66940,67060
21834,96,135,69210,71070,70710,70730,70770
21835,96,135,138080,140140,139580,139600,139840
21836,96,135,140160,142290,141660,141680,141990
21837,96,135,164980,167040,166480,166500,166740
21838,96,135,166480,168520,167980,168000,168220
21839,96,135,187570,189540,189070,189090,189240
21840,96,135,189210,191110,190710,190730,190810
21841,96,135,193460,195400,194960,194980,195100
21842,96,135,194820,196830,196320,196340,196530
21843,96,136,26410,28410,27910,27930,28110
21844,96,136,29060,30990,30560,30580,30690
21845,96,136,30400,32410,31900,31920,32110
21846,96,136,34120,36080,35620,35640,35780
21847,96,136,34870,36880,36370,36390,36580
21848,96,136,41890,43770,43390,43410,43470
21849,96,136,48210,50220,49710,49730,49920
21850,96,136,56460,58460,57960,57980,58160
21851,96,136,71490,73570,72990,73010,73270
21852,96,136,78320,80330,79820,79840,80030
21853,96,136,86330,88330,87830,87850,88030
21854,96,136,86360,91070,87860,90760,90770
21855,96,136,89270,91270,90770,90790,90970
21856,96,136,95230,97230,96730,96750,96930
21857,96,136,95260,99620,96760,99310,99320
21858,96,136,97820,99820,99320,99340,99520
21859,96,136,108650,110650,110150,110170,110350
21860,96,136,123670,125670,125170,125190,125370
21861,96,136,126190,128190,127690,127710,127890
21862,96,136,132160,134160,133660,133680,133860
21863,96,136,165240,167250,166740,166760,166950
21864,96,136,165970,167970,167470,167490,167670
21865,96,136,167380,169380,168880,168900,169080
21866,96,136,184590,186420,186090,186110,186120
21867,96,136,185920,187920,187420,187440,187620
21868,96,136,187530,189620,189030,189050,189320
21869,96,136,188780,190790,190280,190300,190490
21870,96,136,206490,208440,207990,208010,208140
21871,96,136,208090,210090,209590,209610,209790
21872,96,136,212370,214310,213870,213890,214010
21873,96,136,215760,217760,217260,217280,217460
21874,96,136,217710,219640,219210,219230,219340
21875,96,137,361670,363670,363170,363190,363370
21876,96,137,364810,366700,366310,366330,366400
21877,96,137,375530,377570,377030,377050,377270
21878,96,137,441260,443260,442760,442780,442960
21879,96,137,462780,464780,464280,464300,464480
21880,96,137,467890,469820,469390,469410,469520
21881,96,137,472520,474520,474020,474040,474220
21882,96,137,483760,485770,485260,485290,485470
21883,96,137,485680,487680,487180,487200,487380
21884,96,137,487520,489360,489020,489040,489060
21885,96,137,490450,492290,491950,491970,491990
21886,96,137,494080,496180,495580,495600,495880
21887,96,138,31160,33160,32660,32680,32860
21888,96,138,32140,34120,33640,33660,33820
21889,96,138,60470,62440,61970,61990,62140
21890,96,139,31270,33230,32770,32790,32930
21891,96,139,63600,65600,65100,65120,65300
21892,96,140,39530,41480,41030,41050,41180
21893,96,140,46340,48340,47840,47860,48040
21894,96,140,62220,64220,63720,63740,63920
21895,96,140,99860,101860,101360,101380,101560
21896,96,140,110790,112790,112290,112310,112490
21897,96,141,19390,21260,20890,20910,20960
21898,96,141,42330,44330,43830,43850,44030
21899,96,141,46040,48040,47540,47560,47740
21900,96,141,47250,49250,48750,48770,48950
21901,96,144,41980,43980,43480,43500,43680
21902,96,144,43710,45690,45210,45230,45390
21903,96,144,56460,58300,57960,57980,58000
21904,96,147,34080,36080,35580,35600,35780
21905,96,147,35760,37750,37260,37280,37450
21906,96,147,39020,41030,40520,40540,40730
21907,96,147,40450,42470,41950,41970,42170
21908,96,147,47360,49360,48860,48880,49060
21909,96,147,49590,51590,51090,51110,51290
21910,96,147,85780,87910,87280,87300,87610
21911,96,147,90340,92340,91840,91860,92040
21912,96,147,98640,100750,100140,100160,100450
21913,96,147,100540,102660,102040,102060,102360
21914,96,147,131480,133480,132980,133000,133180
21915,96,148,152050,154060,153550,153570,153760
21916,96,148,153770,155780,155270,155290,155480
21917,96,148,157200,159200,158700,158720,158900
21918,96,148,167570,169570,169070,169090,169270
21919,96,148,198530,200480,200030,200050,200180
21920,96,148,201210,203280,202710,202730,202980
21921,96,148,241170,243180,242670,242690,242880
21922,96,148,243500,245440,245000,245020,245140
21923,96,148,260430,262480,261930,261950,262180
21924,96,148,262610,264620,264110,264130,264320
21925,96,149,38400,40410,39900,39920,40110
21926,96,150,27640,29650,29140,29160,29350
21927,96,150,35390,37240,36890,36920,36940
21928,96,150,68010,70010,69510,69530,69710
21929,96,150,70930,72930,72430,72450,72630
21930,96,150,76000,78060,77500,77520,77760
21931,96,150,77130,79140,78630,78650,78840
21932,96,150,112540,114540,114040,114060,114240
21933,96,150,115920,117930,117420,117440,117630
21934,96,150,118130,120130,119630,119650,119830
21935,96,150,120120,122130,121620,121650,121830
21936,96,150,122570,124570,124070,124090,124270
21937,96,150,140180,142350,141680,141700,142050
21938,96,150,143770,145640,145270,145290,145340
21939,96,150,143800,170740,145300,170430,170440
21940,96,150,168940,170940,170440,170460,170640
21941,96,150,171700,173560,173200,173220,173260
21942,96,150,173040,174920,174540,174560,174620
21943,96,150,177040,179050,178540,178560,178750
21944,96,150,179910,181920,181410,181430,181620
21945,96,150,181950,184020,183450,183470,183720
21946,96,150,181980,205580,183480,205270,205280
21947,96,150,203780,205780,205280,205300,205480
21948,96,150,231340,233220,232840,232860,232920
21949,96,150,256710,258720,258210,258230,258420
21950,96,151,24480,26450,25980,26000,26150
21951,96,151,59660,61610,61160,61180,61310
21952,96,151,64340,66350,65840,65860,66050
21953,96,151,71080,73040,72580,72600,72740
21954,96,151,72940,74800,74440,74460,74500
21955,96,151,75180,77150,76680,76700,76850
21956,96,151,77120,79130,78620,78640,78830
21957,96,151,85730,87740,87230,87250,87440
21958,96,151,90410,92410,91910,91930,92110
21959,96,151,91740,93740,93240,93260,93440
21960,96,151,100850,102850,102350,102370,102550
21961,96,151,128390,130390,129890,129910,130090
21962,96,151,130330,132340,131830,131850,132040
21963,96,151,134680,136560,136180,136200,136260
21964,96,151,138350,140240,139850,139870,139940
21965,96,151,145520,147530,147020,147040,147230
21966,96,151,146760,148690,148260,148280,148390
21967,96,151,155010,157020,156510,156530,156720
21968,96,151,156760,158720,158260,158280,158420
21969,96,151,159840,161840,161340,161360,161540
21970,96,151,185640,187640,187140,187160,187340
21971,96,151,192870,194950,194370,194390,194650
21972,96,151,200200,202130,201700,201720,201830
21973,96,151,211250,213260,212750,212770,212960
21974,96,151,212570,214580,214070,214090,214280
21975,96,151,215650,217670,217150,217170,217370
21976,96,151,216150,218100,217650,217670,217800
21977,96,151,235140,237030,236640,236660,236730
21978,96,151,242170,244170,243670,243690,243870
21979,96,151,259600,261480,261100,261120,261180
21980,96,153,15980,17840,17480,17510,17540
21981,96,153,16020,25790,17520,25480,25490
21982,96,153,23990,26000,25490,25510,25700
21983,96,153,29950,31960,31450,31470,31660
21984,96,153,44430,46440,45930,45950,46140
21985,96,153,45510,47510,47010,47030,47210
21986,96,153,45540,49480,47040,49170,49180
21987,96,153,47680,49680,49180,49200,49380
21988,96,153,50160,52160,51660,51680,51860
21989,96,153,58690,60570,60190,60210,60270
21990,96,154,48620,50620,50120,50140,50320
21991,96,154,51260,53230,52760,52780,52930
21992,96,154,51290,56680,52790,56370,56380
21993,96,154,54880,56880,56380,56400,56580
21994,96,154,54910,57180,56410,56870,56880
21995,96,154,55380,57350,56880,56900,57050
21996,96,154,60040,62040,61540,61560,61740
21997,96,154,61670,63630,63170,63190,63330
21998,96,154,64560,66560,66060,66080,66260
21999,96,156,24450,26370,25950,25970,26070
22000,96,156,37700,39710,39200,39220,39410
22001,96,156,63150,65090,64650,64670,64790
22002,96,156,65010,67010,66510,66530,66710
22003,96,156,72710,74700,74210,74230,74400
22004,96,156,75200,77200,76700,76720,76900
22005,96,156,107080,109080,108580,108600,108780
22006,96,156,111040,113040,112540,112560,112740
22007,96,156,114830,116830,116330,116350,116530
22008,96,156,121560,123570,123060,123080,123270
22009,96,156,123020,125120,124520,124540,124820
22010,96,156,127690,129690,129190,129210,129390
22011,96,156,130920,133020,132420,132440,132720
22012,96,156,132900,134910,134400,134420,134610
22013,96,156,137800,139800,139300,139320,139500
22014,96,156,186790,188630,188290,188310,188330
22015,96,156,280790,282670,282290,282310,282370
22016,96,158,68550,70420,70050,70070,70120
22017,96,158,288200,290200,289700,289720,289900
22018,96,158,290780,292910,292280,292300,292610
22019,96,158,348590,350610,350090,350110,350310
22020,96,158,359090,360930,360590,360610,360630
22021,96,158,361290,363150,362790,362820,362850
22022,96,159,34120,36130,35620,35640,35830
22023,96,160,51740,53740,53240,53260,53440
22024,96,160,58590,60450,60090,60110,60150
22025,96,165,43190,45430,44690,44720,45130
22026,96,165,55390,57230,56890,56910,56930
22027,96,166,57000,58980,58500,58520,58680
22028,96,166,65730,67730,67230,67250,67430
22029,96,166,71480,73480,72980,73000,73180
22030,96,166,78350,80360,79850,79880,80060
22031,96,167,45970,47920,47470,47490,47620
22032,96,167,62440,64440,63940,63960,64140
22033,96,168,20820,22820,22320,22340,22520
22034,96,170,107200,109160,108700,108720,108860
22035,96,171,65680,67640,67180,67200,67340
22036,96,171,69310,71310,70810,70830,71010
22037,96,171,72830,74810,74330,74350,74510
22038,96,171,79650,81650,81150,81170,81350
22039,96,171,84060,86000,85560,85580,85700
22040,96,171,91550,93390,93050,93070,93090
22041,96,171,100270,102260,101770,101790,101960
22042,96,171,108060,110070,109560,109580,109770
22043,96,171,113850,115840,115350,115370,115540
22044,96,171,119990,122120,121490,121510,121820
22045,96,171,127590,129590,129090,129110,129290
22046,96,171,129590,131560,131090,131110,131260
22047,96,171,145280,147360,146780,146810,147060
22048,96,171,146970,148900,148470,148490,148600
22049,96,171,148140,150050,149640,149660,149750
22050,96,171,148810,150820,150310,150330,150520
22051,96,171,155080,157080,156580,156610,156780
22052,96,171,165800,167800,167300,167320,167500
22053,96,171,173090,175090,174590,174610,174790
22054,96,171,186450,188450,187950,187970,188150
22055,96,171,188670,190620,190170,190190,190320
22056,96,171,188700,209610,190200,209300,209310
22057,96,171,207810,209690,209310,209330,209390
22058,96,171,209580,211640,211080,211100,211340
22059,96,172,21760,23770,23260,23290,23470
22060,96,172,51780,53650,53280,53300,53350
22061,96,172,65520,67530,67020,67040,67230
22062,96,172,101990,103990,103490,103510,103690
22063,96,172,104380,106330,105880,105900,106030
22064,96,172,111270,113280,112770,112790,112980
22065,96,172,127710,129710,129210,129230,129410
22066,96,172,135620,137620,137120,137140,137320
22067,96,172,137270,139280,138770,138790,138980
22068,96,172,139610,141500,141110,141130,141200
22069,96,172,147130,149130,148630,148650,148830
22070,96,172,152490,154370,153990,154010,154070
22071,96,172,153940,155950,155440,155460,155650
22072,96,172,153970,161150,155470,160840,160850
22073,96,172,159350,161580,160850,160870,161280
22074,96,172,163070,165080,164570,164590,164780
22075,96,172,167670,169690,169170,169190,169390
22076,96,172,170040,171910,171540,171560,171610
22077,96,172,171450,173450,172950,172970,173150
22078,96,172,174330,176240,175830,175850,175940
22079,96,172,184170,186370,185670,185690,186070
22080,96,172,186460,188460,187960,187980,188160
22081,96,172,195490,197340,196990,197010,197040
22082,96,172,199620,201630,201120,201140,201330
22083,96,172,202160,204170,203660,203690,203870
22084,96,172,205460,207460,206960,206980,207160
22085,96,172,236920,238880,238420,238440,238580
22086,96,177,37280,39350,38780,38800,39050
22087,96,177,39210,41210,40710,40730,40910
22088,96,177,40160,42160,41660,41680,41860
22089,96,177,45150,47160,46650,46670,46860
22090,96,177,70550,72580,72050,72070,72280
22091,96,177,95550,97550,97050,97070,97250
22092,96,177,106220,108220,107720,107740,107920
22093,96,177,109330,111280,110830,110850,110980
22094,96,177,115890,117990,117390,117410,117690
22095,96,177,118380,120380,119880,119900,120080
22096,96,177,119730,121790,121230,121250,121490
22097,96,177,123240,125370,124740,124760,125070
22098,96,177,133090,135090,134590,134610,134790
22099,96,177,136110,137940,137610,137630,137640
22100,96,177,160780,162790,162280,162300,162490
22101,96,178,132960,134800,134460,134480,134500
22102,96,178,137960,140010,139460,139480,139710
22103,96,178,143770,145780,145270,145290,145480
22104,96,178,148620,150630,150120,150140,150330
22105,96,178,154400,156290,155900,155920,155990
22106,96,178,157730,159740,159230,159250,159440
22107,96,178,179410,181320,180910,180930,181020
22108,96,178,184650,186660,186150,186170,186360
22109,96,178,188410,190480,189910,189930,190180
22110,96,178,221730,223730,223230,223250,223430
22111,96,178,224770,226780,226270,226290,226480
22112,96,178,230460,232350,231960,231980,232050
22113,96,178,247200,249210,248700,248720,248910
22114,96,178,253350,255360,254850,254870,255060
22115,96,178,259850,261850,261350,261370,261550
22116,96,178,261450,263460,262950,262970,263160
22117,96,178,266880,268790,268380,268400,268490
22118,96,178,268660,270620,270160,270180,270320
22119,96,178,274960,276960,276460,276480,276660
22120,96,178,276810,278810,278310,278330,278510
22121,96,180,19160,21250,20660,20680,20950
22122,96,180,24560,26560,26060,26080,26260
22123,96,180,32520,34520,34020,34040,34220
22124,96,180,33400,35400,34900,34920,35100
22125,96,180,34690,36690,36190,36210,36390
22126,96,180,43520,45460,45020,45040,45160
22127,96,180,52320,54250,53820,53840,53950
22128,96,180,55950,57950,57450,57470,57650
22129,96,180,64250,66260,65750,65780,65960
22130,96,180,67090,69230,68590,68620,68930
22131,96,180,103250,105250,104750,104770,104950
22132,96,180,110980,112990,112480,112500,112690
22133,96,180,113540,115540,115040,115060,115240
22134,96,180,117630,119630,119130,119150,119330
22135,96,181,16070,18070,17570,17590,17770
22136,96,181,18110,20120,19610,19630,19820
22137,96,181,23440,25550,24940,24960,25250
22138,96,181,114860,116700,116360,116380,116400
22139,96,181,116730,118710,118230,118250,118410
22140,96,181,171600,173600,173100,173120,173300
22141,96,181,173530,175530,175030,175050,175230
22142,96,181,185890,187930,187390,187410,187630
22143,96,181,191700,193810,193200,193220,193510
22144,96,181,192850,194900,194350,194370,194600
22145,96,181,198740,200740,200240,200260,200440
22146,96,181,208590,210700,210090,210110,210400
22147,96,181,215810,217810,217310,217330,217510
22148,96,181,217570,219580,219070,219090,219280
22149,96,182,28590,30450,30090,30110,30150
22150,96,182,40880,42890,42380,42400,42590
22151,96,183,15990,17860,17490,17510,17560
22152,96,183,26120,28120,27620,27640,27820
22153,96,184,56180,58170,57680,57700,57870
22154,96,184,71320,73240,72820,72840,72940
22155,96,184,79350,81360,80850,80880,81060
22156,96,185,72500,74500,74000,74020,74200
22157,96,185,73130,75130,74630,74650,74830
22158,96,185,87000,88920,88500,88520,88620
22159,96,185,88310,90320,89810,89830,90020
22160,96,185,91730,93700,93230,93250,93400
22161,96,185,96220,98220,97720,97740,97920
22162,96,185,110940,112940,112440,112460,112640
22163,96,185,114340,116390,115840,115860,116090
22164,96,185,121770,123700,123270,123290,123400
22165,96,185,125850,127820,127350,127370,127520
22166,96,185,136520,138520,138020,138040,138220
22167,96,185,147070,148980,148570,148600,148680
22168,96,185,150280,152280,151780,151800,151980
22169,96,185,175640,177640,177140,177160,177340
22170,96,185,175670,180620,177170,180310,180320
22171,96,185,178820,180820,180320,180340,180520
22172,96,185,193250,195190,194750,194780,194890
22173,96,185,195460,197460,196960,196980,197160
22174,96,185,231260,233100,232760,232780,232800
22175,96,185,260220,262220,261720,261740,261920
22176,96,186,21920,23920,23420,23440,23620
22177,96,186,24670,26670,26170,26190,26370
22178,96,187,20220,22230,21720,21740,21930
22179,96,187,22420,24430,23920,23950,24130
22180,96,187,24130,26130,25630,25650,25830
22181,96,187,28520,30520,30020,30040,30220
22182,96,187,34240,36280,35740,35760,35980
22183,96,187,41620,43620,43120,43140,43320
22184,96,187,41650,45440,43150,45130,45140
22185,96,187,43640,45640,45140,45160,45340
22186,96,187,53290,55290,54790,54810,54990
22187,96,187,55860,57870,57360,57380,57570
22188,96,187,64780,66780,66280,66300,66480
22189,96,187,69730,71590,71230,71250,71290
22190,96,187,94500,96390,96000,96020,96090
22191,96,187,97610,99700,99110,99130,99400
22192,96,187,115370,117200,116870,116890,116900
22193,96,187,120860,122910,122360,122380,122610
22194,96,187,129760,131880,131260,131280,131580
22195,96,187,132640,134740,134140,134160,134440
22196,96,187,136670,138670,138170,138190,138370
22197,96,187,139780,141750,141280,141300,141450
22198,96,187,150480,152480,151980,152000,152180
22199,96,187,153520,155540,155020,155040,155240
22200,96,187,157040,159100,158540,158560,158800
22201,96,187,162260,164260,163760,163780,163960
22202,96,187,167110,169270,168610,168630,168970
22203,96,187,177360,179330,178860,178880,179030
22204,96,187,208040,210040,209540,209560,209740
22205,96,187,209620,211530,211120,211140,211230
22206,96,187,216420,218360,217920,217940,218060
22207,96,187,219680,221560,221180,221200,221260
22208,96,187,223010,224970,224510,224530,224670
22209,96,189,41430,43500,42930,42950,43200
22210,96,189,87830,89830,89330,89350,89530
22211,96,189,89210,91380,90710,90730,91080
22212,96,189,93000,95000,94500,94520,94700
22213,96,189,94550,96590,96050,96070,96290
22214,96,189,99140,101140,100640,100660,100840
22215,96,189,103370,105370,104870,104890,105070
22216,96,189,115260,117260,116760,116780,116960
22217,96,191,77710,79670,79210,79230,79370
22218,96,191,83910,85910,85410,85430,85610
22219,96,191,99080,101080,100580,100600,100780
22220,96,191,104360,106360,105860,105880,106060
22221,96,193,20940,22940,22440,22460,22640
22222,96,193,52850,54940,54350,54370,54640
22223,96,195,66890,68900,68390,68410,68600
22224,96,195,70000,71830,71500,71520,71530
22225,96,195,82990,84990,84490,84510,84690
22226,96,195,85170,87110,86670,86690,86810
22227,96,196,22320,24320,23820,23840,24020
22228,96,196,25550,27520,27050,27070,27220
22229,96,196,29890,31900,31390,31410,31600
22230,96,196,95310,97360,96810,96830,97060
22231,96,196,100760,102760,102260,102280,102460
22232,96,198,11380,13380,12880,12900,13080
22233,96,198,47660,49660,49160,49180,49360
22234,96,198,78060,79970,79560,79580,79670
22235,96,198,94080,96090,95580,95610,95790
22236,96,198,99850,101790,101350,101370,101490
22237,96,199,40210,42220,41710,41730,41920
22238,98,1,75830,77830,77330,77350,77530
22239,98,1,90660,92500,92160,92180,92200
22240,98,1,135200,137040,136700,136720,136740
22241,98,1,168560,170570,170060,170080,170270
22242,98,1,179810,181730,181310,181330,181430
22243,98,1,184950,186950,186450,186470,186650
22244,98,1,190160,192210,191660,191680,191910
22245,98,1,231780,233780,233280,233300,233480
22246,98,1,236330,238340,237830,237850,238040
22247,98,2,337600,339650,339100,339130,339350
22248,98,16,54880,56820,56380,56400,56520
22249,98,16,57970,59980,59470,59500,59680
22250,98,16,59480,61450,60980,61000,61150
22251,98,16,61420,63420,62920,62940,63120
22252,98,16,63100,65120,64600,64620,64820
22253,98,16,79900,81920,81400,81430,81620
22254,98,16,83780,85800,85280,85300,85500
22255,98,16,103790,105720,105290,105310,105420
22256,98,16,117190,119170,118690,118710,118870
22257,98,16,119590,121530,121090,121110,121230
22258,98,16,139220,141170,140720,140740,140870
22259,98,20,238950,240890,240450,240470,240590
22260,98,20,261530,263430,263030,263050,263130
22261,98,20,279360,281360,280860,280880,281060
22262,98,20,300340,302340,301840,301860,302040
22263,98,20,316730,318730,318230,318250,318430
22264,98,23,110130,112130,111630,111650,111830
22265,98,25,55000,56890,56500,56520,56590
22266,98,25,60880,62970,62380,62400,62670
22267,98,25,69630,71640,71130,71150,71340
22268,98,25,79700,81610,81200,81220,81310
22269,98,25,101730,103740,103230,103260,103440
22270,98,25,106780,108790,108280,108300,108490
22271,98,25,120580,122500,122080,122100,122200
22272,98,25,123230,125230,124730,124750,124930
22273,98,25,128750,130690,130250,130270,130390
22274,98,25,160010,162010,161510,161530,161710
22275,98,25,163080,165010,164580,164600,164710
22276,98,25,173580,175430,175080,175100,175130
22277,98,25,175370,177380,176870,176890,177080
22278,98,25,182680,184690,184180,184200,184390
22279,98,25,184860,187170,186360,186390,186870
22280,98,25,204290,206300,205790,205810,206000
22281,98,25,208210,210190,209710,209730,209890
22282,98,25,216990,219000,218490,218510,218700
22283,98,25,227690,229620,229190,229210,229320
22284,98,25,230440,232440,231940,231960,232140
22285,98,25,231780,233720,233280,233300,233420
22286,98,25,235630,237630,237130,237150,237330
22287,98,25,239180,241150,240680,240700,240850
22288,98,25,243900,245900,245400,245420,245600
22289,98,25,245510,247520,247010,247030,247220
22290,98,25,255650,257650,257150,257170,257350
22291,98,25,259520,261470,261020,261040,261170
22292,98,26,180110,182070,181610,181630,181770
22293,98,26,187750,189750,189250,189270,189450
22294,98,26,187780,222150,189280,221840,221850
22295,98,26,220350,222450,221850,221870,222150
22296,98,26,222820,224860,224320,224340,224560
22297,98,26,224440,226370,225940,225960,226070
22298,98,26,232280,234230,233780,233800,233930
22299,98,26,234280,236210,235780,235800,235910
22300,98,26,243630,245630,245130,245150,245330
22301,98,26,246060,248060,247560,247580,247760
22302,98,26,263210,265210,264710,264730,264910
22303,98,26,278980,281010,280480,280510,280710
22304,98,26,281440,283310,282940,282960,283010
22305,98,26,298950,300950,300450,300470,300650
22306,98,26,301180,303140,302680,302700,302840
22307,98,26,309210,311210,310710,310730,310910
22308,98,26,309240,315130,310740,314820,314830
22309,98,26,313330,315380,314830,314850,315080
22310,98,26,362330,364260,363830,363850,363960
22311,98,30,157410,159260,158910,158930,158960
22312,98,30,203910,205910,205410,205430,205610
22313,98,30,206710,208710,208210,208230,208410
22314,98,30,210330,212340,211830,211850,212040
22315,98,30,212720,214650,214220,214240,214350
22316,98,31,54280,56280,55780,55800,55980
22317,98,31,71970,73910,73470,73490,73610
22318,98,31,81090,83090,82590,82610,82790
22319,98,31,85390,87360,86890,86910,87060
22320,98,32,49850,51910,51350,51370,51610
22321,98,32,52080,54030,53580,53600,53730
22322,98,39,74460,76560,75960,75980,76260
22323,98,39,78760,80650,80260,80280,80350
22324,98,41,66190,68130,67690,67710,67830
22325,98,46,102580,104580,104080,104100,104280
22326,98,46,119430,121390,120930,120950,121090
22327,98,46,122120,124070,123620,123640,123770
22328,98,48,26540,28540,28040,28060,28240
22329,98,48,51460,53410,52960,52980,53110
22330,98,48,59340,61340,60840,60860,61040
22331,98,61,57110,58980,58610,58630,58680
22332,98,61,61890,63890,63390,63410,63590
22333,98,61,75830,77670,77330,77350,77370
22334,98,61,77320,79210,78820,78840,78910
22335,98,61,81620,83490,83120,83140,83190
22336,98,61,82980,84950,84480,84500,84650
22337,98,61,107990,109990,109490,109510,109690
22338,98,61,110010,111950,111510,111530,111650
22339,98,61,115410,117410,116910,116930,117110
22340,98,61,117120,119090,118620,118640,118790
22341,98,61,141040,143040,142540,142560,142740
22342,98,64,99900,101910,101400,101420,101610
22343,98,64,124160,126130,125660,125680,125830
22344,98,64,139070,141070,140570,140590,140770
22345,98,64,142380,144380,143880,143900,144080
22346,98,67,37710,39710,39210,39230,39410
22347,98,84,104580,106440,106080,106100,106140
22348,98,84,110750,112750,112250,112270,112450
22349,98,84,112290,114260,113790,113810,113960
22350,98,89,39680,41680,41180,41200,41380
22351,98,89,44190,46160,45690,45710,45860
22352,98,90,62510,64440,64010,64030,64140
22353,98,90,67790,69800,69290,69310,69500
22354,98,90,136680,138680,138180,138200,138380
22355,98,91,13610,15610,15110,15130,15310
22356,98,92,92750,94660,94250,94270,94360
22357,98,92,112370,114370,113870,113890,114070
22358,98,92,116800,118760,118300,118320,118460
22359,98,92,122690,124750,124190,124210,124450
22360,98,92,127870,129780,129370,129390,129480
22361,98,92,136410,138450,137910,137930,138150
22362,98,93,18710,20590,20210,20230,20290
22363,98,93,22580,24580,24080,24100,24280
22364,98,97,20830,22830,22330,22350,22530
22365,98,97,24680,26560,26180,26200,26260
22366,98,97,35330,37240,36830,36850,36940
22367,98,97,42440,44440,43940,43960,44140
22368,98,97,55570,57490,57070,57090,57190
22369,98,97,57290,59570,58790,58810,59270
22370,98,97,121850,123850,123350,123370,123550
22371,98,97,124680,126680,126180,126200,126380
22372,98,97,128810,130810,130310,130330,130510
22373,98,97,153180,155150,154680,154700,154850
22374,98,98,33910,35900,35410,35430,35600
22375,98,98,86940,88780,88440,88460,88480
22376,98,98,88030,90050,89530,89550,89750
22377,98,101,44720,46720,46220,46240,46420
22378,98,101,46200,48130,47700,47720,47830
22379,98,101,49440,51550,50940,50960,51250
22380,98,101,52990,54940,54490,54510,54640
22381,98,101,63860,65860,65360,65380,65560
22382,98,104,32370,34310,33870,33890,34010
22383,98,119,46450,48520,47950,47970,48220
22384,98,119,48000,49970,49500,49520,49670
22385,98,119,64220,66070,65720,65740,65770
22386,98,122,34120,36120,35620,35640,35820
22387,98,122,36180,38020,37680,37700,37720
22388,98,142,316270,318130,317770,317790,317830
22389,98,142,316790,318710,318290,318310,318410
22390,98,142,318660,320550,320160,320180,320250
22391,98,142,345320,347200,346820,346840,346900
22392,98,142,357540,359540,359040,359060,359240
22393,98,142,363820,365830,365320,365340,365530
22394,98,142,365810,367770,367310,367330,367470
22395,98,142,377910,379850,379410,379430,379550
22396,98,142,383460,385460,384960,384980,385160
22397,98,142,397000,398940,398500,398520,398640
22398,98,152,24610,26590,26110,26130,26290
22399,98,152,24640,28120,26140,27810,27820
22400,98,152,26320,28150,27820,27840,27850
22401,98,155,149540,151450,151040,151060,151150
22402,98,155,157730,159690,159230,159250,159390
22403,98,155,168790,170740,170290,170310,170440
22404,98,155,170300,172190,171800,171820,171890
22405,98,155,183780,185780,185280,185300,185480
22406,98,155,211110,213110,212610,212630,212810
22407,98,155,220540,222540,222040,222060,222240
22408,98,155,246330,248460,247830,247850,248160
22409,98,155,292250,294250,293750,293770,293950
22410,98,155,295630,297560,297130,297150,297260
22411,98,155,586740,588740,588240,588260,588440
22412,98,155,588710,590650,590210,590230,590350
22413,98,155,597450,599500,598950,598970,599200
22414,98,155,600600,602530,602100,602120,602230
22415,98,155,633220,635220,634720,634740,634920
22416,98,155,635640,637650,637140,637160,637350
22417,98,155,698900,700890,700400,700430,700590
22418,98,160,119680,121670,121180,121200,121370
22419,98,160,122910,124890,124410,124430,124590
22420,98,160,126090,128090,127590,127610,127790
22421,98,160,127570,129460,129070,129090,129160
22422,98,160,135470,137300,136970,136990,137000
22423,98,160,147370,149380,148870,148890,149080
22424,98,160,192120,194120,193620,193640,193820
22425,98,160,195130,197130,196630,196650,196830
22426,98,160,204650,206650,206150,206170,206350
22427,98,160,208790,210720,210290,210310,210420
22428,98,160,212830,214840,214330,214350,214540
22429,98,160,214190,216190,215690,215710,215890
22430,98,160,319260,321270,320760,320790,320970
22431,98,160,334520,336520,336020,336040,336220
22432,98,160,337030,338950,338530,338560,338650
22433,98,160,340220,342220,341720,341740,341920
22434,98,160,340250,354210,341750,353900,353910
22435,98,160,352410,354300,353910,353930,354000
22436,98,160,490600,492470,492100,492120,492170
22437,98,160,503730,505730,505230,505250,505430
22438,98,160,507900,509870,509400,509420,509570
22439,98,160,522690,524690,524190,524210,524390
22440,98,160,529980,531890,531480,531500,531590
22441,98,160,552910,554780,554410,554430,554480
22442,98,160,581200,583070,582700,582720,582770
22443,98,160,588160,590060,589660,589680,589760
22444,98,160,618200,620100,619700,619720,619800
22445,98,160,619600,621600,621100,621120,621300
22446,98,160,626200,628110,627700,627720,627810
22447,98,160,633740,635660,635240,635260,635360
22448,98,160,644390,646400,645890,645910,646100
22449,98,160,649260,651260,650760,650780,650960
22450,98,160,655290,657350,656790,656810,657050
22451,98,160,722660,724500,724160,724180,724200
22452,98,160,725220,727180,726720,726740,726880
22453,98,160,726930,728810,728430,728450,728510
22454,98,160,746330,748260,747830,747860,747960
22455,98,160,748490,750330,749990,750010,750030
22456,98,168,80230,82240,81730,81750,81940
22457,98,168,81580,83540,83080,83100,83240
22458,98,168,90910,92790,92410,92430,92490
22459,98,168,110790,112750,112290,112310,112450
22460,98,168,111440,113440,112940,112960,113140
22461,98,168,132970,134970,134470,134490,134670
22462,98,168,149970,151920,151470,151490,151620
22463,98,171,47600,49600,49100,49120,49300
22464,98,171,65650,67520,67150,67170,67220
22465,98,185,44980,46990,46480,46500,46690
22466,98,185,47280,49170,48780,48800,48870
22467,98,186,15790,17710,17290,17310,17410
22468,98,187,26640,28540,28140,28160,28240
22469,98,194,29210,31210,30710,30730,30910
22470,98,194,31450,33310,32950,32970,33010
22471,98,194,34470,36370,35970,35990,36070
22472,98,194,39360,41220,40860,40880,40920
22473,98,195,92970,95020,94470,94490,94720
22474,98,195,98360,100280,99860,99880,99980
22475,98,195,102500,104500,104000,104020,104200
22476,98,195,132680,134600,134180,134200,134300
22477,98,195,169110,171060,170610,170630,170760
22478,98,195,194200,196120,195700,195720,195820
22479,98,195,203710,205700,205210,205230,205400
22480,98,195,215310,217200,216810,216830,216900
22481,98,195,224800,226800,226300,226320,226500
22482,98,195,251510,253510,253010,253030,253210
22483,98,195,268600,270600,270100,270120,270300
22484,98,195,272950,274950,274450,274470,274650
22485,98,195,289690,291690,291190,291210,291390
22486,98,195,301670,303670,303170,303190,303370
22487,98,195,310230,312240,311730,311750,311940
22488,99,2,49180,51180,50680,50700,50880
22489,99,2,52390,54390,53890,53910,54090
22490,99,2,58670,60670,60170,60190,60370
22491,99,2,71770,73780,73270,73290,73480
22492,99,5,58100,60110,59600,59620,59810
22493,99,5,61030,63030,62530,62550,62730
22494,99,5,65330,67330,66830,66850,67030
22495,99,5,68840,70670,70340,70360,70370
22496,99,11,29100,31110,30600,30620,30810
22497,99,11,30560,32540,32060,32080,32240
22498,99,24,22060,24060,23560,23580,23760
22499,99,24,29840,31840,31340,31360,31540
22500,99,24,32470,34340,33970,33990,34040
22501,99,24,36360,38370,37860,37880,38070
22502,99,24,38020,40020,39520,39540,39720
22503,99,24,47670,49580,49170,49190,49280
22504,99,25,44210,46210,45710,45730,45910
22505,99,26,38680,40690,40180,40200,40390
22506,99,26,41950,43950,43450,43470,43650
22507,99,26,45480,47470,46980,47000,47170
22508,99,27,39290,41300,40790,40810,41000
22509,99,27,44170,46170,45670,45690,45870
22510,99,27,49580,51590,51080,51100,51290
22511,99,27,56940,58940,58440,58460,58640
22512,99,27,79620,81600,81120,81140,81300
22513,99,27,81050,83010,82550,82570,82710
22514,99,27,100110,102200,101610,101630,101900
22515,99,27,111550,113550,113050,113070,113250
22516,99,27,142460,144470,143960,143980,144170
22517,99,27,144700,146530,146200,146220,146230
22518,99,27,147780,149780,149280,149300,149480
22519,99,27,153910,155920,155410,155430,155620
22520,99,27,167400,169540,168900,168920,169240
22521,99,30,96840,98850,98340,98360,98550
22522,99,30,108840,110850,110340,110370,110550
22523,99,30,109700,111540,111200,111220,111240
22524,99,38,45910,47910,47410,47430,47610
22525,99,38,75320,77320,76820,76840,77020
22526,99,42,71400,73400,72900,72920,73100
22527,99,45,17340,19290,18840,18860,18990
22528,99,45,32000,34010,33500,33520,33710
22529,99,56,72790,74830,74290,74310,74530
22530,99,56,77500,79330,79000,79020,79030
22531,99,56,83230,85320,84730,84750,85020
22532,99,56,87730,89740,89230,89250,89440
22533,99,56,90190,92080,91690,91710,91780
22534,99,56,102330,104330,103830,103850,104030
22535,99,56,105740,107680,107240,107260,107380
22536,99,56,109130,111130,110630,110650,110830
22537,99,56,117090,118980,118590,118610,118680
22538,99,56,123910,126040,125410,125430,125740
22539,99,56,126420,128440,127920,127940,128140
22540,99,56,128480,130480,129980,130000,130180
22541,99,60,184960,186820,186460,186480,186520
22542,99,60,267790,269790,269290,269310,269490
22543,99,66,65720,67710,67220,67240,67410
22544,99,66,69800,71810,71300,71320,71510
22545,99,66,75250,77260,76750,76770,76960
22546,99,66,76790,78790,78290,78310,78490
22547,99,66,90670,92670,92170,92190,92370
22548,99,71,44650,46660,46150,46170,46360
22549,99,81,54260,56380,55760,55780,56080
22550,99,81,54290,64660,55790,64350,64360
22551,99,81,62860,64870,64360,64380,64570
22552,99,81,67980,69990,69480,69500,69690
22553,99,81,106750,108790,108250,108270,108490
22554,99,81,113650,115650,115150,115170,115350
22555,99,83,191220,193410,192720,192740,193110
22556,99,83,232160,234170,233660,233680,233870
22557,99,91,45760,47720,47260,47280,47420
22558,99,101,57710,59710,59210,59230,59410
22559,99,103,42800,44810,44300,44320,44510
22560,99,103,46960,48960,48460,48480,48660
22561,99,103,49070,51070,50570,50590,50770
22562,99,104,31280,33280,32780,32800,32980
22563,99,104,49050,51140,50550,50570,50840
22564,99,104,50820,52650,52320,52340,52350
22565,99,104,56080,58090,57580,57600,57790
22566,99,104,58000,60000,59500,59520,59700
22567,99,104,61220,63220,62720,62740,62920
22568,99,104,65210,67210,66710,66730,66910
22569,99,104,70660,72670,72160,72180,72370
22570,99,105,53920,55920,55420,55440,55620
22571,99,107,96670,98680,98170,98190,98380
22572,99,107,98830,100830,100330,100350,100530
22573,99,107,101760,103760,103260,103280,103460
22574,99,107,108560,110450,110060,110080,110150
22575,99,107,114710,116720,116210,116240,116420
22576,99,115,75750,77750,77250,77270,77450
22577,99,115,84970,86970,86470,86490,86670
22578,99,121,14530,16540,16030,16050,16240
22579,99,125,17310,19470,18810,18830,19170
22580,99,125,32410,34270,33910,33930,33970
22581,99,125,38440,40270,39940,39960,39970
22582,99,125,74830,76830,76330,76350,76530
22583,99,127,68270,70280,69770,69790,69980
22584,99,127,78910,80770,80410,80430,80470
22585,99,127,81140,83110,82640,82660,82810
22586,99,127,85030,87040,86530,86550,86740
22587,99,138,36000,38000,37500,37520,37700
22588,99,138,38170,40170,39670,39690,39870
22589,99,139,38460,40370,39960,39980,40070
22590,99,139,39520,41540,41020,41040,41240
22591,99,141,20670,22680,22170,22190,22380
22592,99,141,35480,37480,36980,37000,37180
22593,99,141,37320,39320,38820,38840,39020
22594,99,141,45500,47410,47000,47020,47110
22595,99,141,46380,48380,47880,47900,48080
22596,99,141,55590,57760,57090,57110,57460
22597,99,141,62010,64130,63510,63530,63830
22598,99,141,68380,70390,69880,69900,70090
22599,99,141,70680,72690,72180,72200,72390
22600,99,141,77930,79930,79430,79450,79630
22601,99,141,78980,80980,80480,80500,80680
22602,99,141,90380,92380,91880,91900,92080
22603,99,141,91250,93260,92750,92770,92960
22604,99,141,100300,102300,101800,101820,102000
22605,99,141,108160,110050,109660,109680,109750
22606,99,141,119900,121730,121400,121420,121430
22607,99,141,127840,129790,129340,129360,129490
22608,99,141,129840,131850,131340,131360,131550
22609,99,141,134820,136720,136320,136340,136420
22610,99,141,138240,140250,139740,139760,139950
22611,99,141,151120,153050,152620,152640,152750
22612,99,141,153430,155430,154930,154950,155130
22613,99,143,42270,44280,43770,43790,43980
22614,99,143,45150,47160,46650,46670,46860
22615,99,144,37740,39740,39240,39260,39440
22616,99,144,39940,41970,41440,41460,41670
22617,99,144,45650,47640,47150,47170,47340
22618,99,144,70870,72880,72370,72390,72580
22619,99,144,89910,92030,91410,91430,91730
22620,99,144,94310,96310,95810,95830,96010
22621,99,144,118180,120080,119680,119700,119780
22622,99,144,122170,124170,123670,123690,123870
22623,99,146,83870,85790,85370,85390,85490
22624,99,148,81190,83190,82690,82710,82890
22625,99,148,84230,86290,85730,85750,85990
22626,99,148,90600,92610,92100,92120,92310
22627,99,148,92290,94180,93790,93810,93880
22628,99,151,57520,59410,59020,59040,59110
22629,99,151,63680,65680,65180,65200,65380
22630,99,152,32040,34050,33540,33560,33750
22631,99,152,53260,55340,54760,54780,55040
22632,99,156,19960,21960,21460,21480,21660
22633,99,156,63820,65820,65320,65340,65520
22634,100,2,38640,40640,40140,40160,40340
22635,100,3,44450,46300,45950,45970,46000
22636,100,3,53930,55930,55430,55450,55630
22637,100,3,81010,82870,82510,82530,82570
22638,100,3,83110,84990,84610,84630,84690
22639,100,3,104750,106750,106250,106270,106450
22640,100,3,133090,135030,134590,134610,134730
22641,100,3,141160,143050,142660,142680,142750
22642,100,3,151920,154030,153420,153440,153730
22643,100,4,212040,214040,213540,213560,213740
22644,100,6,90290,92290,91790,91810,91990
22645,100,6,94180,96180,95680,95700,95880
22646,100,6,95600,97450,97100,97120,97150
22647,100,6,98130,100110,99630,99650,99810
22648,100,7,206550,208560,208050,208070,208260
22649,100,7,208950,211070,210450,210470,210770
22650,100,7,210820,212860,212320,212350,212560
22651,100,7,214830,216810,216330,216350,216510
22652,100,7,216860,218860,218360,218380,218560
22653,100,7,222230,224380,223730,223750,224080
22654,100,7,223700,225750,225200,225220,225450
22655,100,13,137820,139950,139320,139340,139650
22656,100,13,138410,140470,139910,139930,140170
22657,100,13,160920,162920,162420,162440,162620
22658,100,13,165010,167010,166510,166530,166710
22659,100,13,165890,167840,167390,167410,167540
22660,100,13,175540,177540,177040,177060,177240
22661,100,13,266360,268200,267860,267880,267900
22662,100,13,272190,274200,273690,273710,273900
22663,100,13,320940,322940,322440,322460,322640
22664,100,13,324740,326740,326240,326260,326440
22665,100,13,327290,329300,328790,328810,329000
22666,100,13,344250,346250,345750,345770,345950
22667,100,13,348840,350990,350340,350360,350690
22668,100,13,352040,354140,353540,353560,353840
22669,100,13,358470,360300,359970,359990,360000
22670,100,13,361360,363280,362860,362880,362980
22671,100,13,362270,364270,363770,363790,363970
22672,100,13,364440,366440,365940,365960,366140
22673,100,13,368990,370850,370490,370510,370550
22674,100,13,369020,372970,370520,372660,372670
22675,100,13,371170,373030,372670,372690,372730
22676,100,13,373700,375540,375200,375220,375240
22677,100,13,375080,377080,376580,376600,376780
22678,100,14,60040,61870,61540,61560,61570
22679,100,14,78240,80210,79740,79760,79910
22680,100,14,88080,90080,89580,89600,89780
22681,100,14,96840,98830,98340,98360,98530
22682,100,14,106540,108580,108040,108060,108280
22683,100,14,130980,132960,132480,132500,132660
22684,100,14,133620,135480,135120,135140,135180
22685,100,14,141600,143530,143100,143120,143230
22686,100,19,7880,9890,9380,9400,9590
22687,100,19,34700,36590,36200,36220,36290
22688,100,19,42170,44000,43670,43690,43700
22689,100,19,46730,48700,48230,48250,48400
22690,100,19,47890,49900,49390,49410,49600
22691,100,19,52220,54320,53720,53740,54020
22692,100,19,58030,59970,59530,59550,59670
22693,100,19,60720,62730,62220,62240,62430
22694,100,19,68600,70600,70100,70120,70300
22695,100,19,70980,72980,72480,72500,72680
22696,100,19,72480,74480,73980,74000,74180
22697,100,19,75100,77200,76600,76620,76900
22698,100,19,75920,77920,77420,77440,77620
22699,100,19,92830,94830,94330,94350,94530
22700,100,19,94200,96130,95700,95720,95830
22701,100,19,113800,116470,115300,115320,116170
22702,100,19,116730,118760,118230,118250,118460
22703,100,19,118780,121000,120280,120300,120700
22704,100,19,137700,139620,139200,139220,139320
22705,100,19,184460,186590,185960,185980,186290
22706,100,19,231190,233120,232690,232710,232820
22707,100,19,234750,236750,236250,236270,236450
22708,100,19,245330,247270,246830,246860,246970
22709,100,19,251670,253670,253170,253190,253370
22710,100,19,254250,256250,255750,255770,255950
22711,100,19,287950,289910,289450,289470,289610
22712,100,19,291110,293270,292610,292630,292970
22713,100,19,308100,309980,309600,309620,309680
22714,100,22,43470,45300,44970,44990,45000
22715,100,22,45670,47850,47170,47190,47550
22716,100,22,46670,48580,48170,48190,48280
22717,100,22,51990,53990,53490,53510,53690
22718,100,23,27850,29850,29350,29370,29550
22719,100,23,30570,32420,32070,32090,32120
22720,100,34,57510,59520,59010,59030,59220
22721,100,34,58300,60300,59800,59820,60000
22722,100,34,71360,73350,72860,72880,73050
22723,100,34,108790,110630,110290,110310,110330
22724,100,35,39690,41700,41190,41210,41400
22725,100,35,49260,51260,50760,50780,50960
22726,100,35,53800,55800,55300,55320,55500
22727,100,35,57120,59040,58620,58640,58740
22728,100,35,102260,104240,103760,103780,103940
22729,100,35,104450,106390,105950,105970,106090
22730,100,35,107270,109390,108770,108790,109090
22731,100,35,121070,123020,122570,122590,122720
22732,100,35,122990,124990,124490,124510,124690
22733,100,35,124200,126140,125700,125720,125840
22734,100,37,46380,48380,47880,47900,48080
22735,100,37,54440,56450,55940,55970,56150
22736,100,37,69470,71470,70970,70990,71170
22737,100,37,71310,73310,72810,72830,73010
22738,100,37,93380,95380,94880,94900,95080
22739,100,37,96260,98260,97760,97780,97960
22740,100,37,100890,102990,102390,102410,102690
22741,100,37,103110,105110,104610,104630,104810
22742,100,37,165870,168040,167370,167390,167740
22743,100,37,168220,170340,169720,169740,170040
22744,100,37,168960,170970,170460,170490,170670
22745,100,37,169770,171750,171270,171290,171450
22746,100,37,170400,172480,171900,171920,172180
22747,100,37,172840,174990,174340,174360,174690
22748,100,37,174060,175950,175560,175580,175650
22749,100,37,174960,176950,176460,176480,176650
22750,100,37,186000,188000,187500,187520,187700
22751,100,37,187180,189180,188680,188700,188880
22752,100,37,189580,191580,191080,191100,191280
22753,100,37,190580,192630,192080,192100,192330
22754,100,37,191930,194220,193430,193450,193920
22755,100,37,194610,196870,196110,196130,196570
22756,100,37,198330,200450,199830,199850,200150
22757,100,37,200450,202690,201950,201970,202390
22758,100,37,202300,204550,203800,203820,204250
22759,100,37,218610,220620,220110,220130,220320
22760,100,37,221850,223850,223350,223370,223550
22761,100,37,225190,227200,226690,226710,226900
22762,100,37,228430,230530,229930,229950,230230
22763,100,37,231710,233710,233210,233230,233410
22764,100,37,233140,234980,234640,234660,234680
22765,100,37,235810,237820,237310,237330,237520
22766,100,37,245940,248060,247440,247460,247760
22767,100,37,247330,249330,248830,248850,249030
22768,100,37,251680,253690,253180,253200,253390
22769,100,37,257530,259530,259030,259050,259230
22770,100,37,267960,270100,269460,269480,269800
22771,100,37,272840,274840,274340,274360,274540
22772,100,39,35880,37890,37380,37410,37590
22773,100,39,199670,201660,201170,201190,201360
22774,100,39,208020,210060,209520,209540,209760
22775,100,39,210700,212590,212200,212220,212290
22776,100,39,246470,248310,247970,248000,248010
22777,100,39,249820,251680,251320,251340,251380
22778,100,39,255210,257400,256710,256730,257100
22779,100,39,269440,271520,270940,270960,271220
22780,100,39,272570,274580,274070,274090,274280
22781,100,42,45180,47310,46680,46700,47010
22782,100,42,50160,52370,51660,51680,52070
22783,100,42,54900,56740,56400,56420,56440
22784,100,42,59000,60860,60500,60530,60560
22785,100,43,36070,38070,37570,37590,37770
22786,100,43,40030,42030,41530,41550,41730
22787,100,43,42670,44550,44170,44190,44250
22788,100,52,44460,46450,45960,45980,46150
22789,100,52,59320,61340,60820,60840,61040
22790,100,52,61820,63790,63320,63340,63490
22791,100,52,95100,97320,96600,96620,97020
22792,100,52,162630,164520,164130,164150,164220
22793,100,52,170750,172750,172250,172270,172450
22794,100,52,214260,216240,215760,215780,215940
22795,100,52,215350,217350,216850,216870,217050
22796,100,52,222760,224760,224260,224280,224460
22797,100,52,236750,238580,238250,238270,238280
22798,100,52,240270,242270,241770,241790,241970
22799,100,52,293420,295390,294920,294940,295090
22800,100,53,76010,77900,77510,77530,77600
22801,100,53,78620,80450,80120,80140,80150
22802,100,53,127920,130030,129420,129440,129730
22803,100,53,132530,134480,134030,134050,134180
22804,100,53,228310,230440,229810,229830,230140
22805,100,53,230460,232480,231960,231980,232180
22806,100,53,244280,246220,245780,245800,245920
22807,100,53,245310,247310,246810,246830,247010
22808,100,53,273080,275230,274580,274600,274930
22809,100,53,308720,310610,310220,310240,310310
22810,100,71,102090,103980,103590,103610,103680
22811,100,71,188100,190110,189600,189620,189810
22812,100,71,229950,231960,231450,231470,231660
22813,100,71,231420,233420,232920,232940,233120
22814,100,71,270210,272100,271710,271730,271800
22815,100,71,271280,273220,272780,272800,272920
22816,100,71,303910,305900,305410,305430,305600
22817,100,71,337080,339200,338580,338600,338900
22818,100,71,340740,342750,342240,342260,342450
22819,100,71,354810,356790,356310,356330,356490
22820,100,71,362880,364880,364380,364400,364580
22821,100,72,52850,54740,54350,54370,54440
22822,100,72,59530,61710,61030,61050,61410
22823,100,72,66170,68180,67670,67690,67880
22824,100,72,107150,109360,108650,108670,109060
22825,100,72,137730,139740,139230,139250,139440
22826,100,72,142230,144360,143730,143750,144060
22827,100,72,151680,153520,153180,153200,153220
22828,100,72,153040,155010,154540,154560,154710
22829,100,72,155250,157330,156750,156770,157030
22830,100,72,188010,189860,189510,189530,189560
22831,100,72,189050,190880,190550,190570,190580
22832,100,72,264840,266730,266340,266360,266430
22833,100,72,267850,269900,269350,269370,269600
22834,100,72,269420,271570,270920,270940,271270
22835,100,75,57020,59030,58520,58540,58730
22836,100,75,58090,60090,59590,59610,59790
22837,100,75,59500,61500,61000,61020,61200
22838,100,75,60710,62820,62210,62230,62520
22839,100,75,66020,67950,67520,67540,67650
22840,100,76,36990,39140,38490,38510,38840
22841,100,76,37020,39290,38520,38980,38990
22842,100,76,38400,40400,39900,39920,40100
22843,100,76,41630,43740,43130,43150,43440
22844,100,76,44120,46120,45620,45640,45820
22845,100,88,140840,142780,142340,142360,142480
22846,100,88,143020,145010,144520,144540,144710
22847,100,90,171500,173500,173000,173020,173200
22848,100,90,172460,174460,173960,173980,174160
22849,100,90,196410,198410,197910,197930,198110
22850,100,90,198640,200640,200140,200160,200340
22851,100,107,58050,59900,59550,59570,59600
22852,100,107,64250,66260,65750,65770,65960
22853,100,107,75230,77470,76730,76750,77170
22854,100,107,88020,89850,89520,89540,89550
22855,100,107,99730,101850,101230,101250,101550
22856,100,107,108240,110240,109740,109760,109940
22857,100,108,30990,32990,32490,32510,32690
22858,100,108,75040,77160,76540,76560,76860
22859,100,109,47140,49150,48640,48660,48850
22860,100,109,52230,54080,53730,53760,53780
22861,100,109,71610,73610,73110,73130,73310
22862,100,109,132560,134490,134060,134080,134190
22863,100,109,166240,168240,167740,167760,167940
22864,100,109,168840,170810,170340,170360,170510
22865,100,112,50660,52490,52160,52180,52190
22866,100,112,57620,59620,59120,59140,59320
22867,100,112,58350,60350,59850,59870,60050
22868,100,112,62880,64910,64380,64400,64610
22869,100,121,72590,74710,74090,74110,74410
22870,100,121,73260,75260,74760,74780,74960
22871,100,121,92990,94990,94490,94510,94690
22872,100,136,65030,66870,66530,66550,66570
22873,100,136,66220,68320,67720,67740,68020
22874,100,136,68880,70880,70380,70400,70580
22875,100,136,70280,72230,71780,71800,71930
22876,100,136,70310,73450,71810,73140,73150
22877,100,136,71650,73520,73150,73170,73220
22878,100,138,104640,106480,106140,106160,106180
22879,100,138,106500,108470,108000,108020,108170
22880,100,138,109980,111810,111480,111500,111510
22881,100,138,111150,113160,112650,112670,112860
22882,100,138,115160,117160,116660,116680,116860
22883,100,138,117770,119680,119270,119290,119380
22884,100,138,224920,226840,226420,226440,226540
22885,100,138,225590,227600,227090,227110,227300
22886,100,138,227580,229560,229080,229100,229260
22887,100,138,235830,237780,237330,237350,237480
22888,100,138,255900,257860,257400,257420,257560
22889,100,153,46150,48150,47650,47670,47850
22890,100,154,46130,47980,47630,47650,47680
22891,100,189,78880,81150,80380,80400,80850
22892,100,189,88890,90720,90390,90410,90420
22893,100,189,126190,128150,127690,127710,127850
22894,100,189,137250,139390,138750,138770,139090
22895,100,189,149390,151220,150890,150910,150920
22896,100,190,47180,49110,48680,48700,48810
22897,100,190,55510,57540,57010,57040,57240
22898,100,190,60130,62130,61630,61650,61830
22899,100,190,60820,62880,62320,62340,62580
22900,100,190,85400,87300,86900,86920,87000
22901,100,190,88430,90440,89930,89950,90140
22902,100,190,91740,93750,93240,93260,93450
22903,100,190,98760,100830,100260,100280,100530
22904,100,190,104220,106220,105720,105740,105920
22905,100,190,105970,107980,107470,107490,107680
22906,100,190,117770,119770,119270,119290,119470
22907,100,190,133020,135030,134520,134540,134730
22908,100,195,36770,38930,38270,38290,38630
22909,100,195,36800,39080,38300,38770,38780
22910,100,195,37280,39280,38780,38800,38980
22911,100,195,39670,41670,41170,41190,41370
22912,101,1,71880,74000,73380,73400,73700
22913,101,1,76720,78720,78220,78240,78420
22914,101,1,87920,89930,89420,89440,89630
22915,101,5,84060,86060,85560,85580,85760
22916,101,5,227750,229790,229250,229270,229490
22917,101,5,230080,232030,231580,231600,231730
22918,101,5,231560,233560,233060,233080,233260
22919,101,5,237300,239410,238800,238820,239110
22920,101,5,238530,240530,240030,240050,240230
22921,101,6,23340,25230,24840,24860,24930
22922,101,6,37360,39240,38860,38880,38940
22923,101,6,49260,51260,50760,50780,50960
22924,101,22,24850,26850,26350,26370,26550
22925,101,22,34380,36390,35880,35900,36090
22926,101,22,39120,41100,40620,40640,40800
22927,101,46,31640,33570,33140,33160,33270
22928,101,48,334380,336390,335880,335900,336090
22929,101,48,335500,337480,337000,337020,337180
22930,101,48,348750,350870,350250,350270,350570
22931,101,54,198270,200280,199770,199790,199980
22932,101,54,210110,211950,211610,211630,211650
22933,101,54,215510,217550,217010,217030,217250
22934,101,54,219780,221850,221280,221300,221550
22935,101,54,219810,229050,221310,228740,228750
22936,101,54,227250,229250,228750,228770,228950
22937,101,54,229050,231050,230550,230570,230750
22938,101,54,237800,239770,239300,239320,239470
22939,101,57,219370,221410,220870,220890,221110
22940,101,57,219400,224060,220900,223750,223760
22941,101,57,222260,224260,223760,223780,223960
22942,101,57,226960,229080,228460,228480,228780
22943,101,57,230560,232660,232060,232080,232360
22944,101,66,32530,34390,34030,34050,34090
22945,101,66,69330,71340,70830,70850,71040
22946,101,67,90150,92150,91650,91670,91850
22947,101,67,118910,120920,120410,120430,120620
22948,101,82,94820,96820,96320,96340,96520
22949,101,82,107120,109120,108620,108640,108820
22950,101,82,114110,116110,115610,115630,115810
22951,101,82,117940,119940,119440,119460,119640
22952,101,82,119130,121130,120630,120650,120830
22953,101,82,126420,128420,127920,127940,128120
22954,101,82,159920,161920,161420,161440,161620
22955,101,82,162760,164750,164260,164280,164450
22956,101,82,189570,191580,191070,191090,191280
22957,101,82,230480,232610,231980,232000,232310
22958,101,82,233650,235650,235150,235170,235350
22959,101,82,235990,237850,237490,237510,237550
22960,101,82,241940,243940,243440,243460,243640
22961,101,82,282350,284340,283850,283870,284040
22962,101,82,283660,285630,285160,285180,285330
22963,101,82,284160,286060,285660,285680,285760
22964,101,82,295550,297530,297050,297070,297230
22965,101,82,300720,302730,302220,302240,302430
22966,101,82,325270,327230,326770,326790,326930
22967,101,82,331650,333650,333150,333170,333350
22968,101,82,333100,335080,334600,334620,334780
22969,101,82,338880,340880,340380,340400,340580
22970,101,82,345360,347330,346860,346880,347030
22971,101,82,368440,370460,369940,369960,370160
22972,101,82,389990,392100,391490,391510,391800
22973,101,84,20500,22340,22000,22020,22040
22974,101,84,43180,45180,44680,44700,44880
22975,101,84,46130,48130,47630,47650,47830
22976,101,85,31060,33060,32560,32580,32760
22977,101,85,34660,36810,36160,36180,36510
22978,101,85,41870,43840,43370,43390,43540
22979,101,85,49860,51870,51360,51390,51570
22980,101,85,51690,53790,53190,53210,53490
22981,101,85,58830,60830,60330,60350,60530
22982,101,85,61050,63050,62550,62570,62750
22983,101,85,64930,66930,66430,66450,66630
22984,101,85,93440,95450,94940,94960,95150
22985,101,85,111000,113000,112500,112520,112700
22986,101,85,113160,115160,114660,114680,114860
22987,101,85,193450,195390,194950,194970,195090
22988,101,85,200810,202810,202310,202330,202510
22989,101,85,225220,227130,226720,226740,226830
22990,101,85,227260,229270,228760,228790,228970
22991,101,85,254390,256260,255890,255910,255960
22992,101,85,255590,257570,257090,257110,257270
22993,101,92,46200,48150,47700,47720,47850
22994,101,92,54520,56520,56020,56040,56220
22995,101,92,66710,68710,68210,68230,68410
22996,101,103,99610,101610,101110,101130,101310
22997,101,111,11910,13910,13410,13430,13610
22998,101,111,62120,64130,63620,63640,63830
22999,101,111,85570,87580,87070,87090,87280
23000,101,112,72130,74130,73630,73650,73830
23001,101,112,79360,81200,80860,80880,80900
23002,101,112,102060,104060,103560,103580,103760
23003,101,112,153200,155040,154700,154720,154740
23004,101,112,161650,163650,163150,163170,163350
23005,101,114,12120,14120,13620,13640,13820
23006,101,119,55940,57950,57440,57470,57650
23007,101,119,73060,75060,74560,74580,74760
23008,101,119,75630,77920,77130,77150,77620
23009,101,119,89980,91980,91480,91500,91680
23010,101,119,91840,93670,93340,93360,93370
23011,101,119,103490,105490,104990,105010,105190
23012,101,119,105320,107390,106820,106840,107090
23013,101,119,115850,117680,117350,117370,117380
23014,101,119,137130,138960,138630,138650,138660
23015,101,119,141910,143950,143410,143430,143650
23016,101,119,143480,145480,144980,145000,145180
23017,101,119,147670,149680,149170,149190,149380
23018,101,119,149270,151280,150770,150790,150980
23019,101,129,28780,30780,30280,30300,30480
23020,101,129,33220,35220,34720,34740,34920
23021,101,129,44960,46960,46460,46480,46660
23022,101,129,46860,48830,48360,48380,48530
23023,101,129,55780,57790,57280,57300,57490
23024,101,129,58420,60430,59920,59940,60130
23025,101,129,66020,68030,67520,67540,67730
23026,101,129,68340,70500,69840,69860,70200
23027,101,141,49330,51340,50830,50850,51040
23028,101,141,97670,99670,99170,99190,99370
23029,101,143,85740,87740,87240,87260,87440
23030,101,143,88640,90530,90140,90160,90230
23031,101,143,92770,94680,94270,94300,94380
23032,101,143,108680,110680,110180,110200,110380
23033,101,143,112740,114740,114240,114260,114440
23034,101,143,118660,120660,120160,120180,120360
23035,101,143,123380,125390,124880,124900,125090
23036,101,143,130330,132330,131830,131850,132030
23037,101,164,62710,64700,64210,64230,64400
23038,101,164,64250,66250,65750,65770,65950
23039,101,164,71390,73400,72890,72910,73100
23040,101,164,73780,75780,75280,75300,75480
23041,101,164,81930,83930,83430,83450,83630
23042,101,164,151610,153610,153110,153130,153310
23043,101,164,180470,182450,181970,182000,182150
23044,101,164,192900,194940,194400,194430,194640
23045,101,164,212100,214110,213600,213620,213810
23046,101,164,228910,230910,230410,230430,230610
23047,101,164,246640,248640,248140,248160,248340
23048,101,166,193770,195600,195270,195290,195300
23049,101,166,336360,338360,337860,337880,338060
23050,101,166,339630,341640,341130,341150,341340
23051,101,166,354500,356490,356000,356020,356190
23052,101,166,374870,376750,376370,376390,376450
23053,101,166,398270,400280,399770,399790,399980
23054,101,166,411240,413240,412740,412760,412940
23055,101,166,415300,417320,416800,416820,417020
23056,101,166,461480,463480,462980,463000,463180
23057,101,166,485800,487810,487300,487330,487510
23058,101,166,508650,510650,510150,510170,510350
23059,101,166,571710,573710,573210,573230,573410
23060,101,166,577530,579530,579030,579050,579230
23061,101,166,578990,580990,580490,580510,580690
23062,101,166,590730,592730,592230,592250,592430
23063,101,166,594230,596230,595730,595750,595930
23064,101,166,597540,599440,599040,599060,599140
23065,101,166,599620,601620,601120,601140,601320
23066,101,168,6740,8720,8240,8260,8420
23067,101,168,37280,39280,38780,38800,38980
23068,101,168,43180,45300,44680,44700,45000
23069,101,168,45010,46840,46510,46530,46540
23070,101,168,46380,48380,47880,47900,48080
23071,101,168,55770,57780,57270,57290,57480
23072,101,168,72790,74800,74290,74310,74500
23073,101,169,130280,132330,131780,131800,132030
23074,101,169,132940,134940,134440,134460,134640
23075,101,169,167010,169020,168510,168530,168720
23076,101,169,176590,178590,178090,178110,178290
23077,101,169,183090,185050,184590,184610,184750
23078,101,169,191370,193300,192870,192890,193000
23079,101,169,225670,227650,227170,227190,227350
23080,101,186,82310,84170,83810,83830,83870
23081,101,186,88460,90400,89960,89980,90100
23082,101,194,46850,48700,48350,48370,48400
23083,101,194,50360,52370,51860,51880,52070
23084,101,194,57180,59180,58680,58700,58880
23085,101,194,67960,69990,69460,69480,69690
23086,101,238,200630,202750,202130,202150,202450
23087,101,238,207060,209070,208560,208580,208770
23088,101,238,229540,231560,231040,231060,231260
23089,102,1,68220,70230,69720,69740,69930
23090,102,1,71260,73270,72760,72780,72970
23091,102,1,122350,124280,123850,123880,123980
23092,102,1,126110,127970,127610,127630,127670
23093,102,1,130120,132130,131620,131640,131830
23094,102,1,163170,165080,164670,164690,164780
23095,102,263,84140,86150,85640,85660,85850
23096,102,263,103120,105010,104620,104640,104710
23097,102,263,106940,108830,108440,108460,108530
23098,102,263,118700,120620,120200,120220,120320
23099,102,263,120200,122180,121700,121720,121880
23100,102,263,122620,124620,124120,124140,124320
23101,102,263,142490,144430,143990,144010,144130
23102,102,263,148410,150410,149910,149930,150110
23103,102,263,153290,155180,154790,154810,154880
23104,102,263,180580,182580,182080,182100,182280
23105,103,1,41890,43760,43390,43410,43460
23106,103,1,41920,59380,43420,59070,59080
23107,103,1,57580,59540,59080,59100,59240
23108,103,5,27280,29260,28780,28800,28960
23109,103,5,29920,31820,31420,31440,31520
23110,103,5,31150,33290,32650,32670,32990
23111,103,5,32760,34600,34260,34280,34300
23112,103,5,50700,52700,52200,52220,52400
23113,103,5,70320,72330,71820,71840,72030
23114,103,7,49860,51970,51360,51380,51670
23115,103,7,56100,58100,57600,57620,57800
23116,103,7,70500,72450,72000,72020,72150
23117,103,13,45030,47040,46530,46550,46740
23118,103,13,54110,56110,55610,55630,55810
23119,103,13,56860,58850,58360,58380,58550
23120,103,13,57590,59600,59090,59110,59300
23121,103,13,58240,60340,59740,59760,60040
23122,103,13,63350,65270,64850,64870,64970
23123,103,13,79640,81700,81140,81160,81400
23124,103,14,29740,31740,31240,31260,31440
23125,103,14,70030,72030,71530,71550,71730
23126,103,15,32580,34590,34080,34100,34290
23127,103,16,19180,21020,20680,20700,20720
23128,103,16,19210,23130,20710,22820,22830
23129,103,16,21330,23160,22830,22850,22860
23130,103,16,27470,29300,28970,28990,29000
23131,103,16,56960,59090,58460,58480,58790
23132,103,16,59870,61700,61370,61390,61400
23133,103,20,59780,62100,61280,61300,61800
23134,103,20,60920,62930,62420,62450,62630
23135,103,20,61790,63680,63290,63310,63380
23136,103,20,73950,76050,75450,75470,75750
23137,103,22,20430,22510,21930,21950,22210
23138,103,22,23160,25180,24660,24680,24880
23139,103,22,52000,54010,53500,53520,53710
23140,103,24,36580,38630,38080,38100,38330
23141,103,33,29350,31350,30850,30870,31050
23142,103,33,57660,59660,59160,59180,59360
23143,103,33,59420,61420,60920,60940,61120
23144,103,35,83670,85620,85170,85190,85320
23145,103,35,85790,87710,87290,87310,87410
23146,103,35,94070,96070,95570,95590,95770
23147,103,35,111540,113540,113040,113060,113240
23148,103,35,128050,130060,129550,129570,129760
23149,103,35,144000,145940,145500,145520,145640
23150,103,36,25620,27630,27120,27140,27330
23151,103,36,27120,29140,28620,28640,28840
23152,103,47,38500,40500,40000,40020,40200
23153,103,47,67770,69600,69270,69290,69300
23154,103,47,69350,71350,70850,70870,71050
23155,103,49,19050,20900,20550,20570,20600
23156,103,49,25910,27850,27410,27430,27550
23157,103,49,42280,44410,43780,43800,44110
23158,103,53,32150,34150,33650,33670,33850
23159,103,53,44000,46000,45500,45520,45700
23160,103,53,49660,51660,51160,51180,51360
23161,103,53,55300,57200,56800,56820,56900
23162,103,53,56330,58230,57830,57850,57930
23163,103,59,73670,75670,75170,75190,75370
23164,103,59,74190,76060,75690,75710,75760
23165,103,59,75580,77580,77080,77100,77280
23166,103,60,23270,25280,24770,24790,24980
23167,103,60,27770,29770,29270,29290,29470
23168,103,60,29150,31160,30650,30670,30860
23169,103,60,47210,49510,48710,48740,49210
23170,103,60,50410,52460,51910,51930,52160
23171,103,60,52090,54090,53590,53610,53790
23172,103,60,59110,61110,60610,60630,60810
23173,103,60,59910,61910,61410,61430,61610
23174,103,60,61350,63360,62850,62880,63060
23175,103,66,21950,23940,23450,23470,23640
23176,103,66,58550,60620,60050,60070,60320
23177,103,67,84970,86970,86470,86490,86670
23178,103,67,103390,105390,104890,104910,105090
23179,103,67,109600,111600,111100,111120,111300
23180,103,67,112950,114960,114450,114470,114660
23181,103,67,114800,116800,116300,116320,116500
23182,103,67,124030,126020,125530,125550,125720
23183,103,67,128610,130610,130110,130130,130310
23184,103,67,144640,146640,146140,146160,146340
23185,103,67,146350,148350,147850,147870,148050
23186,103,67,157490,159450,158990,159010,159150
23187,103,68,69110,71110,70610,70630,70810
23188,103,68,73720,75720,75220,75240,75420
23189,103,68,77630,79630,79130,79150,79330
23190,103,68,83460,85560,84960,84980,85260
23191,103,68,93900,95900,95400,95420,95600
23192,103,68,98150,100150,99650,99670,99850
23193,103,68,103710,105710,105210,105230,105410
23194,103,68,107820,109870,109320,109340,109570
23195,103,68,122670,124670,124170,124190,124370
23196,103,68,129670,131520,131170,131190,131220
23197,103,69,92130,94180,93630,93650,93880
23198,103,69,92840,94670,94340,94360,94370
23199,103,69,103610,105560,105110,105130,105260
23200,103,69,105540,107660,107040,107060,107360
23201,103,69,106960,108960,108460,108480,108660
23202,103,69,106990,109270,108490,108960,108970
23203,103,69,107470,109470,108970,108990,109170
23204,103,72,50000,52000,51500,51520,51700
23205,103,72,52730,54730,54230,54250,54430
23206,103,74,157030,159010,158530,158550,158710
23207,103,77,25900,27900,27400,27420,27600
23208,103,77,40000,41850,41500,41520,41550
23209,103,77,41540,43550,43040,43060,43250
23210,103,77,43740,45780,45240,45260,45480
23211,103,77,52220,54230,53720,53740,53930
23212,103,78,99840,101870,101340,101360,101570
23213,103,78,100860,102860,102360,102380,102560
23214,103,78,103940,105940,105440,105460,105640
23215,103,78,110350,112480,111850,111870,112180
23216,103,78,112090,114170,113590,113610,113870
23217,103,78,114950,116860,116450,116470,116560
23218,103,80,38240,40250,39740,39760,39950
23219,103,80,39760,41730,41260,41280,41430
23220,103,80,46130,48130,47630,47650,47830
23221,103,80,52750,54730,54250,54270,54430
23222,103,85,105610,107620,107110,107130,107320
23223,103,85,118270,120110,119770,119800,119810
23224,103,85,122430,124440,123930,123950,124140
23225,103,86,64620,66630,66120,66140,66330
23226,103,94,44000,46140,45500,45520,45840
23227,103,94,46350,48360,47850,47870,48060
23228,103,94,48860,50990,50360,50380,50690
23229,103,94,52060,54120,53560,53580,53820
23230,103,94,53430,55430,54930,54950,55130
23231,103,96,50960,52950,52460,52480,52650
23232,103,96,78250,80180,79750,79770,79880
23233,103,97,23180,25180,24680,24700,24880
23234,103,97,24200,26210,25700,25720,25910
23235,103,97,27680,29680,29180,29200,29380
23236,103,97,28860,30950,30360,30380,30650
23237,103,99,18250,20370,19750,19770,20070
23238,103,99,19820,21650,21320,21340,21350
23239,103,99,21370,23450,22870,22890,23150
23240,103,99,50290,52290,51790,51810,51990
23241,103,99,50830,52970,52330,52350,52670
23242,103,99,52840,54840,54340,54360,54540
23243,103,99,60860,62860,62360,62380,62560
23244,103,102,50450,52470,51950,51970,52170
23245,103,102,51530,53650,53030,53050,53350
23246,103,102,54440,56450,55940,55960,56150
23247,103,102,56230,58240,57730,57750,57940
23248,103,102,70260,72240,71760,71780,71940
23249,103,104,45110,47110,46610,46630,46810
23250,103,104,53030,55160,54530,54550,54860
23251,103,104,54440,56450,55940,55960,56150
23252,103,104,61750,63750,63250,63270,63450
23253,103,104,62300,64550,63800,63820,64250
23254,103,104,66380,68380,67880,67900,68080
23255,103,104,68320,70440,69820,69840,70140
23256,103,104,78220,80230,79720,79740,79930
23257,103,104,79550,81550,81050,81070,81250
23258,103,104,125190,127120,126690,126710,126820
23259,103,104,127990,129990,129490,129510,129690
23260,103,104,129450,131420,130950,130970,131120
23261,103,106,65960,67970,67460,67480,67670
23262,103,106,72020,74030,73520,73540,73730
23263,103,106,84100,86300,85600,85620,86000
23264,103,106,86030,88030,87530,87550,87730
23265,103,106,90320,92320,91820,91840,92020
23266,103,106,99570,101570,101070,101090,101270
23267,103,112,92610,94720,94110,94130,94420
23268,103,112,95690,97950,97190,97210,97650
23269,103,112,115240,117250,116740,116760,116950
23270,103,112,116260,118310,117760,117780,118010
23271,103,113,29670,31800,31170,31190,31500
23272,103,113,55300,57310,56800,56820,57010
23273,103,113,61530,63420,63030,63050,63120
23274,103,114,95620,97620,97120,97140,97320
23275,103,118,86450,88380,87950,87970,88080
23276,103,118,89710,91700,91210,91230,91400
23277,103,118,94280,96410,95780,95800,96110
23278,103,118,96220,98220,97720,97740,97920
23279,103,118,100070,102070,101570,101590,101770
23280,103,118,107270,109330,108770,108790,109030
23281,103,118,152120,154130,153620,153650,153830
23282,103,118,185060,186890,186560,186580,186590
23283,103,118,185090,188620,186590,188310,188320
23284,103,118,186820,188770,188320,188340,188470
23285,103,118,188230,190230,189730,189750,189930
23286,103,118,195310,197310,196810,196830,197010
23287,103,118,196770,198780,198270,198290,198480
23288,103,118,291510,293510,293010,293030,293210
23289,103,118,295300,297310,296800,296820,297010
23290,103,118,311050,312890,312550,312570,312590
23291,103,118,314430,316430,315930,315950,316130
23292,103,118,322790,324640,324290,324310,324340
23293,103,118,328230,330230,329730,329750,329930
23294,103,127,40800,42760,42300,42320,42460
23295,103,128,30050,32110,31550,31570,31810
23296,103,130,23280,25400,24780,24800,25100
23297,103,130,26680,28680,28180,28200,28380
23298,103,130,29010,31020,30510,30530,30720
23299,103,130,30350,32440,31850,31870,32140
23300,103,130,31500,33500,33000,33020,33200
23301,103,130,47660,49660,49160,49180,49360
23302,103,130,61680,63690,63180,63200,63390
23303,103,136,17560,19510,19060,19080,19210
23304,103,136,32560,34560,34060,34080,34260
23305,103,136,34850,36740,36350,36370,36440
23306,103,136,46110,48110,47610,47630,47810
23307,103,136,48940,50840,50440,50460,50540
23308,103,139,44070,45910,45570,45590,45610
23309,103,139,53590,55590,55090,55110,55290
23310,103,139,55820,57680,57320,57340,57380
23311,103,139,57000,59010,58500,58520,58710
23312,103,139,60040,62080,61540,61560,61780
23313,103,139,62680,64680,64180,64200,64380
23314,103,139,67570,69530,69070,69090,69230
23315,103,139,68890,70900,70390,70410,70600
23316,103,144,27850,29850,29350,29370,29550
23317,103,147,76140,78140,77640,77660,77840
23318,103,147,87970,89970,89470,89490,89670
23319,103,147,89730,91730,91230,91250,91430
23320,103,147,90790,92790,92290,92310,92490
23321,103,147,94880,96900,96380,96400,96600
23322,103,150,20290,22300,21790,21810,22000
23323,103,150,37760,39760,39260,39280,39460
23324,103,150,40720,42720,42220,42240,42420
23325,103,151,170930,172930,172430,172450,172630
23326,103,151,184910,187030,186410,186430,186730
23327,103,157,54690,56690,56190,56210,56390
23328,103,157,67250,69080,68750,68770,68780
23329,103,158,45620,47620,47120,47140,47320
23330,103,158,47200,49150,48700,48720,48850
23331,103,158,59410,61490,60910,60930,61190
23332,103,158,60040,62280,61540,61560,61980
23333,103,160,101140,103140,102640,102660,102840
23334,103,160,106410,108410,107910,107930,108110
23335,103,160,106930,108870,108430,108450,108570
23336,103,160,141030,143060,142530,142550,142760
23337,103,160,145070,147070,146570,146590,146770
23338,103,160,162530,164510,164030,164050,164210
23339,103,160,404440,406340,405940,405960,406040
23340,103,160,415780,417780,417280,417300,417480
23341,103,160,428910,430920,430410,430430,430620
23342,103,160,432280,434280,433780,433800,433980
23343,103,160,450920,452930,452420,452440,452630
23344,103,165,62700,64700,64200,64220,64400
23345,103,165,69020,71020,70520,70540,70720
23346,103,165,69050,71320,70550,71010,71020
23347,103,165,69520,71390,71020,71040,71090
23348,103,166,29230,31170,30730,30750,30870
23349,103,166,30130,32050,31630,31650,31750
23350,103,166,34480,36540,35980,36000,36240
23351,103,166,50880,52880,52380,52400,52580
23352,103,166,52120,54120,53620,53640,53820
23353,103,166,58850,60930,60350,60370,60630
23354,103,166,60890,62720,62390,62410,62420
23355,103,166,62120,64120,63620,63640,63820
23356,103,166,67230,69130,68730,68750,68830
23357,103,166,68830,70830,70330,70350,70530
23358,103,166,71510,73350,73010,73030,73050
23359,103,166,97870,99880,99370,99390,99580
23360,103,166,160340,162350,161840,161860,162050
23361,103,166,187500,189610,189000,189020,189310
23362,103,166,189200,191250,190700,190720,190950
23363,103,166,201140,202980,202640,202660,202680
23364,103,166,206930,209000,208430,208450,208700
23365,103,166,209860,211700,211360,211380,211400
23366,103,166,213880,215960,215380,215400,215660
23367,103,166,238690,240520,240190,240210,240220
23368,103,166,243340,245340,244840,244860,245040
23369,103,166,243370,245650,244870,245340,245350
23370,103,166,243850,245730,245350,245370,245430
23371,103,170,39340,41340,40840,40860,41040
23372,103,170,55020,57130,56520,56540,56830
23373,103,170,64090,66090,65590,65610,65790
23374,103,170,72800,74800,74300,74320,74500
23375,103,174,108610,110620,110110,110130,110320
23376,103,174,125010,127000,126510,126530,126700
23377,103,174,127540,129440,129040,129060,129140
23378,103,174,129530,131560,131030,131050,131260
23379,104,1,64240,66250,65740,65760,65950
23380,104,1,70980,72990,72480,72500,72690
23381,104,13,54650,56650,56150,56170,56350
23382,104,13,97800,99800,99300,99320,99500
23383,104,13,99770,101710,101270,101290,101410
23384,104,14,34230,36340,35730,35750,36040
23385,104,16,33620,35620,35120,35140,35320
23386,104,19,215440,217520,216940,216960,217220
23387,104,19,216380,218390,217880,217900,218090
23388,104,19,253870,255700,255370,255390,255400
23389,104,20,66580,68520,68080,68100,68220
23390,104,20,173950,175870,175450,175470,175570
23391,104,37,176070,178170,177570,177590,177870
23392,104,42,32260,34270,33760,33780,33970
23393,104,42,34680,36660,36180,36200,36360
23394,104,42,50890,52890,52390,52410,52590
23395,104,42,54320,56240,55820,55840,55940
23396,104,47,29100,31100,30600,30620,30800
23397,104,47,31330,33290,32830,32850,32990
23398,104,47,37550,39550,39050,39070,39250
23399,104,48,83440,85410,84940,84960,85110
23400,104,48,91890,93900,93390,93410,93600
23401,104,48,94970,96900,96470,96490,96600
23402,104,49,76070,78060,77570,77590,77760
23403,104,50,96110,98040,97610,97630,97740
23404,104,59,32360,34360,33860,33880,34060
23405,104,59,38410,40390,39910,39930,40090
23406,104,59,49020,50950,50520,50540,50650
23407,104,59,50630,52560,52130,52150,52260
23408,104,59,54910,56840,56410,56430,56540
23409,104,59,56700,58670,58200,58220,58370
23410,104,60,32070,34050,33570,33590,33750
23411,104,60,42760,44820,44260,44280,44520
23412,104,60,48000,50000,49500,49520,49700
23413,104,60,51770,53760,53270,53290,53460
23414,104,61,34510,36460,36010,36030,36160
23415,104,61,44060,45980,45560,45580,45680
23416,104,61,85520,87520,87020,87040,87220
23417,104,61,90300,92200,91800,91820,91900
23418,104,61,91580,93590,93080,93100,93290
23419,104,61,96370,98290,97870,97890,97990
23420,104,61,98050,99970,99550,99570,99670
23421,104,67,63080,65080,64580,64600,64780
23422,104,67,66700,68730,68200,68220,68430
23423,104,67,71800,73800,73300,73320,73500
23424,104,67,74270,76120,75770,75790,75820
23425,104,69,21880,23880,23380,23400,23580
23426,104,75,46320,48320,47820,47840,48020
23427,104,75,51180,53100,52680,52700,52800
23428,104,75,59800,61800,61300,61320,61500
23429,104,75,87920,89860,89420,89440,89560
23430,104,84,27630,29630,29130,29150,29330
23431,104,84,30300,32300,31800,31820,32000
23432,104,84,40410,42410,41910,41930,42110
23433,104,84,40440,50810,41940,50500,50510
23434,104,84,49010,50960,50510,50530,50660
23435,104,87,55600,57600,57100,57120,57300
23436,104,87,60930,62800,62430,62450,62500
23437,104,101,88110,90110,89610,89630,89810
23438,104,101,88820,90820,90320,90340,90520
23439,104,102,29440,31450,30940,30960,31150
23440,104,102,34180,36160,35680,35700,35860
23441,104,114,81260,83270,82760,82780,82970
23442,104,114,88430,90400,89930,89950,90100
23443,104,114,90380,92380,91880,91900,92080
23444,104,114,91180,93170,92680,92700,92870
23445,104,114,94890,96890,96390,96410,96590
23446,104,114,100420,102420,101920,101940,102120
23447,104,114,119210,121250,120710,120730,120950
23448,104,114,119830,121840,121330,121350,121540
23449,104,114,127570,129460,129070,129090,129160
23450,104,114,135020,136850,136520,136540,136550
23451,104,114,139940,141940,141440,141460,141640
23452,104,115,24690,26700,26190,26210,26400
23453,104,115,55050,57060,56550,56570,56760
23454,104,128,129110,131120,130610,130630,130820
23455,104,128,238330,240300,239830,239850,240000
23456,104,129,115790,117800,117290,117310,117500
23457,104,129,116910,118830,118410,118430,118530
23458,104,129,121420,123370,122920,122940,123070
23459,104,129,170670,172680,172170,172190,172380
23460,104,131,27290,29230,28790,28810,28930
23461,104,131,30750,32710,32250,32270,32410
23462,104,131,57850,59810,59350,59370,59510
23463,104,131,64070,66080,65570,65590,65780
23464,104,132,96850,98760,98350,98370,98460
23465,104,133,28780,30720,30280,30300,30420
23466,104,133,33240,35240,34740,34760,34940
23467,104,133,34610,36490,36110,36130,36190
23468,104,133,52610,54540,54110,54130,54240
23469,104,134,76680,78690,78180,78200,78390
23470,104,134,141770,143770,143270,143290,143470
23471,104,134,142970,145130,144470,144490,144830
23472,104,135,29520,31400,31020,31040,31100
23473,104,135,44380,46300,45880,45900,46000
23474,104,135,49450,51460,50950,50970,51160
23475,104,135,60900,62800,62400,62420,62500
23476,104,135,72250,74250,73750,73770,73950
23477,104,135,79080,80930,80580,80600,80630
23478,104,135,89840,91840,91340,91360,91540
23479,104,135,123760,125760,125260,125280,125460
23480,104,135,130050,132050,131550,131570,131750
23481,104,135,143160,145160,144660,144680,144860
23482,104,135,177600,179610,179100,179120,179310
23483,104,135,212420,214420,213920,213940,214120
23484,104,135,240470,242460,241970,241990,242160
23485,104,135,241690,243630,243190,243210,243330
23486,104,145,27720,29720,29220,29240,29420
23487,104,145,133860,135690,135360,135380,135390
23488,104,146,13640,15640,15140,15160,15340
23489,104,146,46430,48430,47930,47950,48130
23490,104,146,57870,59970,59370,59390,59670
23491,104,146,63410,65420,64910,64930,65120
23492,104,146,68380,70380,69880,69900,70080
23493,104,146,69720,71850,71220,71240,71550
23494,104,152,94110,96240,95610,95630,95940
23495,104,161,27960,29960,29460,29480,29660
23496,104,161,28480,30370,29980,30000,30070
23497,104,161,28510,40760,30010,40450,40460
23498,104,161,38960,40910,40460,40480,40610
23499,104,161,43040,45040,44540,44560,44740
23500,104,161,129410,131440,130910,130930,131140
23501,104,161,172770,174680,174270,174290,174380
23502,104,161,178570,180430,180070,180090,180130
23503,104,161,185680,187600,187180,187200,187300
23504,104,161,192140,194150,193640,193660,193850
23505,104,162,10770,12780,12270,12290,12480
23506,104,162,12430,14570,13930,13950,14270
23507,104,169,31800,33800,33300,33320,33500
23508,104,169,108470,110470,109970,109990,110170
23509,104,169,118690,120620,120190,120210,120320
23510,104,169,145060,147060,146560,146580,146760
23511,104,169,147710,149720,149210,149230,149420
23512,104,169,154320,156330,155820,155840,156030
23513,104,169,157160,159170,158660,158680,158870
23514,104,169,162590,164600,164090,164120,164300
23515,104,169,192400,194400,193900,193930,194100
23516,104,169,197180,199180,198680,198700,198880
23517,104,169,270290,272290,271790,271810,271990
23518,104,169,278150,280150,279650,279670,279850
23519,104,169,279100,281110,280600,280620,280810
23520,104,172,136860,138860,138360,138380,138560
23521,104,172,138410,140420,139910,139930,140120
23522,104,172,141580,143580,143080,143100,143280
23523,104,172,143430,145480,144930,144950,145180
23524,104,172,171850,173970,173350,173370,173670
23525,104,172,231310,233310,232810,232830,233010
23526,104,172,232610,234550,234110,234130,234250
23527,104,172,331300,333240,332800,332820,332940
23528,104,182,28070,30050,29570,29590,29750
23529,104,182,66570,68660,68070,68090,68360
23530,104,182,69380,71380,70880,70900,71080
23531,104,185,21950,23900,23450,23470,23600
23532,104,186,86510,88520,88010,88030,88220
23533,104,186,88680,90890,90180,90200,90590
23534,104,186,96250,98250,97750,97770,97950
23535,104,186,107680,109650,109180,109200,109350
23536,104,186,118250,120260,119750,119770,119960
23537,104,186,129240,131240,130740,130760,130940
23538,104,186,147080,148970,148580,148600,148670
23539,104,186,148240,150240,149740,149760,149940
23540,104,186,158800,160800,160300,160320,160500
23541,104,186,176950,178950,178450,178470,178650
23542,104,186,179760,181770,181260,181280,181470
23543,104,186,184360,186380,185860,185880,186080
23544,104,186,212770,214770,214270,214290,214470
23545,104,186,226030,227970,227530,227550,227670
23546,104,186,229270,231270,230770,230790,230970
23547,104,186,232860,234850,234360,234380,234550
23548,104,186,239650,241660,241150,241170,241360
23549,104,186,256350,258350,257850,257870,258050
23550,104,187,30460,32460,31960,31980,32160
23551,104,187,76940,78880,78440,78460,78580
23552,104,187,81480,83550,82980,83000,83250
23553,104,187,99520,101520,101020,101040,101220
23554,104,187,107090,108930,108590,108610,108630
23555,104,187,135710,137670,137210,137230,137370
23556,104,187,146800,148800,148300,148320,148500
23557,104,187,150940,152950,152440,152460,152650
23558,104,187,152490,154490,153990,154010,154190
23559,104,187,162810,164810,164310,164330,164510
23560,104,187,165880,167870,167380,167400,167570
23561,104,187,173740,175650,175240,175260,175350
23562,104,187,175300,177280,176800,176820,176980
23563,104,187,183730,185740,185230,185250,185440
23564,104,187,206850,208780,208350,208370,208480
23565,104,187,210340,212440,211840,211860,212140
23566,104,187,222020,223890,223520,223540,223590
23567,104,187,224530,226520,226030,226050,226220
23568,104,187,225580,227590,227080,227100,227290
23569,104,190,90700,92700,92200,92220,92400
23570,104,207,30530,32530,32030,32050,32230
23571,104,207,35130,37090,36630,36650,36790
23572,104,207,39420,41420,40920,40940,41120
23573,104,207,51160,53090,52660,52680,52790
23574,105,1,177480,179320,178980,179000,179020
23575,105,21,145970,147820,147470,147490,147520
23576,105,21,190310,192280,191810,191830,191980
23577,105,23,181650,183660,183150,183170,183360
23578,105,23,187350,189430,188850,188870,189130
23579,105,64,93700,95700,95200,95220,95400
23580,105,64,102240,104240,103740,103760,103940
23581,105,64,162570,164570,164070,164090,164270
23582,105,64,166130,168120,167630,167650,167820
23583,105,64,170330,172310,171830,171850,172010
23584,105,65,118370,120370,119870,119890,120070
23585,105,65,151870,153870,153370,153390,153570
23586,105,65,174250,176250,175750,175770,175950
23587,105,66,64790,66840,66290,66310,66540
23588,105,66,76630,78460,78130,78150,78160
23589,105,66,77880,79780,79380,79400,79480
23590,105,66,92140,94020,93640,93660,93720
23591,105,90,63330,65260,64830,64850,64960
23592,105,107,15420,17250,16920,16940,16950
23593,105,108,126780,128780,128280,128300,128480
23594,105,127,72650,74660,74150,74170,74360
23595,105,127,92280,94280,93780,93800,93980
23596,105,128,142210,144210,143710,143730,143910
23597,105,133,28070,29950,29570,29590,29650
23598,105,133,35740,37770,37240,37260,37470
23599,105,133,63600,65580,65100,65120,65280
23600,105,133,64870,66880,66370,66390,66580
23601,105,133,84460,86580,85960,85980,86280
23602,105,148,47230,49240,48730,48750,48940
23603,105,151,17140,19150,18640,18660,18850
23604,105,159,40220,42220,41720,41740,41920
23605,105,185,36000,38010,37500,37520,37710
23606,105,185,70130,72270,71630,71650,71970
23607,105,185,90010,92010,91510,91530,91710
23608,105,194,29670,31790,31170,31190,31490
23609,105,194,41670,43570,43170,43190,43270
23610,105,194,50860,52950,52360,52380,52650
23611,105,194,51750,53590,53250,53270,53290
23612,105,194,57270,59180,58770,58790,58880
23613,105,194,58980,60980,60480,60500,60680
23614,105,209,57770,59740,59270,59290,59440
23615,105,209,61190,63040,62690,62710,62740
23616,105,209,64960,66870,66460,66480,66570
23617,105,209,99810,101720,101310,101330,101420
23618,105,209,101510,103510,103010,103030,103210
23619,105,209,112320,114360,113820,113840,114060
23620,105,209,171490,173480,172990,173010,173180
23621,105,209,214000,216000,215500,215520,215700
23622,105,209,215800,217800,217300,217320,217500
23623,106,11,190130,191970,191630,191650,191670
23624,106,11,196220,198230,197720,197740,197930
23625,106,11,293650,295480,295150,295170,295180
23626,106,11,348840,350840,350340,350360,350540
23627,106,13,88740,90860,90240,90260,90560
23628,106,13,94950,96840,96450,96470,96540
23629,106,13,139630,141480,141130,141150,141180
23630,106,13,147030,149040,148530,148550,148740
23631,106,13,147530,149430,149030,149060,149130
23632,106,16,67530,69530,69030,69050,69230
23633,106,16,72470,74470,73970,73990,74170
23634,106,16,75350,77200,76850,76870,76900
23635,106,16,76670,78530,78170,78190,78230
23636,106,16,78670,80980,80170,80190,80680
23637,106,16,79170,81010,80670,80690,80710
23638,106,16,91600,93570,93100,93120,93270
23639,106,16,103130,105140,104630,104650,104840
23640,106,20,19260,21260,20760,20780,20960
23641,106,20,21600,23600,23100,23120,23300
23642,106,20,44360,46370,45860,45880,46070
23643,106,20,45360,47370,46860,46880,47070
23644,106,27,74260,76280,75760,75780,75980
23645,106,27,108380,110380,109880,109900,110080
23646,106,27,128990,130990,130490,130510,130690
23647,106,27,131790,133750,133290,133310,133450
23648,106,27,147580,149640,149080,149100,149340
23649,106,27,152470,154300,153970,153990,154000
23650,106,27,160550,162550,162050,162070,162250
23651,106,27,164910,166740,166410,166430,166440
23652,106,35,118020,119870,119520,119540,119570
23653,106,35,121310,123310,122810,122830,123010
23654,106,35,125880,127860,127380,127400,127560
23655,106,35,145530,147560,147030,147050,147260
23656,106,35,148940,150940,150440,150460,150640
23657,106,35,150030,152040,151530,151550,151740
23658,106,35,154900,156910,156400,156420,156610
23659,106,35,179610,181610,181110,181130,181310
23660,106,35,181530,183530,183030,183050,183230
23661,106,35,185390,187390,186890,186910,187090
23662,106,35,196110,198110,197610,197630,197810
23663,106,35,202170,204170,203670,203690,203870
23664,106,35,204700,206700,206200,206220,206400
23665,106,35,212790,214790,214290,214310,214490
23666,106,35,214760,216740,216260,216280,216440
23667,106,35,222870,224700,224370,224390,224400
23668,106,35,225050,227050,226550,226570,226750
23669,106,35,245040,247040,246540,246560,246740
23670,106,35,247380,249390,248880,248900,249090
23671,106,35,251390,253400,252890,252910,253100
23672,106,35,257950,259960,259450,259480,259660
23673,106,35,259180,261180,260680,260700,260880
23674,106,35,262960,264960,264460,264480,264660
23675,106,35,269360,271470,270860,270880,271170
23676,106,35,271080,273010,272580,272600,272710
23677,106,35,279340,281170,280840,280860,280870
23678,106,35,281090,282950,282590,282610,282650
23679,106,35,289280,291280,290780,290800,290980
23680,106,35,291080,293180,292580,292600,292880
23681,106,35,294810,296810,296310,296330,296510
23682,106,35,298050,300050,299550,299570,299750
23683,106,35,307040,309050,308540,308560,308750
23684,106,35,308230,310240,309730,309750,309940
23685,106,35,317810,319830,319310,319330,319530
23686,106,35,323740,325740,325240,325260,325440
23687,106,35,330570,332420,332070,332090,332120
23688,106,35,333980,335980,335480,335500,335680
23689,106,35,370750,372580,372250,372270,372280
23690,106,35,393080,394910,394580,394600,394610
23691,106,35,396650,398500,398150,398170,398200
23692,106,35,405950,407780,407450,407470,407480
23693,106,35,412810,414820,414310,414330,414520
23694,106,35,414650,416660,416150,416180,416360
23695,106,35,430790,432740,432290,432310,432440
23696,106,35,432580,434440,434080,434100,434140
23697,106,35,440700,442700,442200,442220,442400
23698,106,41,196590,198530,198090,198110,198230
23699,106,41,197120,199060,198620,198640,198760
23700,106,41,204440,206270,205940,205960,205970
23701,106,41,206180,208110,207680,207700,207810
23702,106,41,225990,227930,227490,227510,227630
23703,106,41,245440,247440,246940,246960,247140
23704,106,41,250610,252610,252110,252130,252310
23705,106,42,32560,34690,34060,34080,34390
23706,106,42,34860,36840,36360,36380,36540
23707,106,42,70390,72360,71890,71910,72060
23708,106,42,73480,75480,74980,75000,75180
23709,106,42,77560,79560,79060,79080,79260
23710,106,42,85830,87850,87330,87360,87550
23711,106,42,88490,90490,89990,90010,90190
23712,106,42,89480,91490,90980,91010,91190
23713,106,42,90720,92720,92220,92240,92420
23714,106,42,95290,97120,96790,96810,96820
23715,106,42,98220,100220,99720,99740,99920
23716,106,42,101020,103030,102520,102540,102730
23717,106,42,102990,104990,104490,104510,104690
23718,106,42,103770,105770,105270,105290,105470
23719,106,42,105810,107810,107310,107330,107510
23720,106,42,126440,128450,127940,127960,128150
23721,106,42,133360,135360,134860,134880,135060
23722,106,42,134840,136840,136340,136360,136540
23723,106,42,145150,147150,146650,146670,146850
23724,106,42,146880,148890,148380,148400,148590
23725,106,42,147960,149970,149460,149490,149670
23726,106,42,152870,154870,154370,154390,154570
23727,106,42,157390,159390,158890,158910,159090
23728,106,42,158090,160100,159590,159610,159800
23729,106,42,159570,161570,161070,161090,161270
23730,106,42,161020,163030,162520,162540,162730
23731,106,42,164470,166420,165970,165990,166120
23732,106,42,165760,167880,167260,167280,167580
23733,106,42,174850,176860,176350,176380,176560
23734,106,42,182020,184020,183520,183540,183720
23735,106,42,183530,185540,185030,185050,185240
23736,106,42,192920,194920,194420,194440,194620
23737,106,42,197890,199890,199390,199410,199590
23738,106,42,201320,203320,202820,202840,203020
23739,106,42,207010,209010,208510,208530,208710
23740,106,42,209940,211950,211440,211460,211650
23741,106,42,214160,216160,215660,215680,215860
23742,106,42,224000,226000,225500,225520,225700
23743,106,42,225580,227630,227080,227100,227330
23744,106,42,227770,229750,229270,229290,229450
23745,106,42,237850,239850,239350,239370,239550
23746,106,42,239650,241660,241150,241170,241360
23747,106,42,243930,245940,245430,245450,245640
23748,106,42,245940,247940,247440,247460,247640
23749,106,42,261200,263200,262700,262720,262900
23750,106,42,262750,264750,264250,264270,264450
23751,106,42,266000,267940,267500,267520,267640
23752,106,42,296610,298610,298110,298130,298310
23753,106,42,300140,302150,301640,301660,301850
23754,106,42,301820,303930,303320,303340,303630
23755,106,42,306730,308730,308230,308250,308430
23756,106,42,319230,321230,320730,320750,320930
23757,106,42,324700,326640,326200,326220,326340
23758,106,42,330760,332760,332260,332280,332460
23759,106,42,347230,349230,348730,348750,348930
23760,106,42,357670,359680,359170,359190,359380
23761,106,42,358930,360930,360430,360450,360630
23762,106,44,31470,33480,32970,32990,33180
23763,106,44,42750,44760,44250,44270,44460
23764,106,44,52710,54710,54210,54230,54410
23765,106,44,64290,66290,65790,65810,65990
23766,106,45,127900,129900,129400,129420,129600
23767,106,45,136230,138230,137730,137750,137930
23768,106,45,146020,148020,147520,147540,147720
23769,106,45,150260,152260,151760,151780,151960
23770,106,45,153930,155820,155430,155450,155520
23771,106,45,156030,158030,157530,157550,157730
23772,106,45,162050,163930,163550,163570,163630
23773,106,45,162900,164940,164400,164420,164640
23774,106,45,167530,169530,169030,169050,169230
23775,106,45,171660,173670,173160,173180,173370
23776,106,45,173500,175470,175000,175020,175170
23777,106,45,174240,176170,175740,175760,175870
23778,106,45,190490,192510,191990,192010,192210
23779,106,45,192850,194780,194350,194370,194480
23780,106,45,196580,198580,198080,198100,198280
23781,106,45,198420,200340,199920,199940,200040
23782,106,45,204190,206020,205690,205710,205720
23783,106,45,206440,208280,207940,207960,207980
23784,106,45,212500,214510,214000,214020,214210
23785,106,45,213610,215720,215110,215130,215420
23786,106,45,216970,218970,218470,218490,218670
23787,106,45,219520,221520,221020,221040,221220
23788,106,45,236970,238980,238470,238490,238680
23789,106,45,238270,240280,239770,239790,239980
23790,106,45,241610,243610,243110,243130,243310
23791,106,45,266440,268400,267940,267960,268100
23792,106,45,277700,279700,279200,279220,279400
23793,106,45,283990,285990,285490,285510,285690
23794,106,45,285990,287960,287490,287510,287660
23795,106,45,288250,290250,289750,289770,289950
23796,106,45,297950,299950,299450,299470,299650
23797,106,45,301800,303800,303300,303320,303500
23798,106,45,303760,305760,305260,305280,305460
23799,106,45,316600,318450,318100,318120,318150
23800,106,45,324970,326970,326470,326490,326670
23801,106,45,327070,328910,328570,328590,328610
23802,106,45,345780,347790,347280,347300,347490
23803,106,45,349700,351700,351200,351220,351400
23804,106,45,365100,367160,366600,366620,366860
23805,106,45,372550,374560,374050,374070,374260
23806,106,45,387620,389620,389120,389140,389320
23807,106,45,446580,448580,448080,448100,448280
23808,106,45,481170,483180,482670,482690,482880
23809,106,45,498350,500530,499850,499870,500230
23810,106,45,504300,506150,505800,505820,505850
23811,106,45,507910,509920,509410,509430,509620
23812,106,47,40420,42420,41920,41940,42120
23813,106,47,42010,43930,43510,43530,43630
23814,106,47,44290,46290,45790,45810,45990
23815,106,47,45520,47520,47020,47040,47220
23816,106,47,50940,52940,52440,52460,52640
23817,106,47,54330,56280,55830,55850,55980
23818,106,47,59000,61140,60500,60520,60840
23819,106,47,68610,70720,70110,70130,70420
23820,106,47,98010,100120,99510,99530,99820
23821,106,47,150850,152920,152350,152380,152620
23822,106,47,153530,155530,155030,155050,155230
23823,106,47,170350,172290,171850,171870,171990
23824,106,47,174390,176660,175890,175910,176360
23825,106,47,193660,195600,195160,195180,195300
23826,106,47,201820,203930,203320,203340,203630
23827,106,47,204620,206960,206120,206140,206660
23828,106,47,207560,209640,209060,209080,209340
23829,106,47,208870,210870,210370,210390,210570
23830,106,47,213160,215000,214660,214690,214700
23831,106,47,216690,218650,218190,218210,218350
23832,106,47,219780,221920,221280,221300,221620
23833,106,47,245880,248010,247380,247400,247710
23834,106,47,249290,251300,250790,250810,251000
23835,106,47,264710,266650,266210,266230,266350
23836,106,47,298010,299960,299510,299530,299660
23837,106,47,301360,303330,302860,302880,303030
23838,106,47,302900,304900,304400,304420,304600
23839,106,47,304140,306250,305640,305660,305950
23840,106,47,311000,313170,312500,312520,312870
23841,106,47,315960,318100,317460,317480,317800
23842,106,47,342210,344220,343710,343730,343920
23843,106,47,352000,353980,353500,353520,353680
23844,106,47,359530,361530,361030,361050,361230
23845,106,47,410410,412240,411910,411930,411940
23846,106,47,413000,414870,414500,414520,414570
23847,106,47,437680,439560,439180,439200,439260
23848,106,47,446250,448250,447750,447770,447950
23849,106,47,460540,462570,462040,462060,462270
23850,106,47,464200,466370,465700,465720,466070
23851,106,47,521620,523580,523120,523140,523280
23852,106,47,528600,530610,530100,530120,530310
23853,106,47,543080,545080,544580,544600,544780
23854,106,47,548020,550020,549520,549540,549720
23855,106,47,550280,552290,551780,551810,551990
23856,106,50,70670,72670,72170,72190,72370
23857,106,50,73220,75050,74720,74740,74750
23858,106,50,75140,77150,76640,76660,76850
23859,106,50,80880,82850,82380,82400,82550
23860,106,50,82270,84380,83770,83790,84080
23861,106,50,91780,93880,93280,93300,93580
23862,106,51,49250,51220,50750,50770,50920
23863,106,51,49900,51900,51400,51420,51600
23864,106,51,60990,62940,62490,62510,62640
23865,106,56,65230,67170,66730,66750,66870
23866,106,57,67310,69380,68810,68830,69080
23867,106,57,74430,76430,75930,75950,76130
23868,106,57,82850,84850,84350,84370,84550
23869,106,57,85020,86870,86520,86540,86570
23870,106,57,95590,97600,97090,97110,97300
23871,106,57,97260,99260,98760,98780,98960
23872,106,57,101670,103630,103170,103190,103330
23873,106,57,107160,109000,108660,108680,108700
23874,106,57,108060,110070,109560,109580,109770
23875,106,57,117930,119930,119430,119450,119630
23876,106,57,123280,125400,124780,124800,125100
23877,106,58,58140,60260,59640,59660,59960
23878,106,58,82120,84100,83620,83640,83800
23879,106,58,149170,151170,150670,150690,150870
23880,106,58,160630,162640,162130,162150,162340
23881,106,58,160660,171590,162160,171280,171290
23882,106,58,169790,171800,171290,171310,171500
23883,106,58,178910,180920,180410,180430,180620
23884,106,58,182930,184760,184430,184450,184460
23885,106,58,250030,252050,251530,251550,251750
23886,106,58,254630,256630,256130,256150,256330
23887,106,58,280380,282490,281880,281900,282190
23888,106,58,286560,288570,288060,288080,288270
23889,106,58,300450,302450,301950,301970,302150
23890,106,58,301150,302990,302650,302670,302690
23891,106,58,303390,305250,304890,304910,304950
23892,106,58,310500,312330,312000,312020,312030
23893,106,58,321340,323340,322840,322860,323040
23894,106,58,325210,327210,326710,326730,326910
23895,106,58,361960,364070,363460,363480,363770
23896,106,58,366570,368570,368070,368090,368270
23897,106,58,368350,370290,369850,369870,369990
23898,106,58,375530,377540,377030,377060,377240
23899,106,58,384600,386480,386100,386120,386180
23900,106,58,387630,389640,389130,389150,389340
23901,106,58,414120,416230,415620,415640,415930
23902,106,58,417390,419390,418890,418910,419090
23903,106,58,440250,442200,441750,441770,441900
23904,106,58,453280,455140,454780,454800,454840
23905,106,58,455660,457500,457160,457180,457200
23906,106,58,479500,481500,481000,481020,481200
23907,106,58,487270,489270,488770,488790,488970
23908,106,58,489290,491290,490790,490810,490990
23909,106,58,497200,499200,498700,498720,498900
23910,106,58,504510,506500,506010,506030,506200
23911,106,58,587870,589870,589370,589390,589570
23912,106,58,595800,597750,597300,597320,597450
23913,106,58,628840,630840,630340,630360,630540
23914,106,58,631250,633250,632750,632770,632950
23915,106,58,634340,636190,635840,635860,635890
23916,106,58,635160,637170,636660,636680,636870
23917,106,58,640750,642750,642250,642270,642450
23918,106,58,642090,644090,643590,643610,643790
23919,106,58,672940,674940,674440,674460,674640
23920,106,58,679990,682010,681490,681520,681710
23921,106,58,683750,685750,685250,685270,685450
23922,106,58,689270,691120,690770,690790,690820
23923,106,58,699220,701110,700720,700740,700810
23924,106,58,709110,711130,710610,710630,710830
23925,106,58,718010,720010,719510,719530,719710
23926,106,58,720710,722720,722210,722230,722420
23927,106,58,722550,724460,724050,724070,724160
23928,106,58,723720,725720,725220,725240,725420
23929,106,58,739250,741100,740750,740770,740800
23930,106,58,748120,750130,749620,749640,749830
23931,106,58,752640,754540,754140,754160,754240
23932,106,58,756090,757940,757590,757610,757640
23933,106,58,819450,821450,820950,820970,821150
23934,106,58,828110,830120,829610,829630,829820
23935,106,58,831330,833330,832830,832850,833030
23936,106,58,842870,844880,844370,844400,844580
23937,106,58,842910,850880,844410,850570,850580
23938,106,58,849080,851090,850580,850600,850790
23939,106,65,85120,87120,86620,86640,86820
23940,106,65,94870,96880,96370,96400,96580
23941,106,65,97660,99660,99160,99180,99360
23942,106,70,95150,97150,96650,96670,96850
23943,106,70,104930,106990,106430,106460,106690
23944,106,70,117060,119160,118560,118580,118860
23945,106,70,155430,157430,156930,156950,157130
23946,106,99,143590,145610,145090,145110,145310
23947,106,99,146950,148950,148450,148470,148650
23948,106,99,154610,156610,156110,156130,156310
23949,106,99,156410,158410,157910,157930,158110
23950,106,99,157830,159830,159330,159350,159530
23951,106,99,159290,161290,160790,160810,160990
23952,106,99,171200,173200,172700,172720,172900
23953,106,99,172050,174050,173550,173570,173750
23954,106,99,172970,174970,174470,174490,174670
23955,106,99,174910,176870,176410,176430,176570
23956,106,99,178410,180410,179910,179930,180110
23957,106,99,182990,185010,184490,184510,184710
23958,106,99,183770,185780,185270,185300,185480
23959,106,99,202280,204290,203780,203800,203990
23960,106,99,212650,214740,214150,214170,214440
23961,106,99,215700,217680,217200,217220,217380
23962,106,99,227570,229510,229070,229090,229210
23963,106,99,286160,288160,287660,287680,287860
23964,106,99,293110,295110,294610,294630,294810
23965,106,99,295270,297270,296770,296790,296970
23966,106,99,299040,301040,300540,300560,300740
23967,106,99,321770,323730,323270,323290,323430
23968,106,99,327000,329000,328500,328520,328700
23969,106,99,331880,334490,333380,333400,334190
23970,106,99,339070,340930,340570,340590,340630
23971,106,99,343090,345090,344590,344610,344790
23972,106,99,347550,349550,349050,349070,349250
23973,106,99,352370,354370,353870,353890,354070
23974,106,99,355330,357340,356830,356850,357040
23975,106,99,356650,358650,358150,358170,358350
23976,106,99,358250,360250,359750,359770,359950
23977,106,99,360080,362080,361580,361600,361780
23978,106,99,372100,374190,373600,373620,373890
23979,106,99,408030,409990,409530,409550,409690
23980,106,100,15740,17640,17240,17260,17340
23981,106,100,18970,20950,20470,20490,20650
23982,106,100,30080,32190,31580,31600,31890
23983,106,100,32880,34890,34380,34400,34590
23984,106,100,43110,45040,44610,44630,44740
23985,106,100,55000,57000,56500,56520,56700
23986,106,100,77470,79500,78970,78990,79200
23987,106,100,77500,79770,79000,79460,79470
23988,106,100,77970,79980,79470,79490,79680
23989,106,100,78000,87920,79500,87610,87620
23990,106,100,86120,87950,87620,87640,87650
23991,106,100,87570,89430,89070,89090,89130
23992,106,100,130610,132630,132110,132130,132330
23993,106,100,135400,137260,136900,136920,136960
23994,106,100,137280,139250,138780,138800,138950
23995,106,100,158540,160660,160040,160060,160360
23996,106,100,172990,175020,174490,174510,174720
23997,106,100,175810,177920,177310,177330,177620
23998,106,107,231900,233730,233400,233420,233430
23999,106,107,247890,249890,249390,249410,249590
24000,106,107,252910,254890,254410,254430,254590
24001,106,109,222040,223990,223540,223560,223690
24002,106,109,225820,227940,227320,227340,227640
24003,106,109,237930,239950,239430,239450,239650
24004,106,109,240910,242760,242410,242430,242460
24005,106,109,244390,246360,245890,245910,246060
24006,106,111,41010,43130,42510,42530,42830
24007,106,111,42980,44980,44480,44500,44680
24008,106,123,167540,169530,169040,169060,169230
24009,106,123,174190,176190,175690,175710,175890
24010,106,123,188720,190660,190220,190240,190360
24011,106,123,199670,201670,201170,201190,201370
24012,106,123,209390,211400,210890,210910,211100
24013,106,123,223360,225370,224860,224880,225070
24014,106,123,239320,241320,240820,240840,241020
24015,106,123,258100,260070,259600,259620,259770
24016,106,123,269010,271010,270510,270530,270710
24017,106,123,276430,278490,277930,277950,278190
24018,106,123,286160,288170,287660,287680,287870
24019,106,123,292880,295080,294380,294400,294780
24020,106,123,292910,310570,294410,310260,310270
24021,106,123,308770,310780,310270,310300,310480
24022,106,124,60960,62970,62460,62480,62670
24023,106,124,67460,69310,68960,68980,69010
24024,106,124,70800,72810,72300,72320,72510
24025,106,124,149170,151150,150670,150690,150850
24026,106,124,160580,162580,162080,162100,162280
24027,106,124,164390,166510,165890,165910,166210
24028,106,124,167400,169400,168900,168920,169100
24029,106,124,189530,191530,191030,191050,191230
24030,106,124,208290,210300,209790,209820,210000
24031,106,124,224960,226970,226460,226480,226670
24032,106,124,228430,230430,229930,229950,230130
24033,106,124,240060,242060,241560,241580,241760
24034,106,124,242680,244730,244180,244200,244430
24035,106,124,247020,249020,248520,248540,248720
24036,106,124,249330,251340,250830,250850,251040
24037,106,124,250520,252480,252020,252040,252180
24038,106,124,251620,253620,253120,253140,253320
24039,106,125,53000,55000,54500,54520,54700
24040,106,125,55770,57770,57270,57290,57470
24041,106,125,57380,59380,58880,58900,59080
24042,106,125,70420,72420,71920,71940,72120
24043,106,125,74120,76220,75620,75640,75920
24044,106,125,76190,78200,77690,77710,77900
24045,106,125,86380,88380,87880,87900,88080
24046,106,125,94460,96430,95960,95980,96130
24047,106,125,95100,97030,96600,96620,96730
24048,106,125,97280,99290,98780,98800,98990
24049,106,125,99000,101010,100500,100520,100710
24050,106,125,100480,102310,101980,102000,102010
24051,106,125,102040,103870,103540,103560,103570
24052,106,125,113750,115750,115250,115270,115450
24053,106,125,114900,116900,116400,116420,116600
24054,106,125,115590,117590,117090,117110,117290
24055,106,125,117160,119160,118660,118680,118860
24056,106,125,129870,131880,131370,131390,131580
24057,106,125,162520,164520,164020,164040,164220
24058,106,125,164940,167270,166440,166460,166970
24059,106,125,167500,169340,169000,169020,169040
24060,106,125,168620,170460,170120,170140,170160
24061,106,125,176370,178230,177870,177900,177930
24062,106,125,178570,180640,180070,180090,180340
24063,106,125,179850,181850,181350,181370,181550
24064,106,125,181690,183550,183190,183210,183250
24065,106,125,223280,225280,224780,224800,224980
24066,106,136,138740,140740,140240,140260,140440
24067,106,136,148450,150450,149950,149970,150150
24068,106,136,172150,174160,173650,173670,173860
24069,106,136,174300,176360,175800,175830,176060
24070,106,136,176050,178050,177550,177570,177750
24071,106,136,178620,180620,180120,180140,180320
24072,106,136,179870,181700,181370,181390,181400
24073,106,136,220250,222260,221750,221770,221960
24074,106,136,229990,231850,231490,231510,231550
24075,106,136,232470,234320,233970,233990,234020
24076,106,136,256800,258800,258300,258320,258500
24077,106,136,261900,263810,263400,263420,263510
24078,106,136,297400,299460,298900,298930,299160
24079,106,136,300720,302710,302220,302240,302410
24080,106,136,302860,304860,304360,304380,304560
24081,106,136,304690,306700,306190,306210,306400
24082,106,136,307550,309550,309050,309070,309250
24083,106,136,312600,314610,314100,314120,314310
24084,106,136,316470,318470,317970,317990,318170
24085,106,136,318300,320300,319800,319820,320000
24086,106,136,319590,321590,321090,321110,321290
24087,106,136,322460,324460,323960,323980,324160
24088,106,136,323950,325950,325450,325470,325650
24089,106,136,324970,326970,326470,326490,326670
24090,106,136,327080,329080,328580,328600,328780
24091,106,136,339820,341830,341320,341340,341530
24092,106,136,346120,348120,347620,347640,347820
24093,106,136,351860,353860,353360,353380,353560
24094,106,136,357590,359440,359090,359110,359140
24095,106,136,361140,363110,362640,362660,362810
24096,106,136,422140,424140,423640,423660,423840
24097,106,136,424980,426980,426480,426500,426680
24098,106,136,489330,491330,490830,490850,491030
24099,106,136,507140,509230,508640,508660,508930
24100,106,137,27390,29500,28890,28910,29200
24101,106,137,30120,32120,31620,31640,31820
24102,106,137,50170,52140,51670,51690,51840
24103,106,137,53280,55290,54780,54800,54990
24104,106,137,75610,77620,77110,77130,77320
24105,106,137,81660,83670,83160,83180,83370
24106,106,137,87640,89600,89140,89160,89300
24107,106,137,91120,92980,92620,92640,92680
24108,106,137,138530,140530,140030,140050,140230
24109,106,137,143240,145240,144740,144760,144940
24110,106,137,151740,153690,153240,153260,153390
24111,106,137,168290,170400,169790,169810,170100
24112,106,137,182510,184460,184010,184030,184160
24113,106,137,186080,188030,187580,187600,187730
24114,106,137,199690,201670,201190,201210,201370
24115,106,137,202220,204340,203720,203740,204040
24116,106,137,204460,206420,205960,205980,206120
24117,106,137,208590,210590,210090,210110,210290
24118,106,137,314560,316400,316060,316080,316100
24119,106,137,336990,338880,338490,338510,338580
24120,106,137,337020,353140,338520,352830,352840
24121,106,137,351340,353340,352840,352860,353040
24122,106,137,351370,360390,352870,360080,360090
24123,106,137,358590,360590,360090,360110,360290
24124,106,137,393860,395870,395360,395380,395570
24125,106,137,395080,396910,396580,396600,396610
24126,106,137,399890,401890,401390,401410,401590
24127,106,137,399920,402960,401420,402650,402660
24128,106,137,401160,403160,402660,402680,402860
24129,106,137,445780,447780,447280,447300,447480
24130,106,137,448720,450560,450220,450240,450260
24131,106,139,90720,92720,92220,92240,92420
24132,106,139,134270,136110,135770,135790,135810
24133,106,139,136020,137870,137520,137540,137570
24134,106,139,158340,160350,159840,159860,160050
24135,106,139,168460,170300,169960,169980,170000
24136,106,139,169640,171650,171140,171160,171350
24137,106,139,171470,173780,172970,172990,173480
24138,106,139,173750,175750,175250,175270,175450
24139,106,143,58940,60910,60440,60460,60610
24140,106,143,82150,84300,83650,83670,84000
24141,106,143,84080,86030,85580,85600,85730
24142,106,143,93590,95590,95090,95110,95290
24143,106,143,95560,97540,97060,97080,97240
24144,106,143,102370,104370,103870,103890,104070
24145,106,143,126810,128770,128310,128330,128470
24146,106,143,162640,164720,164140,164160,164420
24147,106,143,164160,166110,165660,165680,165810
24148,106,143,253820,255660,255320,255340,255360
24149,106,143,259980,261810,261480,261500,261510
24150,106,143,304440,306270,305940,305960,305970
24151,106,143,313420,315250,314920,314940,314950
24152,106,143,318110,320120,319610,319630,319820
24153,106,143,328880,330880,330380,330400,330580
24154,106,143,334590,336660,336090,336110,336360
24155,106,143,341470,343350,342970,342990,343050
24156,106,143,373290,375210,374790,374810,374910
24157,106,143,384360,386350,385860,385880,386050
24158,106,143,393520,395520,395020,395040,395220
24159,106,143,398530,400500,400030,400060,400200
24160,106,143,406500,408440,408000,408020,408140
24161,106,143,410650,412660,412150,412170,412360
24162,106,143,418510,420500,420010,420030,420200
24163,106,143,425630,427670,427130,427150,427370
24164,106,143,429510,431510,431010,431030,431210
24165,106,143,439440,441440,440940,440960,441140
24166,106,143,446310,448430,447810,447830,448130
24167,106,143,465620,467750,467120,467140,467450
24168,106,143,467530,469540,469030,469050,469240
24169,106,143,470400,472340,471900,471920,472040
24170,106,143,475110,476940,476610,476630,476640
24171,106,143,477140,478970,478640,478660,478670
24172,106,143,499580,501470,501080,501100,501170
24173,106,143,512080,514040,513580,513600,513740
24174,106,143,530440,532450,531940,531960,532150
24175,106,143,548720,550730,550220,550240,550430
24176,106,143,552540,554530,554040,554060,554230
24177,106,143,603900,605890,605400,605420,605590
24178,106,143,606320,608150,607820,607840,607850
24179,106,143,627300,629250,628800,628820,628950
24180,106,143,630840,632700,632340,632360,632400
24181,106,143,638880,641000,640380,640400,640700
24182,106,143,646650,648760,648150,648170,648460
24183,106,143,666060,667980,667560,667580,667680
24184,106,143,669370,671370,670870,670890,671070
24185,106,144,27070,29180,28570,28590,28880
24186,106,144,48990,51110,50490,50510,50810
24187,106,144,50790,52800,52290,52310,52500
24188,106,144,60230,62080,61730,61750,61780
24189,106,144,66440,68280,67940,67970,67980
24190,106,144,67380,69380,68880,68900,69080
24191,106,144,69270,71280,70770,70790,70980
24192,106,144,73680,75680,75180,75200,75380
24193,106,144,82370,84370,83870,83890,84070
24194,106,144,83840,85810,85340,85360,85510
24195,106,144,125700,127720,127200,127220,127420
24196,106,144,129360,131370,130860,130880,131070
24197,106,144,131530,133530,133030,133050,133230
24198,106,144,134140,136150,135640,135670,135850
24199,106,144,157870,159880,159370,159390,159580
24200,106,144,158390,160390,159890,159910,160090
24201,106,144,160150,162150,161650,161670,161850
24202,106,144,169630,171630,171130,171150,171330
24203,106,144,179730,181730,181230,181250,181430
24204,106,144,194340,196340,195840,195860,196040
24205,106,144,198770,200630,200270,200300,200330
24206,106,144,202420,204340,203920,203940,204040
24207,106,144,217580,219540,219080,219100,219240
24208,106,144,228220,230220,229720,229740,229920
24209,106,144,230220,232230,231720,231740,231930
24210,106,144,232790,234790,234290,234310,234490
24211,106,144,254320,256330,255820,255840,256030
24212,106,144,257330,259200,258830,258850,258900
24213,106,144,267970,269860,269470,269490,269560
24214,106,144,270980,272860,272480,272500,272560
24215,106,150,162950,164780,164450,164470,164480
24216,106,150,165650,167620,167150,167170,167320
24217,106,150,167510,169380,169010,169030,169080
24218,106,150,171740,173740,173240,173260,173440
24219,106,150,178970,181080,180470,180490,180780
24220,106,150,181470,183320,182970,182990,183020
24221,106,150,183830,185840,185330,185350,185540
24222,106,150,204170,206250,205670,205690,205950
24223,106,150,205570,207590,207070,207090,207290
24224,106,151,57840,59840,59340,59360,59540
24225,106,151,71550,73560,73050,73070,73260
24226,106,151,73700,75560,75200,75220,75260
24227,106,151,91470,93480,92970,92990,93180
24228,106,151,101400,103400,102900,102920,103100
24229,106,159,160830,162840,162330,162350,162540
24230,106,159,189940,191940,191440,191460,191640
24231,106,159,190970,192970,192470,192490,192670
24232,106,159,213750,215760,215250,215270,215460
24233,106,159,218540,220480,220040,220060,220180
24234,106,159,220390,222360,221890,221910,222060
24235,106,159,253230,255230,254730,254750,254930
24236,106,159,260780,262620,262280,262300,262320
24237,106,159,267970,269800,269470,269490,269500
24238,106,159,275230,277240,276730,276750,276940
24239,106,159,275940,277940,277440,277460,277640
24240,106,159,280620,282620,282120,282140,282320
24241,106,159,287580,289420,289080,289100,289120
24242,106,159,289140,291070,290640,290660,290770
24243,106,159,427830,429830,429330,429350,429530
24244,106,159,474740,476770,476240,476260,476470
24245,106,159,482220,484230,483720,483740,483930
24246,106,159,487840,489840,489340,489360,489540
24247,106,159,488910,490910,490410,490430,490610
24248,106,159,504990,507110,506490,506510,506810
24249,106,159,537220,539220,538720,538740,538920
24250,106,159,540540,542550,542040,542060,542250
24251,106,160,25930,27850,27430,27450,27550
24252,106,160,27170,29260,28670,28690,28960
24253,106,160,29910,31920,31410,31430,31620
24254,106,160,52540,54540,54040,54060,54240
24255,106,161,26170,28120,27670,27690,27820
24256,106,161,50840,52850,52340,52360,52550
24257,106,161,52090,53930,53590,53610,53630
24258,106,161,72130,74130,73630,73650,73830
24259,106,161,160690,162700,162190,162210,162400
24260,106,161,165630,167630,167130,167150,167330
24261,106,161,168210,170210,169710,169730,169910
24262,106,161,178500,180520,180000,180020,180220
24263,106,161,192420,194420,193920,193940,194120
24264,107,52,87480,89330,88980,89000,89030
24265,107,147,65080,67290,66580,66600,66990
24266,107,147,71340,73380,72840,72860,73080
24267,107,147,72750,74860,74250,74270,74560
24268,107,147,74770,76750,76270,76290,76450
24269,107,147,89260,91120,90760,90780,90820
24270,107,147,113400,115300,114900,114920,115000
24271,107,147,124250,126570,125750,125770,126270
24272,107,147,134930,136910,136430,136450,136610
24273,107,147,140330,142610,141830,141850,142310
24274,107,148,79430,81540,80930,80950,81240
24275,107,148,86260,88220,87760,87780,87920
24276,107,148,103380,105410,104880,104900,105110
24277,107,226,78340,80230,79840,79860,79930
24278,108,1,182980,184900,184480,184500,184600
24279,108,1,187100,189100,188600,188620,188800
24280,108,1,193140,195150,194640,194660,194850
24281,108,1,233640,235640,235140,235160,235340
24282,108,2,68320,70320,69820,69840,70020
24283,108,2,75760,77750,77260,77280,77450
24284,108,2,98180,100180,99680,99700,99880
24285,108,2,100600,102440,102100,102120,102140
24286,108,2,100630,109680,102130,109370,109380
24287,108,2,107880,109880,109380,109400,109580
24288,108,2,140210,142270,141710,141730,141970
24289,108,2,160890,162900,162390,162410,162600
24290,108,14,171100,172930,172600,172620,172630
24291,108,15,79090,81110,80590,80610,80810
24292,108,15,83250,85250,84750,84770,84950
24293,108,15,132650,134800,134150,134170,134500
24294,108,15,177830,179830,179330,179350,179530
24295,108,15,177860,182560,179360,182250,182260
24296,108,15,180760,182610,182260,182280,182310
24297,108,20,116290,118610,117790,117810,118310
24298,108,20,130500,132470,132000,132020,132170
24299,108,24,69720,71720,71220,71240,71420
24300,108,24,77820,79820,79320,79340,79520
24301,108,24,103150,105290,104650,104670,104990
24302,108,24,104780,106800,106280,106300,106500
24303,108,24,168440,170640,169940,169960,170340
24304,108,28,70830,72830,72330,72350,72530
24305,108,28,84520,86640,86020,86040,86340
24306,108,28,109390,111540,110890,110910,111240
24307,108,28,113660,115510,115160,115180,115210
24308,108,28,113690,117320,115190,117010,117020
24309,108,28,115520,117520,117020,117040,117220
24310,108,40,117460,119480,118960,118980,119180
24311,108,40,128730,130740,130230,130250,130440
24312,108,40,133240,135070,134740,134760,134770
24313,108,40,162820,165020,164320,164340,164720
24314,108,40,167010,168870,168510,168530,168570
24315,108,42,73430,75260,74930,74950,74960
24316,108,42,81840,83840,83340,83360,83540
24317,108,42,105860,107860,107360,107380,107560
24318,108,42,113080,114940,114580,114600,114640
24319,108,42,169390,171270,170890,170910,170970
24320,108,42,180240,182170,181740,181760,181870
24321,108,47,109370,111370,110870,110890,111070
24322,108,50,196010,197990,197510,197530,197690
24323,108,50,242380,244550,243880,243900,244250
24324,108,51,100190,102410,101690,101710,102110
24325,108,51,143320,145320,144820,144840,145020
24326,108,51,148940,150940,150440,150460,150640
24327,108,51,164830,166710,166330,166350,166410
24328,108,51,169060,171160,170560,170580,170860
24329,108,51,172920,174880,174420,174440,174580
24330,108,56,54650,56650,56150,56170,56350
24331,108,56,66800,68750,68300,68320,68450
24332,108,56,113760,115620,115260,115280,115320
24333,108,56,135600,137570,137100,137120,137270
24334,108,56,159790,161730,161290,161310,161430
24335,108,66,57780,59730,59280,59300,59430
24336,108,66,70660,72670,72160,72180,72370
24337,108,66,118970,120940,120470,120490,120640
24338,108,66,131100,133120,132600,132620,132820
24339,108,67,113970,115970,115470,115490,115670
24340,108,73,160340,162370,161840,161860,162070
24341,108,75,111430,113440,112930,112950,113140
24342,108,75,124220,126140,125720,125740,125840
24343,108,76,77760,79760,79260,79280,79460
24344,108,76,102900,105010,104400,104420,104710
24345,108,76,109580,111480,111080,111100,111180
24346,108,76,165720,167760,167220,167250,167460
24347,108,76,174220,176190,175720,175740,175890
24348,108,90,212660,214660,214160,214180,214360
24349,108,91,81580,83490,83080,83100,83190
24350,108,91,108130,110130,109630,109650,109830
24351,108,91,134310,136270,135810,135830,135970
24352,108,91,173910,175910,175410,175430,175610
24353,108,91,182320,184320,183820,183840,184020
24354,108,94,73820,75870,75320,75340,75570
24355,108,94,78250,80260,79750,79770,79960
24356,108,94,104020,106030,105520,105540,105730
24357,108,94,127340,129380,128840,128860,129080
24358,108,94,153820,155760,155320,155340,155460
24359,108,94,167310,169310,168810,168830,169010
24360,108,103,186810,188810,188310,188330,188510
24361,108,103,186840,189110,188340,188800,188810
24362,108,103,187310,189140,188810,188830,188840
24363,108,103,196700,198710,198200,198220,198410
24364,108,103,226810,229000,228310,228330,228700
24365,108,103,229770,231720,231270,231290,231420
24366,108,104,96570,98420,98070,98090,98120
24367,108,104,143790,145720,145290,145310,145420
24368,108,104,146220,148220,147720,147740,147920
24369,108,104,155240,157250,156740,156760,156950
24370,108,104,170690,172670,172190,172210,172370
24371,108,104,174330,176410,175830,175850,176110
24372,108,118,33340,35340,34840,34860,35040
24373,108,118,49850,51860,51350,51370,51560
24374,108,118,52550,54550,54050,54070,54250
24375,108,118,84930,86940,86430,86450,86640
24376,108,118,86260,88320,87760,87780,88020
24377,108,118,89680,91680,91180,91200,91380
24378,108,118,92890,94920,94390,94410,94620
24379,108,118,99940,101950,101440,101460,101650
24380,108,135,74400,76510,75900,75920,76210
24381,108,135,105970,107980,107470,107490,107680
24382,108,135,107790,109830,109290,109310,109530
24383,108,135,112880,114730,114380,114400,114430
24384,108,135,138920,141020,140420,140440,140720
24385,108,135,146040,148120,147540,147560,147820
24386,108,138,165780,167780,167280,167300,167480
24387,108,138,199180,201300,200680,200700,201000
24388,108,139,90520,92730,92020,92040,92430
24389,108,139,103880,105880,105380,105400,105580
24390,108,139,109500,111390,111000,111020,111090
24391,108,139,117600,119620,119100,119120,119320
24392,108,155,87110,89110,88610,88630,88810
24393,108,155,142470,144470,143970,143990,144170
24394,108,155,167650,169610,169150,169170,169310
24395,108,155,173140,175250,174640,174660,174950
24396,108,156,180640,182650,182140,182160,182350
24397,108,156,190970,193090,192470,192490,192790
24398,108,156,192690,194690,194190,194210,194390
24399,108,158,90180,92190,91680,91700,91890
24400,108,158,117490,119500,118990,119010,119200
24401,108,165,110950,112950,112450,112470,112650
24402,108,166,88600,90520,90100,90120,90220
24403,108,166,110100,111930,111600,111620,111630
24404,108,166,114630,116470,116130,116150,116170
24405,108,166,150370,152220,151870,151890,151920
24406,108,166,166090,168100,167590,167610,167800
24407,108,166,170210,172140,171710,171730,171840
24408,108,169,86880,88870,88380,88400,88570
24409,108,169,97180,99120,98680,98700,98820
24410,108,169,108140,110140,109640,109660,109840
24411,108,169,115080,116910,116580,116600,116610
24412,108,180,114550,116560,116050,116070,116260
24413,108,180,124730,126730,126230,126250,126430
24414,108,180,131460,133490,132960,132980,133190
24415,108,180,149430,151430,150930,150950,151130
24416,108,181,107530,109450,109030,109050,109150
24417,108,181,133210,135210,134710,134730,134910
24418,108,181,154130,156040,155630,155650,155740
24419,108,181,164630,166530,166130,166150,166230
24420,108,181,181400,183440,182900,182920,183140
24421,108,187,115980,117980,117480,117500,117680
24422,108,187,124860,126920,126360,126380,126620
24423,108,187,126770,128770,128270,128290,128470
24424,108,187,149640,151640,151140,151160,151340
24425,108,191,128230,130640,129730,129750,130340
24426,108,191,130080,132060,131580,131600,131760
24427,108,197,69850,71910,71350,71370,71610
24428,108,197,124250,126250,125750,125770,125950
24429,108,197,130420,132420,131920,131940,132120
24430,108,197,132290,134300,133790,133810,134000
24431,108,197,138460,140300,139960,139980,140000
24432,108,197,146540,148470,148040,148060,148170
24433,108,197,150050,152050,151550,151570,151750
24434,108,213,99150,101290,100650,100670,100990
24435,108,213,142770,145010,144270,144290,144710
24436,108,213,144950,146980,146450,146470,146680
24437,108,215,22130,24140,23630,23650,23840
24438,108,215,73810,75810,75310,75330,75510
24439,108,215,83990,85990,85490,85510,85690
24440,108,215,94940,96890,96440,96460,96590
24441,108,224,138540,140580,140040,140070,140280
24442,108,224,147730,149660,149230,149250,149360
24443,108,226,106960,108960,108460,108480,108660
24444,108,226,115270,117290,116770,116790,116990
24445,108,226,159510,161560,161010,161030,161260
24446,108,226,167930,169920,169430,169450,169620
24447,108,226,173430,175590,174930,174950,175290
24448,108,226,175140,177110,176640,176660,176810
24449,108,226,178930,181210,180430,180450,180910
24450,108,226,180250,182350,181750,181770,182050
24451,108,233,129540,131370,131040,131060,131070
24452,108,233,138170,140130,139670,139690,139830
24453,108,234,41550,43710,43050,43070,43410
24454,108,234,98260,100260,99760,99780,99960
24455,109,1,46720,48720,48220,48240,48420
24456,109,1,46750,52600,48250,52290,52300
24457,109,1,50800,52790,52300,52320,52490
24458,109,1,86440,88310,87940,87960,88010
24459,109,1,101670,103680,103170,103190,103380
24460,109,1,133200,135190,134700,134720,134890
24461,109,1,156910,158850,158410,158430,158550
24462,109,1,159110,161150,160610,160630,160850
24463,109,4,131190,133330,132690,132710,133030
24464,109,4,131720,133720,133220,133240,133420
24465,109,4,190260,192240,191760,191780,191940
24466,109,4,194540,196540,196040,196060,196240
24467,109,4,197620,199620,199120,199140,199320
24468,109,4,318590,320590,320090,320110,320290
24469,109,4,321600,323610,323100,323120,323310
24470,109,4,346670,348550,348170,348190,348250
24471,109,4,348290,350240,349790,349810,349940
24472,109,4,348320,363070,349820,362760,362770
24473,109,4,361270,363280,362770,362790,362980
24474,109,4,389030,390870,390530,390550,390570
24475,109,4,436240,438180,437740,437760,437880
24476,109,4,456850,458800,458350,458370,458500
24477,109,4,458620,460550,460120,460140,460250
24478,109,4,468710,470600,470210,470230,470300
24479,109,4,470910,472890,472410,472430,472590
24480,109,4,470940,472970,472440,472650,472670
24481,109,4,471160,473010,472660,472680,472710
24482,109,4,473370,475370,474870,474890,475070
24483,109,4,478320,480270,479820,479840,479970
24484,109,4,489440,491450,490940,490960,491150
24485,109,4,491050,492980,492550,492570,492680
24486,109,4,497710,499630,499210,499240,499330
24487,109,4,499120,501130,500620,500640,500830
24488,109,4,509520,511450,511020,511040,511150
24489,109,4,511550,513460,513050,513070,513160
24490,109,4,533130,535130,534630,534650,534830
24491,109,4,541110,543120,542610,542630,542820
24492,109,4,553660,555670,555160,555180,555370
24493,109,4,556190,558190,557690,557710,557890
24494,109,4,568370,570440,569870,569890,570140
24495,109,4,573890,575840,575390,575410,575540
24496,109,5,50770,52770,52270,52290,52470
24497,109,5,81310,83240,82810,82830,82940
24498,109,5,84350,86300,85850,85880,86000
24499,109,5,85750,87730,87250,87270,87430
24500,109,5,89880,91810,91380,91400,91510
24501,109,5,97470,99300,98970,98990,99000
24502,109,5,98670,100540,100170,100190,100240
24503,109,5,108560,110560,110060,110080,110260
24504,109,5,110470,112350,111970,111990,112050
24505,109,5,115470,117470,116970,116990,117170
24506,109,5,119090,121020,120590,120610,120720
24507,109,5,122540,124550,124040,124060,124250
24508,109,5,125290,127190,126790,126810,126890
24509,109,5,132110,134020,133610,133630,133720
24510,109,5,134700,136690,136200,136220,136390
24511,109,5,143800,145810,145300,145330,145510
24512,109,5,148860,150860,150360,150380,150560
24513,109,5,158470,160580,159970,159990,160280
24514,109,5,171890,173840,173390,173420,173540
24515,109,5,177750,179690,179250,179270,179390
24516,109,5,179790,181760,181290,181310,181460
24517,109,5,185090,187090,186590,186610,186790
24518,109,5,187120,189130,188620,188650,188830
24519,109,5,193440,195450,194940,194960,195150
24520,109,5,195070,197070,196570,196590,196770
24521,109,5,209780,211780,211280,211300,211480
24522,109,5,214780,216680,216280,216300,216380
24523,109,5,287410,289420,288910,288930,289120
24524,109,5,325910,327910,327410,327430,327610
24525,109,5,347670,349680,349170,349190,349380
24526,109,5,355060,356960,356560,356580,356660
24527,109,5,361370,363370,362870,362890,363070
24528,109,5,374870,376810,376370,376390,376510
24529,109,5,379440,381280,380940,380960,380980
24530,109,5,381260,383270,382760,382780,382970
24531,109,5,405140,407070,406640,406660,406770
24532,109,5,424730,426660,426230,426250,426360
24533,109,5,466640,468620,468140,468160,468320
24534,109,14,53010,55000,54510,54530,54700
24535,109,14,86920,88920,88420,88440,88620
24536,109,14,89870,91870,91370,91390,91570
24537,109,14,99710,101760,101210,101230,101460
24538,109,14,129000,130860,130500,130520,130560
24539,109,14,131160,133160,132660,132680,132860
24540,109,14,137230,139210,138730,138750,138910
24541,109,14,139170,141140,140670,140690,140840
24542,109,18,227860,229860,229360,229380,229560
24543,109,18,271260,273230,272760,272780,272930
24544,109,27,80510,82520,82010,82040,82220
24545,109,27,86470,88400,87970,87990,88100
24546,109,27,90200,92150,91700,91720,91850
24547,109,27,103640,105650,105140,105160,105350
24548,109,27,105110,107090,106610,106630,106790
24549,109,30,99520,101530,101020,101040,101230
24550,109,30,102820,104710,104320,104340,104410
24551,109,30,106510,108340,108010,108030,108040
24552,109,30,112650,114860,114150,114170,114560
24553,109,30,112680,117220,114180,116910,116920
24554,109,30,115420,117400,116920,116940,117100
24555,109,30,132730,134740,134230,134250,134440
24556,109,30,139510,141510,141010,141030,141210
24557,109,30,142720,144570,144220,144240,144270
24558,109,37,71930,73940,73430,73450,73640
24559,109,37,72430,74390,73930,73950,74090
24560,109,37,84080,85980,85580,85600,85680
24561,109,37,98950,100860,100450,100480,100560
24562,109,37,103700,105820,105200,105220,105520
24563,109,37,108330,110310,109830,109850,110010
24564,109,37,114190,116190,115690,115720,115890
24565,109,37,121570,123560,123070,123090,123260
24566,109,37,122530,124440,124030,124050,124140
24567,109,53,43300,45320,44800,44820,45020
24568,109,53,43330,45610,44830,45300,45310
24569,109,53,43810,45850,45310,45330,45550
24570,109,53,46490,48490,47990,48010,48190
24571,109,64,50470,52580,51970,51990,52280
24572,109,64,51080,52940,52580,52600,52640
24573,109,64,51890,53900,53390,53410,53600
24574,109,65,14070,16050,15570,15590,15750
24575,109,65,17930,19950,19430,19450,19650
24576,109,68,33280,35270,34780,34800,34970
24577,109,68,39860,41710,41360,41380,41410
24578,109,72,43050,45230,44550,44570,44930
24579,109,72,45380,47400,46880,46900,47100
24580,109,80,40550,42380,42050,42070,42080
24581,109,80,45040,47000,46540,46560,46700
24582,109,82,154350,156190,155850,155870,155890
24583,109,87,124190,126260,125690,125710,125960
24584,109,87,165880,167770,167380,167400,167470
24585,109,87,239510,241510,241010,241030,241210
24586,109,87,276860,278800,278360,278380,278500
24587,109,87,294230,296160,295730,295750,295860
24588,109,87,314520,316520,316020,316040,316220
24589,109,87,320250,322190,321750,321770,321890
24590,109,87,344520,346560,346020,346040,346260
24591,109,87,349660,351690,351160,351180,351390
24592,109,87,354880,356730,356380,356400,356430
24593,109,87,357480,359310,358980,359000,359010
24594,109,87,390350,392360,391850,391870,392060
24595,109,87,393890,396010,395390,395410,395710
24596,109,87,400370,402350,401870,401890,402050
24597,109,87,407310,409140,408810,408830,408840
24598,109,87,409020,411010,410520,410540,410710
24599,109,87,413010,414850,414510,414530,414550
24600,109,87,469960,471960,471460,471480,471660
24601,109,87,513320,515320,514820,514840,515020
24602,109,89,162020,164140,163520,163540,163840
24603,109,89,163530,165530,165030,165050,165230
24604,109,89,167780,169780,169280,169300,169480
24605,109,89,169730,171710,171230,171250,171410
24606,109,89,249210,251090,250710,250730,250790
24607,109,89,294360,296330,295860,295880,296030
24608,109,89,301760,303770,303260,303280,303470
24609,109,89,306100,308090,307600,307620,307790
24610,109,89,309490,311460,310990,311010,311160
24611,109,89,313720,315680,315220,315240,315380
24612,109,89,313750,335210,315250,334900,334910
24613,109,89,333410,335400,334910,334940,335100
24614,109,89,370080,372080,371580,371600,371780
24615,109,89,519840,521760,521340,521360,521460
24616,109,89,520060,521900,521560,521580,521600
24617,109,89,522190,524200,523690,523710,523900
24618,109,90,19740,21690,21240,21270,21390
24619,109,91,472470,474350,473970,473990,474050
24620,109,93,45120,47130,46620,46640,46830
24621,109,93,50060,52060,51560,51580,51760
24622,109,93,50780,52770,52280,52300,52470
24623,109,93,62960,64970,64460,64480,64670
24624,109,93,75930,77790,77430,77450,77490
24625,109,93,94050,95950,95550,95570,95650
24626,109,93,105370,107330,106870,106890,107030
24627,109,93,108590,110420,110090,110110,110120
24628,109,93,138980,141000,140480,140500,140700
24629,109,93,139010,141280,140510,140970,140980
24630,109,93,139480,141380,140980,141000,141080
24631,109,93,140310,142350,141810,141830,142050
24632,109,96,108460,110460,109960,109980,110160
24633,109,96,110920,113060,112420,112440,112760
24634,109,96,137060,139060,138560,138580,138760
24635,109,96,153590,155460,155090,155110,155160
24636,109,96,155330,157340,156830,156850,157040
24637,109,96,164820,166830,166320,166340,166530
24638,109,96,191420,193280,192920,192940,192980
24639,109,96,195500,197510,197000,197020,197210
24640,109,96,199330,201260,200830,200850,200960
24641,109,97,27290,29280,28790,28810,28980
24642,109,97,75290,77290,76790,76810,76990
24643,109,97,80150,82050,81650,81670,81750
24644,109,102,48330,50330,49830,49850,50030
24645,109,103,83700,85700,85200,85220,85400
24646,109,103,99680,101640,101180,101200,101340
24647,109,103,107940,110070,109440,109460,109770
24648,109,103,163840,165850,165340,165360,165550
24649,109,103,163870,166140,165370,165830,165840
24650,109,103,164340,166330,165840,165860,166030
24651,109,104,21140,23080,22640,22660,22780
24652,109,104,47930,50000,49430,49460,49700
24653,109,104,69480,71480,70980,71000,71180
24654,109,104,75410,77520,76910,76930,77220
24655,109,104,204000,206000,205500,205520,205700
24656,109,107,63830,65770,65330,65350,65470
24657,109,107,78780,80820,80280,80300,80520
24658,109,107,80870,82910,82370,82390,82610
24659,109,107,89400,91320,90900,90920,91020
24660,109,107,92160,94280,93660,93680,93980
24661,109,107,123520,125520,125020,125040,125220
24662,109,107,178340,180340,179840,179860,180040
24663,109,108,43200,45210,44700,44720,44910
24664,109,108,43230,45500,44730,45190,45200
24665,109,108,43700,45710,45200,45220,45410
24666,109,108,72720,74720,74220,74240,74420
24667,109,112,35400,37410,36900,36920,37110
24668,109,112,39100,41070,40600,40620,40770
24669,109,112,43300,45190,44800,44820,44890
24670,109,112,46220,48220,47720,47740,47920
24671,109,112,47500,49470,49000,49020,49170
24672,109,112,60710,62720,62210,62230,62420
24673,109,112,89270,91280,90770,90790,90980
24674,109,112,101270,103310,102770,102790,103010
24675,109,117,139000,140830,140500,140520,140530
24676,109,118,21220,23220,22720,22740,22920
24677,109,118,34690,36530,36190,36210,36230
24678,109,118,48440,50440,49940,49960,50140
24679,109,118,56880,58880,58380,58400,58580
24680,109,118,66160,68170,67660,67690,67870
24681,109,118,68130,70130,69630,69650,69830
24682,109,124,112060,114070,113560,113580,113770
24683,109,124,113610,115610,115110,115130,115310
24684,109,124,115140,117040,116640,116660,116740
24685,109,124,167100,169100,168600,168620,168800
24686,109,124,168630,170740,170130,170150,170440
24687,109,124,172100,174110,173600,173620,173810
24688,109,124,172860,174870,174360,174390,174570
24689,109,124,194360,196330,195860,195880,196030
24690,109,127,32550,34860,34050,34070,34560
24691,109,127,40550,42550,42050,42070,42250
24692,109,127,43990,45990,45490,45510,45690
24693,109,127,50890,53030,52390,52410,52730
24694,109,127,74700,76870,76200,76220,76570
24695,109,127,77360,79340,78860,78880,79040
24696,109,139,99740,101730,101240,101260,101430
24697,109,139,106050,108070,107550,107570,107770
24698,109,139,110170,112110,111670,111690,111810
24699,109,140,250640,252650,252140,252160,252350
24700,109,140,263390,265400,264890,264910,265100
24701,109,140,269130,271130,270630,270650,270830
24702,109,143,72030,74030,73530,73550,73730
24703,109,143,77650,79640,79150,79170,79340
24704,109,143,79540,81670,81040,81060,81370
24705,109,143,98370,100420,99870,99890,100120
24706,109,143,119190,121020,120690,120710,120720
24707,109,143,122810,124820,124310,124340,124520
24708,109,146,61080,62920,62580,62600,62620
24709,109,153,45610,47610,47110,47130,47310
24710,109,153,50450,52450,51950,51970,52150
24711,109,153,53360,55480,54860,54880,55180
24712,109,153,54250,56260,55750,55770,55960
24713,109,154,53710,55710,55210,55230,55410
24714,109,162,29650,31650,31150,31170,31350
24715,109,162,32910,34920,34410,34430,34620
24716,109,174,54310,56460,55810,55830,56160
24717,109,174,72990,74990,74490,74510,74690
24718,109,174,80310,82310,81810,81830,82010
24719,109,176,97730,99790,99230,99250,99490
24720,109,190,26590,28430,28090,28110,28130
24721,109,199,31740,33680,33240,33260,33380
24722,109,199,91960,93960,93460,93480,93660
24723,109,199,106730,108640,108230,108250,108340
24724,109,200,129320,131320,130820,130840,131020
24725,109,203,64050,65940,65550,65570,65640
24726,109,205,73620,75620,75120,75140,75320
24727,109,205,94740,96930,96240,96260,96630
24728,109,211,40450,42350,41950,41970,42050
24729,109,211,42130,44020,43630,43650,43720
24730,109,211,50980,52990,52480,52500,52690
24731,109,211,54560,56560,56060,56080,56260
24732,109,213,24940,26940,26440,26460,26640
24733,109,213,38630,40500,40130,40150,40200
24734,109,213,56450,58440,57950,57970,58140
24735,109,219,33460,35540,34960,34980,35240
24736,109,219,45240,47240,46740,46760,46940
24737,109,220,21810,23720,23310,23330,23420
24738,109,225,131430,133400,132930,132950,133100
24739,109,225,138370,140370,139870,139890,140070
24740,109,236,47750,49750,49250,49270,49450
24741,109,236,104500,106520,106000,106020,106220
24742,109,236,106730,108720,108230,108250,108420
24743,109,239,44360,46360,45860,45880,46060
24744,109,239,54630,56630,56130,56150,56330
24745,109,239,57740,59800,59240,59260,59500
24746,109,239,58890,60720,60390,60410,60420
24747,109,240,25470,27540,26970,26990,27240
24748,109,240,86840,88690,88340,88360,88390
24749,109,241,33640,35650,35140,35160,35350
24750,109,241,48220,50220,49720,49740,49920
24751,109,242,43340,45190,44840,44860,44890
24752,109,242,144010,145930,145510,145530,145630
24753,109,242,148480,150550,149980,150000,150250
24754,109,248,99260,101280,100760,100780,100980
24755,109,248,117550,119530,119050,119070,119230
24756,109,248,252710,254710,254210,254230,254410
24757,109,248,474710,476620,476210,476230,476320
24758,109,248,475920,477930,477420,477440,477630
24759,109,248,481140,483140,482640,482660,482840
24760,109,248,482310,484480,483810,483830,484180
24761,109,248,494940,496950,496440,496460,496650
24762,109,248,496240,498310,497740,497760,498010
24763,109,248,540890,542770,542390,542410,542470
24764,109,248,544390,546390,545890,545910,546090
24765,109,251,59870,62000,61370,61390,61700
24766,109,251,65810,67750,67310,67330,67450
24767,109,251,80610,82560,82110,82130,82260
24768,109,251,84860,86820,86360,86380,86520
24769,109,253,65410,67420,66910,66930,67120
24770,109,253,66740,68700,68240,68260,68400
24771,109,253,114420,116350,115920,115940,116050
24772,109,253,117260,119220,118760,118780,118920
24773,109,253,120790,122790,122290,122310,122490
24774,109,253,122150,124080,123650,123670,123780
24775,109,253,136120,138130,137620,137640,137830
24776,109,253,137420,139420,138920,138940,139120
24777,109,253,172080,174080,173580,173600,173780
24778,109,253,180590,182600,182090,182110,182300
24779,109,253,206800,208650,208300,208320,208350
24780,109,253,230700,232710,232200,232230,232410
24781,109,253,317120,319070,318620,318640,318770
24782,109,253,454320,456170,455820,455840,455870
24783,109,255,129090,131030,130590,130610,130730
24784,109,263,105810,107770,107310,107330,107470
24785,109,263,107260,109270,108760,108780,108970
24786,109,263,111880,113890,113380,113400,113590
24787,109,263,113330,115220,114830,114850,114920
24788,109,263,115150,117050,116650,116680,116750
24789,109,263,115750,117670,117250,117270,117370
24790,109,265,28700,30940,30200,30220,30640
24791,109,265,54910,56910,56410,56430,56610
24792,109,276,85050,87050,86550,86570,86750
24793,109,276,85880,87880,87380,87400,87580
24794,109,283,19850,21790,21350,21370,21490
24795,109,283,35990,38000,37490,37510,37700
24796,109,283,38690,40690,40190,40210,40390
24797,109,283,43870,45870,45370,45390,45570
24798,109,288,34280,36380,35780,35800,36080
24799,109,288,38410,40410,39910,39930,40110
24800,109,288,42580,44700,44080,44100,44400
24801,109,302,19310,21480,20810,20830,21180
24802,109,302,21680,23780,23180,23200,23480
24803,109,302,35960,38000,37460,37480,37700
24804,109,302,35990,38260,37490,37950,37960
24805,109,302,36460,38340,37960,37980,38040
24806,109,302,37810,39810,39310,39330,39510
24807,109,302,40890,42950,42390,42410,42650
24808,109,302,41650,43650,43150,43170,43350
24809,109,309,30180,32180,31680,31700,31880
24810,109,309,33580,35610,35080,35100,35310
24811,109,309,38510,40570,40010,40030,40270
24812,109,316,31350,33350,32850,32870,33050
24813,109,316,34600,36570,36100,36120,36270
24814,109,316,51510,53540,53010,53030,53240
24815,109,316,52480,54590,53980,54000,54290
24816,109,316,78240,80240,79740,79760,79940
24817,109,316,93040,95010,94540,94560,94710
24818,109,319,46660,48560,48160,48180,48260
24819,109,319,78940,80930,80440,80460,80630
24820,109,319,93170,95010,94670,94690,94710
24821,109,319,98910,100780,100410,100430,100480
24822,109,319,100450,102280,101950,101970,101980
24823,109,319,125900,127840,127400,127420,127540
24824,109,319,129800,131890,131300,131320,131590
24825,109,319,156220,158100,157720,157740,157800
24826,109,319,158330,160330,159830,159850,160030
24827,109,319,165050,167020,166550,166570,166720
24828,109,319,166060,168200,167560,167580,167900
24829,109,319,167310,169520,168810,168830,169220
24830,109,320,83330,85460,84830,84850,85160
24831,109,320,83360,90560,84860,90250,90260
24832,109,320,88760,90590,90260,90280,90290
24833,109,320,98000,100010,99500,99520,99710
24834,109,322,22010,24010,23510,23530,23710
24835,109,322,22510,24400,24010,24030,24100
24836,109,322,38810,40760,40310,40330,40460
24837,109,322,47990,50000,49490,49510,49700
24838,109,342,96100,98200,97600,97620,97900
24839,109,342,165670,167680,167170,167190,167380
24840,109,342,170500,172500,172000,172020,172200
24841,109,342,174570,176450,176070,176090,176150
24842,109,342,176850,178860,178350,178370,178560
24843,109,342,178080,180080,179580,179600,179780
24844,109,342,179020,181070,180520,180540,180770
24845,109,342,191390,193310,192890,192920,193010
24846,110,1,62770,64690,64270,64290,64390
24847,110,1,64670,66620,66170,66190,66320
24848,110,1,79490,81460,80990,81010,81160
24849,110,1,85550,87450,87050,87070,87150
24850,110,1,103250,105180,104750,104770,104880
24851,110,1,127240,129240,128740,128760,128940
24852,110,1,129340,131460,130840,130860,131160
24853,110,1,157060,158960,158560,158580,158660
24854,110,1,158610,160600,160110,160130,160300
24855,110,2,167790,169790,169290,169310,169490
24856,110,2,169240,171240,170740,170760,170940
24857,110,9,43920,45840,45420,45440,45540
24858,110,9,46100,48060,47600,47620,47760
24859,110,9,62140,64140,63640,63660,63840
24860,110,17,132030,133860,133530,133550,133560
24861,110,17,133660,135590,135160,135180,135290
24862,110,17,150540,152540,152040,152060,152240
24863,110,17,154170,156070,155670,155690,155770
24864,110,17,174490,176430,175990,176010,176130
24865,110,17,294580,296580,296080,296100,296280
24866,110,17,308860,310860,310360,310380,310560
24867,110,17,310220,312220,311720,311740,311920
24868,110,17,317580,319590,319080,319100,319290
24869,110,17,319730,321730,321230,321250,321430
24870,110,17,323200,325200,324700,324720,324900
24871,110,17,324760,326650,326260,326280,326350
24872,110,17,328480,330440,329980,330000,330140
24873,110,17,330040,332050,331540,331560,331750
24874,110,17,340400,342340,341900,341920,342040
24875,110,17,342320,344250,343820,343840,343950
24876,110,17,348640,350700,350140,350160,350400
24877,110,17,350420,352310,351920,351940,352010
24878,110,17,409350,411360,410850,410870,411060
24879,110,17,411960,413860,413460,413480,413560
24880,110,17,424630,426490,426130,426150,426190
24881,110,17,425670,427670,427170,427190,427370
24882,110,17,428450,430320,429950,429980,430020
24883,110,17,429690,431710,431190,431210,431410
24884,110,17,436050,437960,437550,437570,437660
24885,110,18,33780,35700,35280,35300,35400
24886,110,18,36520,38490,38020,38040,38190
24887,110,18,39210,41210,40710,40730,40910
24888,110,18,51020,53040,52520,52540,52740
24889,110,18,71970,73840,73470,73490,73540
24890,110,18,74050,75930,75550,75570,75630
24891,110,18,87800,89700,89300,89320,89400
24892,110,18,91650,93580,93150,93170,93280
24893,110,18,95820,97780,97320,97340,97480
24894,110,18,98700,100640,100200,100220,100340
24895,110,18,182740,184740,184240,184260,184440
24896,110,18,184510,186510,186010,186030,186210
24897,110,18,247070,249030,248570,248590,248730
24898,110,18,250450,252460,251950,251970,252160
24899,110,18,258730,260680,260230,260250,260380
24900,110,18,260460,262430,261960,261980,262130
24901,110,18,291740,293660,293240,293260,293360
24902,110,18,297570,299570,299070,299090,299270
24903,110,18,300280,302200,301780,301800,301900
24904,110,18,312180,314180,313680,313700,313880
24905,110,18,314320,316200,315820,315840,315900
24906,110,19,335680,337520,337180,337200,337220
24907,110,19,337370,339350,338870,338890,339050
24908,110,19,342920,344890,344420,344440,344590
24909,110,19,353740,355700,355240,355260,355400
24910,110,19,362030,363980,363530,363550,363680
24911,110,19,363960,365960,365460,365480,365660
24912,110,19,372230,374230,373730,373750,373930
24913,110,19,374100,376100,375600,375620,375800
24914,110,19,379840,381840,381340,381360,381540
24915,110,19,380960,383010,382460,382480,382710
24916,110,20,53980,55880,55480,55500,55580
24917,110,20,57420,59420,58920,58940,59120
24918,110,20,59540,61520,61040,61060,61220
24919,110,20,81550,83550,83050,83070,83250
24920,110,20,94780,96730,96280,96300,96430
24921,110,20,100880,102890,102380,102400,102590
24922,110,20,104700,106620,106200,106220,106320
24923,110,20,113830,115830,115330,115350,115530
24924,110,20,115700,117630,117200,117220,117330
24925,110,20,125810,127770,127310,127330,127470
24926,110,20,136120,138130,137620,137640,137830
24927,110,20,138070,140000,139570,139590,139700
24928,110,20,159110,161020,160610,160630,160720
24929,110,20,174360,176360,175860,175880,176060
24930,110,20,176460,178410,177960,177980,178110
24931,110,20,199020,200850,200520,200540,200550
24932,110,20,200580,202580,202080,202100,202280
24933,110,20,202460,204460,203960,203980,204160
24934,110,20,205310,207230,206810,206830,206930
24935,110,20,221580,223580,223080,223100,223280
24936,110,20,225900,227830,227400,227420,227530
24937,110,20,272080,273940,273580,273600,273640
24938,110,20,280420,282350,281920,281940,282050
24939,110,20,284320,286270,285820,285840,285970
24940,110,20,287600,289560,289100,289120,289260
24941,110,20,301820,303820,303320,303340,303520
24942,110,20,303160,305110,304660,304680,304810
24943,110,20,305280,307120,306780,306800,306820
24944,110,20,313820,315830,315320,315340,315530
24945,110,20,318820,320830,320320,320340,320530
24946,110,20,324280,326290,325780,325800,325990
24947,110,20,335400,337340,336900,336920,337040
24948,110,20,336840,338790,338340,338360,338490
24949,110,20,357940,359910,359440,359460,359610
24950,110,20,372870,374730,374370,374390,374430
24951,110,20,374140,376150,375640,375660,375850
24952,110,20,392140,393970,393640,393660,393670
24953,110,20,396960,398960,398460,398480,398660
24954,110,20,402800,404810,404300,404320,404510
24955,110,20,404400,406240,405900,405920,405940
24956,110,20,409120,410950,410620,410640,410650
24957,110,20,410580,412550,412080,412100,412250
24958,110,20,414390,416340,415890,415910,416040
24959,110,20,416940,418880,418440,418460,418580
24960,110,21,186340,188310,187840,187860,188010
24961,110,26,32040,34040,33540,33560,33740
24962,110,38,175470,177380,176970,176990,177080
24963,110,38,179600,181550,181100,181120,181250
24964,110,38,180930,182930,182430,182450,182630
24965,110,38,180960,183030,182460,182680,182730
24966,110,38,181190,183030,182690,182710,182730
24967,110,43,55820,57670,57320,57340,57370
24968,110,43,129170,131170,130670,130690,130870
24969,110,43,130930,132900,132430,132450,132600
24970,110,43,131930,133930,133430,133450,133630
24971,110,43,139760,141870,141260,141280,141570
24972,110,43,145750,147760,147250,147270,147460
24973,110,43,150310,152320,151810,151840,152020
24974,110,43,161670,163520,163170,163190,163220
24975,110,43,164630,166630,166130,166150,166330
24976,110,43,333540,335380,335040,335060,335080
24977,110,43,337470,339580,338970,338990,339280
24978,110,84,166310,168300,167810,167830,168000
24979,110,85,24060,26170,25560,25580,25870
24980,110,88,49840,51690,51340,51360,51390
24981,110,88,58070,59930,59570,59590,59630
24982,110,88,60210,62140,61710,61730,61840
24983,110,88,84910,86820,86410,86430,86520
24984,110,88,88020,89950,89520,89540,89650
24985,110,88,165120,167030,166620,166640,166730
24986,110,88,167900,169840,169400,169430,169540
24987,110,88,190680,192690,192180,192200,192390
24988,110,88,206510,208450,208010,208040,208150
24989,110,88,212610,214610,214110,214130,214310
24990,110,88,214030,216030,215530,215550,215730
24991,110,88,248390,250390,249890,249910,250090
24992,110,88,275170,277180,276670,276690,276880
24993,110,88,281110,283120,282610,282630,282820
24994,110,89,45860,47860,47360,47380,47560
24995,110,89,127200,129110,128700,128720,128810
24996,110,89,137630,139530,139130,139150,139230
24997,110,89,150260,152140,151760,151780,151840
24998,110,92,110700,112570,112200,112220,112270
24999,110,92,117130,119140,118630,118650,118840
25000,110,92,133410,135410,134910,134930,135110
25001,110,92,136770,138710,138270,138290,138410
25002,110,92,160450,162280,161950,161970,161980
25003,110,92,164310,166200,165810,165830,165900
25004,110,92,180650,182560,182150,182170,182260
25005,110,92,182990,184960,184490,184520,184660
25006,110,92,190450,192420,191950,191970,192120
25007,110,92,195170,197180,196670,196690,196880
25008,110,94,39630,41540,41130,41150,41240
25009,110,94,47580,49570,49080,49100,49270
25010,110,94,64310,66230,65810,65830,65930
25011,110,94,123640,125550,125140,125160,125250
25012,110,94,138270,140100,139770,139790,139800
25013,110,94,158390,160400,159890,159910,160100
25014,110,96,24100,25990,25600,25620,25690
25015,110,96,29550,31490,31050,31070,31190
25016,110,96,69600,71600,71100,71120,71300
25017,110,96,71400,73290,72900,72920,72990
25018,110,96,74240,76180,75740,75760,75880
25019,110,96,75780,77780,77280,77300,77480
25020,110,97,33590,35610,35090,35110,35310
25021,110,97,75260,77260,76760,76780,76960
25022,110,97,83730,85600,85230,85250,85300
25023,110,97,116570,118580,118070,118090,118280
25024,110,97,130140,132070,131640,131660,131770
25025,110,97,143730,145730,145230,145250,145430
25026,110,97,147510,149480,149010,149030,149180
25027,110,97,148980,150980,150480,150500,150680
25028,110,97,151020,153020,152520,152540,152720
25029,110,98,58900,60750,60400,60420,60450
25030,110,109,77130,79140,78630,78650,78840
25031,110,109,81050,83050,82550,82570,82750
25032,110,122,121880,123880,123380,123400,123580
25033,110,122,123650,125600,125150,125170,125300
25034,110,123,14450,16290,15950,15970,15990
25035,110,123,16380,18300,17880,17900,18000
25036,110,123,29890,31850,31390,31410,31550
25037,110,123,47380,49410,48880,48900,49110
25038,110,141,98460,100470,99960,99980,100170
25039,110,141,107710,109570,109210,109230,109270
25040,110,141,110710,112670,112210,112230,112370
25041,110,141,120820,122810,122320,122340,122510
25042,110,141,128740,130740,130240,130260,130440
25043,110,141,138810,140830,140310,140330,140530
25044,110,141,147440,149400,148940,148960,149100
25045,110,141,165610,167620,167110,167140,167320
25046,110,141,167780,169780,169280,169300,169480
25047,110,141,167810,179800,169310,179490,179500
25048,110,141,178000,179960,179500,179520,179660
25049,110,141,184170,186190,185670,185690,185890
25050,110,141,190010,191980,191510,191530,191680
25051,110,141,194400,196400,195900,195920,196100
25052,110,141,198510,200640,200010,200030,200340
25053,110,141,204110,206080,205610,205630,205780
25054,110,141,208570,210570,210070,210090,210270
25055,110,141,214710,216680,216210,216230,216380
25056,110,142,45870,47870,47370,47390,47570
25057,110,142,53380,55300,54880,54900,55000
25058,110,142,86720,88720,88220,88240,88420
25059,110,142,89600,91610,91100,91120,91310
25060,110,142,106460,108470,107960,107980,108170
25061,110,142,112190,114160,113690,113710,113860
25062,110,142,122710,124690,124210,124230,124390
25063,110,142,130520,132530,132020,132040,132230
25064,110,142,132190,134120,133690,133710,133820
25065,110,142,139160,141070,140660,140680,140770
25066,110,142,141310,143290,142810,142830,142990
25067,110,142,144900,146910,146400,146430,146610
25068,110,142,153390,155390,154890,154910,155090
25069,110,142,155120,157050,156620,156640,156750
25070,110,142,171400,173300,172900,172920,173000
25071,110,142,173370,175310,174870,174890,175010
25072,110,142,192150,194110,193650,193670,193810
25073,110,142,194750,196670,196250,196270,196370
25074,110,142,218840,220840,220340,220360,220540
25075,110,142,227400,229430,228900,228920,229130
25076,110,142,233560,235560,235060,235080,235260
25077,110,142,251160,253160,252660,252680,252860
25078,110,142,260360,262360,261860,261880,262060
25079,110,142,270690,272630,272190,272210,272330
25080,110,143,67190,69220,68690,68710,68920
25081,110,143,72990,74860,74490,74520,74560
25082,110,144,79950,81950,81450,81470,81650
25083,110,144,99710,101690,101210,101230,101390
25084,110,144,111380,113370,112880,112900,113070
25085,110,144,115720,117610,117220,117240,117310
25086,110,144,118350,120350,119850,119870,120050
25087,110,144,124360,126410,125860,125880,126110
25088,110,144,129210,131220,130710,130730,130920
25089,110,144,130940,132910,132440,132460,132610
25090,110,144,143900,145760,145400,145420,145460
25091,110,144,152060,154060,153560,153580,153760
25092,110,144,161620,163630,163120,163140,163330
25093,110,144,166910,168830,168410,168430,168530
25094,110,144,188300,190300,189800,189820,190000
25095,110,144,190140,192070,191640,191660,191770
25096,110,149,68300,70400,69800,69830,70100
25097,110,151,28140,30280,29640,29660,29980
25098,110,151,68580,70590,70080,70100,70290
25099,110,160,41670,43650,43170,43190,43350
25100,110,160,42270,44280,43770,43790,43980
25101,110,160,45770,47780,47270,47290,47480
25102,110,160,46560,48560,48060,48080,48260
25103,110,160,50840,52960,52340,52360,52660
25104,110,160,75340,77180,76840,76860,76880
25105,110,162,87990,89990,89490,89510,89690
25106,110,162,94020,96030,95520,95540,95730
25107,110,185,32790,34800,34290,34310,34500
25108,110,185,34620,36590,36120,36140,36290
25109,110,185,51110,53110,52610,52630,52810
25110,110,185,52580,54580,54080,54100,54280
25111,110,185,57890,59750,59390,59410,59450
25112,110,185,59040,61050,60540,60560,60750
25113,110,198,80030,82160,81530,81550,81860
25114,110,198,82290,84270,83790,83810,83970
25115,110,198,86920,88820,88420,88440,88520
25116,110,198,88470,90480,89970,89990,90180
25117,110,198,122050,124050,123550,123570,123750
25118,110,198,146780,148790,148280,148310,148490
25119,110,198,148520,150580,150020,150040,150280
25120,110,198,169790,171720,171290,171310,171420
25121,110,198,179490,181330,180990,181020,181030
25122,110,198,182800,184810,184300,184320,184510
25123,110,198,188110,190110,189610,189630,189810
25124,110,202,89210,91130,90710,90730,90830
25125,110,202,211560,213600,213060,213080,213300
25126,110,202,219480,221480,220980,221000,221180
25127,110,202,269540,271400,271040,271060,271100
25128,110,202,275940,277940,277440,277460,277640
25129,110,202,277560,279600,279060,279080,279300
25130,110,212,161800,163800,163300,163320,163500
25131,110,212,163480,165400,164980,165000,165100
25132,110,212,169710,171710,171210,171230,171410
25133,110,212,173420,175360,174920,174940,175060
25134,110,212,176880,178830,178380,178400,178530
25135,110,212,179520,181740,181020,181040,181440
25136,110,212,200640,202640,202140,202160,202340
25137,110,212,202160,204160,203660,203680,203860
25138,110,215,34940,37050,36440,36460,36750
25139,110,216,36340,38320,37840,37870,38020
25140,110,216,65960,67960,67460,67480,67660
25141,110,216,67250,69240,68750,68770,68940
25142,110,216,101390,103360,102890,102910,103060
25143,110,216,138710,140710,140210,140230,140410
25144,110,216,142000,143930,143500,143520,143630
25145,110,224,41450,43570,42950,42970,43270
25146,110,224,43740,45670,45240,45260,45370
25147,110,224,75980,77980,77480,77500,77680
25148,110,224,77820,79780,79320,79340,79480
25149,110,224,129480,131480,130980,131000,131180
25150,110,224,131540,133460,133040,133060,133160
25151,110,224,164620,166490,166120,166150,166190
25152,110,228,229530,231480,231030,231050,231180
25153,110,228,231400,233330,232900,232920,233030
25154,110,260,117200,119060,118700,118720,118760
25155,110,260,118320,120450,119820,119840,120150
25156,110,266,166210,168170,167710,167730,167870
25157,110,267,43460,45320,44960,44980,45020
25158,110,267,44570,46500,46070,46090,46200
25159,110,267,45350,47250,46850,46870,46950
25160,110,267,47130,49120,48630,48650,48820
25161,110,267,67620,69530,69120,69140,69230
25162,110,267,72990,74990,74490,74510,74690
25163,110,267,83840,85700,85340,85360,85400
25164,110,267,86620,88550,88120,88140,88250
25165,110,267,109490,111490,110990,111010,111190
25166,110,267,114930,116940,116430,116450,116640
25167,110,267,116690,118700,118190,118210,118400
25168,110,267,144190,146190,145690,145710,145890
25169,110,267,146080,148010,147580,147600,147710
25170,110,284,211410,213350,212910,212930,213050
25171,110,284,213680,215600,215180,215200,215300
25172,110,287,52960,54860,54460,54480,54560
25173,110,287,54820,56750,56320,56340,56450
25174,110,287,64200,66200,65700,65720,65900
25175,110,287,65630,67680,67130,67150,67380
25176,110,287,67350,69350,68850,68870,69050
25177,110,287,67860,69870,69360,69380,69570
25178,110,287,95410,97370,96910,96930,97070
25179,110,287,97640,99600,99140,99160,99300
25180,110,288,53420,55400,54920,54940,55100
25181,110,289,246510,248420,248010,248030,248120
25182,110,289,248510,250450,250010,250030,250150
25183,111,5,50990,53270,52490,52510,52970
25184,111,5,51610,53610,53110,53130,53310
25185,111,5,57690,59690,59190,59210,59390
25186,111,5,62630,64640,64130,64150,64340
25187,111,5,63830,65830,65330,65350,65530
25188,111,5,103610,105550,105110,105130,105250
25189,111,5,106310,108310,107810,107830,108010
25190,111,5,109120,111040,110620,110640,110740
25191,111,5,117550,119560,119050,119070,119260
25192,111,5,131660,133590,133160,133180,133290
25193,111,5,137350,139250,138850,138870,138950
25194,111,5,144060,145990,145560,145580,145690
25195,111,5,147420,149320,148920,148940,149020
25196,111,5,153510,155430,155010,155030,155130
25197,111,5,171290,173220,172790,172810,172920
25198,111,5,196470,198470,197970,197990,198170
25199,111,5,200340,202290,201840,201860,201990
25200,111,5,208480,210480,209980,210000,210180
25201,111,5,208510,216490,210010,216180,216190
25202,111,5,214690,216690,216190,216210,216390
25203,111,5,223820,225820,225320,225340,225520
25204,111,5,229780,231780,231280,231300,231480
25205,111,5,231580,233590,233080,233100,233290
25206,111,5,235340,237440,236840,236860,237140
25207,111,5,316520,318520,318020,318040,318220
25208,111,5,326230,328230,327730,327750,327930
25209,111,5,329480,331480,330980,331000,331180
25210,111,5,334910,336910,336410,336430,336610
25211,111,5,348630,350620,350130,350150,350320
25212,111,5,372830,374730,374330,374350,374430
25213,111,5,374890,376850,376390,376410,376550
25214,111,5,394250,396250,395750,395770,395950
25215,111,5,400310,402170,401810,401830,401870
25216,111,5,406530,408450,408030,408050,408150
25217,111,5,430090,432100,431590,431620,431800
25218,111,5,435930,438050,437430,437450,437750
25219,111,5,455270,457200,456770,456790,456900
25220,111,5,476630,478580,478130,478150,478280
25221,111,5,489160,491160,490660,490680,490860
25222,111,5,490010,491850,491510,491530,491550
25223,111,5,510620,512620,512120,512140,512320
25224,111,5,513270,515280,514770,514800,514980
25225,111,5,513790,515680,515290,515310,515380
25226,111,10,115820,117750,117320,117340,117450
25227,111,10,140580,142690,142080,142100,142390
25228,111,10,149730,151730,151230,151250,151430
25229,111,10,173410,175410,174910,174930,175110
25230,111,10,189380,191390,190880,190900,191090
25231,111,10,195600,197610,197100,197130,197310
25232,111,10,211250,213180,212750,212770,212880
25233,111,10,213390,215310,214890,214910,215010
25234,111,10,219470,221410,220970,220990,221110
25235,111,10,221830,223820,223330,223350,223520
25236,111,10,235070,237180,236570,236590,236880
25237,111,10,237290,239270,238790,238810,238970
25238,111,10,242500,244500,244000,244020,244200
25239,111,10,249600,251620,251100,251120,251320
25240,111,10,264570,266480,266070,266100,266180
25241,111,10,267370,269380,268870,268890,269080
25242,111,10,288640,290580,290140,290160,290280
25243,111,10,295640,297580,297140,297160,297280
25244,111,10,302240,304250,303740,303760,303950
25245,111,10,324060,326050,325560,325580,325750
25246,111,10,346480,348480,347980,348000,348180
25247,111,10,355740,357710,357240,357260,357410
25248,111,10,379000,381000,380500,380520,380700
25249,111,10,380380,382360,381880,381900,382060
25250,111,10,386510,388520,388010,388030,388220
25251,111,10,388760,390730,390260,390280,390430
25252,111,10,394720,396720,396220,396240,396420
25253,111,10,396400,398400,397900,397920,398100
25254,111,10,401640,403640,403140,403160,403340
25255,111,10,405820,407800,407320,407340,407500
25256,111,10,412870,414820,414370,414390,414520
25257,111,10,435620,437620,437120,437140,437320
25258,111,10,448600,450620,450100,450120,450320
25259,111,10,469090,471090,470590,470610,470790
25260,111,10,471190,473250,472690,472710,472950
25261,111,10,488390,490390,489890,489910,490090
25262,111,10,490210,492260,491710,491730,491960
25263,111,10,494020,496020,495520,495540,495720
25264,111,10,507480,509450,508980,509000,509150
25265,111,10,522990,524930,524490,524510,524630
25266,111,10,525750,527680,527250,527270,527380
25267,111,10,529270,531170,530770,530790,530870
25268,111,10,535530,537470,537030,537050,537170
25269,111,10,551030,552970,552530,552550,552670
25270,111,10,563520,565490,565020,565040,565190
25271,111,10,571080,573060,572580,572600,572760
25272,111,10,572830,574770,574330,574350,574470
25273,111,10,574220,576230,575720,575750,575930
25274,111,10,578100,580100,579600,579620,579800
25275,111,10,590680,592540,592180,592200,592240
25276,111,10,595170,597150,596670,596690,596850
25277,111,10,611520,613530,613020,613050,613230
25278,111,10,617980,619900,619480,619500,619600
25279,111,10,646420,648380,647920,647940,648080
25280,111,10,654360,656360,655860,655880,656060
25281,111,10,657700,659700,659200,659220,659400
25282,111,10,668160,670110,669660,669680,669810
25283,111,10,676610,678520,678110,678130,678220
25284,111,10,680600,682600,682100,682120,682300
25285,111,10,697130,699130,698630,698650,698830
25286,111,11,16750,18790,18250,18270,18490
25287,111,11,24240,26240,25740,25760,25940
25288,111,11,27430,29540,28930,28950,29240
25289,111,11,30250,32150,31750,31770,31850
25290,111,11,50140,52260,51640,51660,51960
25291,111,11,51900,53910,53400,53420,53610
25292,111,11,66700,68710,68200,68220,68410
25293,111,11,73550,75550,75050,75070,75250
25294,111,11,85000,87000,86500,86520,86700
25295,111,11,87770,89890,89270,89300,89590
25296,111,11,92060,94180,93560,93580,93880
25297,111,11,93850,95860,95350,95370,95560
25298,111,11,97060,99060,98560,98580,98760
25299,111,11,100550,102680,102050,102070,102380
25300,111,11,103840,105840,105340,105360,105540
25301,111,11,106200,108200,107700,107720,107900
25302,111,11,115830,117830,117330,117350,117530
25303,111,11,123790,125790,125290,125310,125490
25304,111,11,126340,128340,127840,127860,128040
25305,111,11,159000,161120,160500,160520,160820
25306,111,11,165400,167650,166900,166920,167350
25307,111,11,173120,175220,174620,174640,174920
25308,111,12,42380,44490,43880,43900,44190
25309,111,12,44820,46830,46320,46340,46530
25310,111,12,49300,51300,50800,50820,51000
25311,111,12,58950,60790,60450,60470,60490
25312,111,12,69310,71420,70810,70830,71120
25313,111,12,71850,73850,73350,73370,73550
25314,111,12,76890,79000,78390,78410,78700
25315,111,12,90740,92740,92240,92260,92440
25316,111,12,117990,120150,119490,119510,119850
25317,111,12,123550,125560,125050,125070,125260
25318,111,12,148090,150100,149590,149610,149800
25319,111,12,170040,172040,171540,171560,171740
25320,111,12,174020,176030,175520,175540,175730
25321,111,12,174050,181870,175550,181560,181570
25322,111,12,180070,182080,181570,181600,181780
25323,111,12,187390,189390,188890,188910,189090
25324,111,12,212960,214800,214460,214480,214500
25325,111,12,216960,218840,218460,218480,218540
25326,111,12,220840,222670,222340,222360,222370
25327,111,12,228360,230360,229860,229880,230060
25328,111,12,238270,240270,239770,239790,239970
25329,111,12,248270,250380,249770,249790,250080
25330,111,12,269340,271350,270840,270860,271050
25331,111,12,272890,275000,274390,274410,274700
25332,111,12,276010,278160,277510,277530,277860
25333,111,12,281550,283560,283050,283070,283260
25334,111,12,284160,286160,285660,285680,285860
25335,111,12,288240,290240,289740,289760,289940
25336,111,12,290510,292630,292010,292030,292330
25337,111,12,307980,309980,309480,309500,309680
25338,111,12,321750,323760,323250,323280,323460
25339,111,12,323740,325830,325240,325260,325530
25340,111,12,326520,328530,328020,328040,328230
25341,111,12,332900,335010,334400,334420,334710
25342,111,12,335870,337880,337370,337390,337580
25343,111,12,343750,345750,345250,345270,345450
25344,111,12,357190,359020,358690,358710,358720
25345,111,12,382600,384600,384100,384120,384300
25346,111,12,384490,386340,385990,386010,386040
25347,111,12,384520,401520,386020,401210,401220
25348,111,12,399720,401700,401220,401240,401400
25349,111,12,403870,405870,405370,405390,405570
25350,111,12,414370,416380,415870,415890,416080
25351,111,12,417090,419260,418590,418610,418960
25352,111,12,440160,442170,441660,441680,441870
25353,111,12,444180,446180,445680,445700,445880
25354,111,12,453650,455600,455150,455170,455300
25355,111,12,465020,467000,466520,466540,466700
25356,111,12,504000,506040,505500,505520,505740
25357,111,12,508640,510760,510140,510170,510460
25358,111,12,544000,545840,545500,545520,545540
25359,111,12,554440,556450,555940,555960,556150
25360,111,12,555820,557930,557320,557340,557630
25361,111,12,559260,561300,560760,560780,561000
25362,111,12,561820,563820,563320,563340,563520
25363,111,12,565770,567780,567270,567290,567480
25364,111,12,573090,575100,574590,574610,574800
25365,111,12,578070,580180,579570,579590,579880
25366,111,12,586340,588340,587840,587860,588040
25367,111,12,592010,594080,593510,593530,593780
25368,111,12,633260,635260,634760,634780,634960
25369,111,12,635850,637770,637350,637370,637470
25370,111,12,657030,659030,658530,658550,658730
25371,111,12,689360,691360,690860,690880,691060
25372,111,12,721260,723260,722760,722780,722960
25373,111,12,741550,743550,743050,743070,743250
25374,111,12,746850,748850,748350,748370,748550
25375,111,12,748940,750940,750440,750460,750640
25376,111,12,763720,765720,765220,765240,765420
25377,111,12,765160,767160,766660,766680,766860
25378,111,12,770710,772710,772210,772230,772410
25379,111,12,773060,775060,774560,774580,774760
25380,111,12,778910,780910,780410,780430,780610
25381,111,12,783640,785760,785140,785160,785460
25382,111,12,790830,792830,792330,792350,792530
25383,111,12,797430,799440,798930,798950,799140
25384,111,12,799180,801180,800680,800700,800880
25385,111,17,50350,52350,51850,51870,52050
25386,111,17,52920,54920,54420,54440,54620
25387,111,17,55210,57210,56710,56730,56910
25388,111,17,58360,60360,59860,59880,60060
25389,111,17,73850,75860,75350,75370,75560
25390,111,17,76660,78660,78160,78180,78360
25391,111,17,109510,111510,111010,111030,111210
25392,111,17,112800,114910,114300,114320,114610
25393,111,17,131960,133960,133460,133480,133660
25394,111,17,135270,137390,136770,136790,137090
25395,111,17,148290,150410,149790,149810,150110
25396,111,17,169890,171900,171390,171410,171600
25397,111,17,177590,179590,179090,179110,179290
25398,111,17,179830,181940,181330,181350,181640
25399,111,17,189320,191330,190820,190850,191030
25400,111,17,198670,200670,200170,200190,200370
25401,111,17,239880,241880,241380,241400,241580
25402,111,17,255610,257610,257110,257130,257310
25403,111,17,273610,275620,275110,275130,275320
25404,111,17,277580,279580,279080,279100,279280
25405,111,17,291680,293690,293180,293200,293390
25406,111,17,301560,303530,303060,303080,303230
25407,111,17,308580,310590,310080,310100,310290
25408,111,17,327470,329500,328970,328990,329200
25409,111,17,332740,334740,334240,334260,334440
25410,111,17,348990,351010,350490,350510,350710
25411,111,17,353690,355700,355190,355210,355400
25412,111,17,359100,361060,360600,360620,360760
25413,111,17,360840,362830,362340,362360,362530
25414,111,17,362680,364840,364180,364200,364540
25415,111,17,367460,369560,368960,368980,369260
25416,111,17,370430,372430,371930,371950,372130
25417,111,17,372700,374630,374200,374220,374330
25418,111,17,376990,378990,378490,378510,378690
25419,111,17,402990,404990,404490,404510,404690
25420,111,17,407930,409930,409430,409450,409630
25421,111,17,423080,424940,424580,424600,424640
25422,111,17,441010,443020,442510,442530,442720
25423,111,17,448170,450170,449670,449690,449870
25424,111,17,455630,457630,457130,457150,457330
25425,111,17,460030,462070,461530,461550,461770
25426,111,17,471270,473270,472770,472790,472970
25427,111,17,480770,482770,482270,482290,482470
25428,111,17,505480,507480,506980,507000,507180
25429,111,17,514930,516930,516430,516450,516630
25430,111,17,520910,522910,522410,522430,522610
25431,111,17,523100,524930,524600,524620,524630
25432,111,17,526310,528320,527810,527830,528020
25433,111,17,530510,532510,532010,532030,532210
25434,111,17,564800,566800,566300,566320,566500
25435,111,18,7260,9270,8760,8790,8970
25436,111,18,13700,15710,15200,15220,15410
25437,111,18,18110,20110,19610,19630,19810
25438,111,18,32290,34290,33790,33810,33990
25439,111,18,40880,42890,42380,42400,42590
25440,111,18,45050,47060,46550,46570,46760
25441,111,18,51360,53210,52860,52880,52910
25442,111,18,65920,68000,67420,67440,67700
25443,111,18,65950,75960,67450,75650,75660
25444,111,18,74160,76170,75660,75680,75870
25445,111,18,79570,81400,81070,81090,81100
25446,111,18,79600,87880,81100,87570,87580
25447,111,18,86080,88090,87580,87600,87790
25448,111,18,92090,93970,93590,93610,93670
25449,111,18,101330,103340,102830,102850,103040
25450,111,18,115340,117340,116840,116860,117040
25451,111,18,130240,132250,131740,131760,131950
25452,111,18,132760,134760,134260,134280,134460
25453,111,18,140260,142260,141760,141780,141960
25454,111,18,141490,143500,142990,143010,143200
25455,111,18,154120,156120,155620,155640,155820
25456,111,18,156140,158140,157640,157660,157840
25457,111,18,179800,181690,181300,181320,181390
25458,111,18,185460,187470,186960,186980,187170
25459,111,18,194980,196980,196480,196500,196680
25460,111,18,198580,200540,200080,200100,200240
25461,111,18,207190,209190,208690,208710,208890
25462,111,18,223300,225300,224800,224820,225000
25463,111,18,231040,233050,232540,232560,232750
25464,111,18,272180,274190,273680,273700,273890
25465,111,18,278470,280570,279970,279990,280270
25466,111,18,291370,293380,292870,292900,293080
25467,111,18,296870,298850,298370,298390,298550
25468,111,18,300990,302990,302490,302510,302690
25469,111,18,305560,307570,307060,307080,307270
25470,111,18,314990,316920,316490,316510,316620
25471,111,18,317750,319750,319250,319270,319450
25472,111,18,321070,323070,322570,322590,322770
25473,111,18,334980,336930,336480,336500,336630
25474,111,18,346190,348190,347690,347710,347890
25475,111,18,349340,351340,350840,350860,351040
25476,111,18,352010,354010,353510,353530,353710
25477,111,18,367590,369590,369090,369110,369290
25478,111,18,373070,375070,374570,374590,374770
25479,111,18,375170,377170,376670,376690,376870
25480,111,18,382860,384860,384360,384380,384560
25481,111,18,389030,391020,390530,390550,390720
25482,111,18,389060,394400,390560,394090,394100
25483,111,18,392600,394680,394100,394120,394380
25484,111,18,397900,399960,399400,399420,399660
25485,111,18,400220,402220,401720,401740,401920
25486,111,18,404860,406910,406360,406380,406610
25487,111,18,415960,417910,417460,417480,417610
25488,111,18,422160,424160,423660,423680,423860
25489,111,18,435640,437640,437140,437160,437340
25490,111,18,440490,442500,441990,442010,442200
25491,111,18,449460,451460,450960,450980,451160
25492,111,18,452130,454130,453630,453650,453830
25493,111,18,462270,464270,463770,463790,463970
25494,111,18,463410,465410,464910,464930,465110
25495,111,18,465670,467680,467170,467190,467380
25496,111,18,470510,472490,472010,472030,472190
25497,111,18,475820,477800,477320,477340,477500
25498,111,18,477010,479020,478510,478530,478720
25499,111,18,479200,481240,480700,480720,480940
25500,111,18,479730,481740,481230,481250,481440
25501,111,18,481980,483940,483480,483500,483640
25502,111,18,486580,488580,488080,488100,488280
25503,111,18,512040,514040,513540,513560,513740
25504,111,18,513570,515590,515070,515090,515290
25505,111,18,539110,541010,540610,540630,540710
25506,111,18,555290,557240,556790,556810,556940
25507,111,18,557990,559900,559490,559510,559600
25508,111,18,568670,570670,570170,570190,570370
25509,111,18,622780,624900,624280,624300,624600
25510,111,18,625560,627490,627060,627080,627190
25511,111,18,632500,634440,634000,634020,634140
25512,111,18,636360,638350,637860,637880,638050
25513,111,18,645610,647610,647110,647130,647310
25514,111,18,648810,650770,650310,650330,650470
25515,111,18,650450,652390,651950,651970,652090
25516,111,18,656110,658070,657610,657640,657770
25517,111,18,665850,667850,667350,667370,667550
25518,111,18,668880,670850,670380,670400,670550
25519,111,18,670030,672030,671530,671550,671730
25520,111,18,673330,675250,674830,674850,674950
25521,111,18,676910,678920,678410,678430,678620
25522,111,18,686310,688280,687810,687830,687980
25523,111,18,703600,705560,705100,705120,705260
25524,111,18,706360,708290,707860,707880,707990
25525,111,18,713910,715880,715410,715430,715580
25526,111,18,719130,721130,720630,720650,720830
25527,111,18,724720,726770,726220,726240,726470
25528,111,18,730740,732700,732240,732260,732400
25529,111,18,748350,750320,749850,749870,750020
25530,111,18,750030,752170,751530,751550,751870
25531,111,18,753180,755140,754680,754700,754840
25532,111,19,26470,28480,27970,27990,28180
25533,111,19,40280,42280,41780,41800,41980
25534,111,19,49760,51720,51260,51280,51420
25535,111,19,51620,53620,53120,53140,53320
25536,111,19,120570,122570,122070,122090,122270
25537,111,19,126520,128630,128020,128040,128330
25538,111,19,140400,142360,141900,141920,142060
25539,111,19,155600,157610,157100,157120,157310
25540,111,19,170110,172060,171610,171630,171760
25541,111,19,186250,188130,187750,187770,187830
25542,111,19,194360,196360,195860,195880,196060
25543,111,19,196630,198630,198130,198150,198330
25544,111,19,202990,204990,204490,204510,204690
25545,111,19,205200,207210,206700,206720,206910
25546,111,19,208710,210710,210210,210230,210410
25547,111,19,210620,212620,212120,212140,212320
25548,111,20,28640,30580,30140,30160,30280
25549,111,20,40150,42270,41650,41670,41970
25550,111,20,46710,48560,48210,48230,48260
25551,111,20,46740,49010,48240,48700,48710
25552,111,20,47210,49070,48710,48730,48770
25553,111,20,56250,58230,57750,57770,57930
25554,111,20,58910,60920,60410,60440,60620
25555,111,20,73660,75850,75160,75180,75550
25556,111,20,87350,89350,88850,88870,89050
25557,111,20,95230,97150,96730,96750,96850
25558,111,21,22130,23990,23630,23650,23690
25559,111,21,60490,62500,61990,62010,62200
25560,111,21,64400,66400,65900,65920,66100
25561,111,21,68830,70780,70330,70350,70480
25562,111,21,83470,85480,84970,84990,85180
25563,111,21,85010,87000,86510,86530,86700
25564,111,21,87620,89640,89120,89140,89340
25565,111,21,90200,92100,91700,91720,91800
25566,111,21,138820,140760,140320,140340,140460
25567,111,21,144280,146230,145780,145800,145930
25568,111,21,165650,167610,167150,167170,167310
25569,111,21,194370,196370,195870,195890,196070
25570,111,22,22280,24230,23780,23800,23930
25571,111,22,37800,39730,39300,39320,39430
25572,111,22,40980,42900,42480,42500,42600
25573,111,22,54980,56990,56480,56500,56690
25574,111,22,94040,96010,95540,95560,95710
25575,111,22,94070,98000,95570,97690,97700
25576,111,22,96200,98190,97700,97720,97890
25577,111,22,101330,103160,102830,102850,102860
25578,111,25,38520,40350,40020,40040,40050
25579,111,25,40980,42980,42480,42500,42680
25580,111,25,41990,44000,43490,43510,43700
25581,111,25,60080,62100,61580,61600,61800
25582,111,25,63130,65090,64630,64650,64790
25583,111,25,64820,66830,66320,66340,66530
25584,111,25,66740,68740,68240,68260,68440
25585,111,25,72770,74760,74270,74290,74460
25586,111,25,74220,76220,75720,75740,75920
25587,111,25,99300,101310,100800,100820,101010
25588,111,25,102260,104180,103760,103780,103880
25589,111,25,105500,107610,107000,107020,107310
25590,111,25,159530,161480,161030,161050,161180
25591,111,25,179500,181370,181000,181020,181070
25592,111,25,207200,209330,208700,208720,209030
25593,111,25,207230,212370,208730,212060,212070
25594,111,25,210570,212570,212070,212090,212270
25595,111,30,127510,129340,129010,129030,129040
25596,111,30,142910,144830,144410,144430,144530
25597,111,31,254620,256550,256120,256140,256250
25598,111,31,267560,269450,269060,269080,269150
25599,111,32,37080,39210,38580,38600,38910
25600,111,32,42850,44850,44350,44370,44550
25601,111,32,44880,46880,46380,46400,46580
25602,111,32,52190,54190,53690,53710,53890
25603,111,32,58040,59970,59540,59560,59670
25604,111,32,61940,63840,63440,63460,63540
25605,111,32,67310,69320,68810,68830,69020
25606,111,32,69030,71030,70530,70550,70730
25607,111,32,90060,91900,91560,91580,91600
25608,111,32,93670,95620,95170,95190,95320
25609,111,32,97340,99310,98840,98860,99010
25610,111,32,104080,106080,105580,105600,105780
25611,111,32,168850,170790,170350,170370,170490
25612,111,32,194610,196610,196110,196130,196310
25613,111,32,196670,198680,198170,198190,198380
25614,111,32,213780,215690,215280,215300,215390
25615,111,32,220950,223000,222450,222470,222700
25616,111,32,223740,225710,225240,225260,225410
25617,111,33,16390,18400,17890,17910,18100
25618,111,33,36640,38590,38140,38160,38290
25619,111,33,38000,39890,39500,39520,39590
25620,111,33,39260,41180,40760,40780,40880
25621,111,33,42930,44780,44430,44450,44480
25622,111,33,48270,50270,49770,49790,49970
25623,111,33,51170,53180,52670,52690,52880
25624,111,33,53710,55630,55210,55230,55330
25625,111,33,83830,85810,85330,85350,85510
25626,111,33,88540,90540,90040,90060,90240
25627,111,33,93120,95120,94620,94640,94820
25628,111,33,93150,95420,94650,95110,95120
25629,111,33,93620,95480,95120,95140,95180
25630,111,33,97900,99900,99400,99420,99600
25631,111,33,99680,101680,101180,101200,101380
25632,111,33,104200,106130,105700,105720,105830
25633,111,35,62090,64090,63590,63610,63790
25634,111,35,65680,67680,67180,67200,67380
25635,111,42,35580,37530,37080,37100,37230
25636,111,42,38630,40630,40130,40150,40330
25637,111,42,41420,43420,42920,42940,43120
25638,111,42,46910,48880,48410,48430,48580
25639,111,42,68770,70710,70270,70290,70410
25640,111,42,70980,72980,72480,72500,72680
25641,111,42,86400,88410,87900,87930,88110
25642,111,42,92260,94160,93760,93780,93860
25643,111,42,114800,116800,116300,116320,116500
25644,111,42,122660,124890,124160,124180,124590
25645,111,42,149220,151110,150720,150740,150810
25646,111,42,172080,174040,173580,173600,173740
25647,111,42,204240,206240,205740,205760,205940
25648,111,42,212040,213870,213540,213560,213570
25649,111,42,233070,235050,234570,234590,234750
25650,111,43,25080,27080,26580,26600,26780
25651,111,43,25110,32620,26610,32310,32320
25652,111,43,30820,32700,32320,32340,32400
25653,111,43,37470,39400,38970,38990,39100
25654,111,43,48180,50190,49680,49700,49890
25655,111,43,76550,78480,78050,78070,78180
25656,111,43,81450,83570,82950,82970,83270
25657,111,43,112110,114150,113610,113630,113850
25658,111,43,118770,120820,120270,120290,120520
25659,111,43,152160,154030,153660,153680,153730
25660,111,43,157430,159380,158930,158950,159080
25661,111,43,159980,161890,161480,161500,161590
25662,111,43,176400,178310,177900,177930,178010
25663,111,43,213220,215240,214720,214740,214940
25664,111,43,217850,219990,219350,219370,219690
25665,111,43,218550,220440,220050,220070,220140
25666,111,48,31600,33610,33100,33120,33310
25667,111,48,35060,37020,36560,36580,36720
25668,111,48,40560,42620,42060,42080,42320
25669,111,48,72440,74430,73940,73960,74130
25670,111,48,74720,76720,76220,76240,76420
25671,111,48,74750,77020,76250,76710,76720
25672,111,48,75220,77220,76720,76740,76920
25673,111,48,75720,77850,77220,77240,77550
25674,111,48,207200,209210,208700,208720,208910
25675,111,48,238990,240940,240490,240510,240640
25676,111,50,48890,50860,50390,50410,50560
25677,111,50,79580,81510,81080,81100,81210
25678,111,50,94070,96070,95570,95590,95770
25679,111,50,106010,108010,107510,107530,107710
25680,111,50,117120,119110,118620,118650,118810
25681,111,50,117160,128800,118660,128490,128500
25682,111,50,127000,128970,128500,128520,128670
25683,111,50,136930,138930,138430,138450,138630
25684,111,50,149870,151790,151370,151390,151490
25685,111,50,165040,166870,166540,166560,166570
25686,111,50,193630,195630,195130,195150,195330
25687,111,50,201570,203410,203070,203090,203110
25688,111,51,34220,36220,35720,35740,35920
25689,111,51,37810,39700,39310,39330,39400
25690,111,51,50500,52500,52000,52020,52200
25691,111,51,54280,56530,55780,55800,56230
25692,111,51,98850,100760,100350,100370,100460
25693,111,51,112850,114680,114350,114370,114380
25694,111,51,186750,188710,188250,188270,188410
25695,111,51,190330,192300,191830,191850,192000
25696,111,51,210980,212990,212480,212500,212690
25697,111,51,213860,215860,215360,215380,215560
25698,111,51,217940,219950,219440,219460,219650
25699,111,51,227040,229050,228540,228560,228750
25700,111,52,28990,30990,30490,30510,30690
25701,111,52,34570,36480,36070,36090,36180
25702,111,52,58320,60340,59820,59840,60040
25703,111,52,75240,77170,76740,76760,76870
25704,111,52,78560,80500,80060,80080,80200
25705,111,52,84120,86120,85620,85640,85820
25706,111,52,150710,152700,152210,152230,152400
25707,111,52,154820,156770,156320,156340,156470
25708,111,52,155490,157440,156990,157010,157140
25709,111,52,173640,175590,175140,175160,175290
25710,111,52,176490,178500,177990,178010,178200
25711,111,52,183810,185810,185310,185330,185510
25712,111,52,194960,196960,196460,196480,196660
25713,111,52,209510,211370,211010,211030,211070
25714,111,52,215150,216980,216650,216670,216680
25715,111,52,216910,218800,218410,218430,218500
25716,111,61,92390,94350,93890,93910,94050
25717,111,61,118170,120170,119670,119690,119870
25718,111,61,123950,125890,125450,125470,125590
25719,111,61,138900,140910,140400,140420,140610
25720,111,62,264280,266140,265780,265800,265840
25721,111,62,265400,267400,266900,266920,267100
25722,111,62,269240,271240,270740,270760,270940
25723,111,62,271750,273580,273250,273270,273280
25724,111,62,285020,287020,286520,286540,286720
25725,111,62,296910,298830,298410,298430,298530
25726,111,62,300490,302450,301990,302010,302150
25727,111,62,311370,313380,312870,312890,313080
25728,111,62,318850,320770,320350,320370,320470
25729,111,70,111570,113570,113070,113090,113270
25730,111,70,113840,115790,115340,115360,115490
25731,111,70,118260,120210,119760,119780,119910
25732,111,70,119450,121450,120950,120970,121150
25733,111,70,121240,123130,122740,122760,122830
25734,111,70,130780,132780,132280,132300,132480
25735,111,70,140580,142520,142080,142110,142220
25736,111,70,143340,145340,144840,144860,145040
25737,111,70,149160,151160,150660,150680,150860
25738,111,70,154790,156690,156290,156310,156390
25739,111,70,159040,161130,160540,160560,160830
25740,111,70,159540,161450,161040,161060,161150
25741,111,72,72030,74030,73530,73550,73730
25742,111,72,77530,79540,79030,79050,79240
25743,111,72,80230,82230,81730,81750,81930
25744,111,72,116500,118520,118000,118020,118220
25745,111,73,24200,26200,25700,25720,25900
25746,111,73,34280,36280,35780,35800,35980
25747,111,73,65390,67390,66890,66910,67090
25748,111,73,69420,71250,70920,70940,70950
25749,111,73,83170,85130,84670,84690,84830
25750,111,73,84630,86640,86130,86150,86340
25751,111,73,86850,88850,88350,88370,88550
25752,111,73,89910,91900,91410,91430,91600
25753,111,73,92520,94450,94020,94040,94150
25754,111,73,105100,107190,106600,106620,106890
25755,111,73,107730,109680,109230,109250,109380
25756,111,73,123120,125050,124620,124640,124750
25757,111,73,125290,127220,126790,126810,126920
25758,111,73,133180,135040,134680,134700,134740
25759,111,73,161030,162880,162530,162550,162580
25760,111,73,166130,168250,167630,167650,167950
25761,111,73,189450,191560,190950,190970,191260
25762,111,73,196010,197850,197510,197530,197550
25763,111,73,203730,205740,205230,205250,205440
25764,111,73,207640,209640,209140,209160,209340
25765,111,73,209470,211470,210970,210990,211170
25766,111,73,214480,216320,215980,216000,216020
25767,111,73,222220,224180,223720,223740,223880
25768,111,74,20840,22840,22340,22360,22540
25769,111,74,37440,39370,38940,38960,39070
25770,111,74,46790,48810,48290,48310,48510
25771,111,74,57600,59620,59100,59120,59320
25772,111,74,81560,83430,83060,83080,83130
25773,111,74,83430,85330,84930,84950,85030
25774,111,74,84260,86180,85760,85780,85880
25775,111,74,111890,114050,113390,113410,113750
25776,111,74,114420,116440,115920,115950,116140
25777,111,74,125680,127680,127180,127200,127380
25778,111,78,55860,57830,57360,57380,57530
25779,111,78,70610,72620,72110,72130,72320
25780,111,78,74770,76770,76270,76290,76470
25781,111,78,80550,82560,82050,82070,82260
25782,111,78,88030,89980,89530,89550,89680
25783,111,78,171260,173210,172760,172780,172910
25784,111,78,198000,199990,199500,199520,199690
25785,111,78,229070,230910,230570,230590,230610
25786,111,78,236810,238810,238310,238330,238510
25787,111,78,240430,242460,241930,241950,242160
25788,111,78,245950,247840,247450,247470,247540
25789,111,78,254300,256220,255800,255820,255920
25790,111,78,255930,257920,257430,257450,257620
25791,111,81,22350,24280,23850,23870,23980
25792,111,81,26090,28090,27590,27610,27790
25793,111,81,28110,30110,29610,29630,29810
25794,111,81,32580,34590,34080,34100,34290
25795,111,81,41190,43120,42690,42710,42820
25796,111,81,48110,50210,49610,49630,49910
25797,111,81,87960,89970,89460,89490,89670
25798,111,81,104520,106480,106020,106040,106180
25799,111,81,110300,112180,111800,111820,111880
25800,111,81,115970,117820,117470,117490,117520
25801,111,81,121420,123440,122920,122940,123140
25802,111,81,126050,128020,127550,127570,127720
25803,111,81,129730,131660,131230,131250,131360
25804,111,81,143690,145640,145190,145210,145340
25805,111,81,147730,149740,149230,149250,149440
25806,111,81,150240,152100,151740,151760,151800
25807,111,81,151370,153200,152870,152890,152900
25808,111,81,153100,155010,154600,154620,154710
25809,111,81,179050,180880,180550,180570,180580
25810,111,81,181500,183490,183000,183020,183190
25811,111,81,182880,184960,184380,184400,184660
25812,111,81,184610,186620,186110,186130,186320
25813,111,81,188660,190550,190160,190180,190250
25814,111,81,191730,193730,193230,193250,193430
25815,111,81,203020,205020,204520,204540,204720
25816,111,81,207740,209750,209240,209260,209450
25817,111,81,212650,214570,214150,214170,214270
25818,111,104,23810,25810,25310,25330,25510
25819,111,105,44880,46890,46380,46400,46590
25820,111,105,46800,48800,48300,48320,48500
25821,111,106,44770,46620,46270,46290,46320
25822,111,106,47160,49060,48660,48680,48760
25823,111,106,55180,57150,56680,56700,56850
25824,111,106,100300,102300,101800,101820,102000
25825,111,107,22750,24750,24250,24270,24450
25826,111,107,38620,40620,40120,40140,40320
25827,111,107,41720,43720,43220,43240,43420
25828,111,107,44680,46610,46180,46200,46310
25829,111,107,48450,50570,49950,49970,50270
25830,111,115,30250,32250,31750,31770,31950
25831,111,115,36580,38700,38080,38100,38400
25832,111,115,37660,39550,39160,39180,39250
25833,111,115,51290,53290,52790,52810,52990
25834,111,115,59090,61090,60590,60610,60790
25835,111,115,62530,64470,64030,64050,64170
25836,111,115,84850,86760,86350,86370,86460
25837,111,115,92940,94850,94440,94460,94550
25838,111,115,95120,97010,96620,96640,96710
25839,111,115,165040,167020,166540,166560,166720
25840,111,115,174130,176100,175630,175650,175800
25841,111,115,192990,195100,194490,194510,194800
25842,111,115,200540,202550,202040,202060,202250
25843,111,115,200570,208820,202070,208510,208520
25844,111,115,207020,208940,208520,208540,208640
25845,111,115,208980,210980,210480,210500,210680
25846,111,115,209530,211530,211030,211050,211230
25847,111,115,215410,217410,216910,216930,217110
25848,111,115,216820,218820,218320,218340,218520
25849,111,115,222620,224670,224120,224140,224370
25850,111,115,225500,227500,227000,227020,227200
25851,111,115,228530,230480,230030,230050,230180
25852,111,117,51080,53090,52580,52600,52790
25853,111,117,52480,54410,53980,54000,54110
25854,111,117,56930,58760,58430,58450,58460
25855,111,117,105410,107370,106910,106930,107070
25856,111,117,109560,111500,111060,111080,111200
25857,111,117,111700,113670,113200,113220,113370
25858,111,117,115370,117370,116870,116900,117070
25859,111,117,130520,132460,132020,132040,132160
25860,111,117,152570,154570,154070,154090,154270
25861,111,117,173330,175450,174830,174850,175150
25862,111,117,208310,210310,209810,209830,210010
25863,111,117,210460,212430,211960,211980,212130
25864,111,117,214930,216930,216430,216450,216630
25865,111,117,214960,217230,216460,216920,216930
25866,111,117,215430,217260,216930,216950,216960
25867,111,121,66170,68130,67670,67700,67830
25868,111,121,72920,74890,74420,74440,74590
25869,111,121,79900,81730,81400,81420,81430
25870,111,121,83490,85430,84990,85010,85130
25871,111,121,90780,92690,92280,92300,92390
25872,111,121,92720,94770,94220,94240,94470
25873,111,121,96500,98500,98000,98020,98200
25874,111,121,105650,107660,107150,107170,107360
25875,111,121,142460,144380,143960,143980,144080
25876,111,121,208160,210100,209660,209680,209800
25877,111,121,240770,242770,242270,242290,242470
25878,111,121,245310,247370,246810,246830,247070
25879,111,121,258190,260190,259690,259710,259890
25880,111,122,17520,19450,19020,19050,19150
25881,111,122,52750,54750,54250,54270,54450
25882,111,122,54910,56910,56410,56430,56610
25883,111,122,80770,82710,82270,82290,82410
25884,111,122,82380,84390,83880,83900,84090
25885,111,122,85670,87580,87170,87190,87280
25886,111,122,108070,110070,109570,109590,109770
25887,111,122,151990,153970,153490,153510,153670
25888,111,122,154140,155990,155640,155660,155690
25889,111,122,178860,180840,180360,180380,180540
25890,111,122,183810,185870,185310,185330,185570
25891,111,122,208900,210900,210400,210420,210600
25892,111,122,213940,215880,215440,215460,215580
25893,111,127,68960,70860,70460,70480,70560
25894,111,127,72540,74550,74040,74060,74250
25895,111,127,100770,102710,102270,102290,102410
25896,111,127,102190,104090,103690,103710,103790
25897,111,127,103470,105340,104970,104990,105040
25898,111,127,146410,148410,147910,147930,148110
25899,111,127,171350,173480,172850,172870,173180
25900,111,127,174860,176690,176360,176380,176390
25901,111,127,175710,177650,177210,177230,177350
25902,111,127,196920,198920,198420,198440,198620
25903,111,127,196950,203620,198450,203310,203320
25904,111,127,201820,203760,203320,203340,203460
25905,111,127,204100,206110,205600,205620,205810
25906,111,127,237890,239750,239390,239410,239450
25907,111,127,240500,242410,242000,242020,242110
25908,111,128,27780,29770,29280,29300,29470
25909,111,128,34690,36570,36190,36210,36270
25910,111,128,37150,39270,38650,38670,38970
25911,111,128,40780,42770,42280,42300,42470
25912,111,128,61150,63000,62650,62670,62700
25913,111,128,79630,81580,81130,81150,81280
25914,111,128,80820,82750,82320,82340,82450
25915,111,128,87530,89530,89030,89050,89230
25916,111,128,104240,106120,105740,105760,105820
25917,111,128,161890,163770,163390,163410,163470
25918,111,128,177480,179610,178980,179000,179310
25919,111,128,190670,192700,192170,192190,192400
25920,111,128,193230,195170,194730,194750,194870
25921,111,128,198000,199830,199500,199520,199530
25922,111,128,205790,207810,207290,207310,207510
25923,111,128,207530,209530,209030,209050,209230
25924,111,128,210960,212970,212460,212480,212670
25925,111,128,213080,214960,214580,214600,214660
25926,111,131,45550,47560,47050,47080,47260
25927,111,131,51420,53370,52920,52940,53070
25928,111,131,67650,69650,69150,69170,69350
25929,111,131,71480,73540,72980,73000,73240
25930,111,131,72560,74560,74060,74080,74260
25931,111,131,82760,84660,84260,84280,84360
25932,111,131,84540,86540,86040,86060,86240
25933,111,131,86360,88360,87860,87880,88060
25934,111,131,104910,106840,106410,106430,106540
25935,111,131,108690,110810,110190,110210,110510
25936,111,131,124120,126130,125620,125640,125830
25937,111,131,126650,128570,128150,128170,128270
25938,111,131,141290,143320,142790,142810,143020
25939,111,131,152770,154750,154270,154290,154450
25940,111,131,212390,214250,213890,213910,213950
25941,111,131,245160,247200,246660,246680,246900
25942,111,133,55720,57730,57220,57240,57430
25943,111,133,57110,59100,58610,58630,58800
25944,111,133,64080,66110,65580,65600,65810
25945,111,133,83410,85410,84910,84930,85110
25946,111,133,84890,86890,86390,86410,86590
25947,112,91,73790,75800,75290,75310,75500
25948,112,103,70050,72050,71550,71570,71750
25949,112,103,86170,88180,87670,87690,87880
25950,112,103,91520,93520,93020,93040,93220
25951,112,106,111280,113340,112780,112810,113040
25952,112,136,31060,33030,32560,32580,32730
25953,112,136,38110,40160,39610,39630,39860
25954,112,140,23910,25910,25410,25430,25610
25955,112,140,25020,26950,26520,26540,26650
25956,112,148,7630,9630,9130,9150,9330
25957,112,196,99150,101150,100650,100670,100850
25958,112,196,104670,106590,106170,106190,106290
25959,112,196,109220,111130,110720,110740,110830
25960,112,196,118400,120390,119900,119920,120090
25961,112,291,10910,12900,12410,12430,12600
25962,112,291,58680,60650,60180,60200,60350
25963,112,299,29530,31570,31030,31050,31270
25964,112,325,12350,14350,13850,13870,14050
25965,112,325,29040,30980,30540,30560,30680
25966,112,325,35980,37980,37480,37500,37680
25967,112,325,52120,54190,53620,53640,53890
25968,112,345,23230,25230,24730,24750,24930
25969,112,346,30540,32540,32040,32060,32240
25970,112,346,35980,37910,37480,37500,37610
25971,112,346,41820,43830,43320,43340,43530
25972,112,346,60770,62780,62270,62290,62480
25973,113,1,219870,221730,221370,221390,221430
25974,113,1,221830,223900,223330,223350,223600
25975,113,1,237530,239440,239030,239050,239140
25976,113,1,242690,244570,244190,244210,244270
25977,113,1,256970,258920,258470,258490,258620
25978,113,1,269430,271470,270930,270950,271170
25979,113,1,285550,287430,287050,287070,287130
25980,113,1,289630,291570,291130,291150,291270
25981,113,12,24780,26750,26280,26300,26450
25982,113,12,53880,55860,55380,55400,55560
25983,113,15,152800,154950,154300,154320,154650
25984,113,15,155750,157750,157250,157270,157450
25985,113,15,156980,158820,158480,158510,158520
25986,113,17,47240,49110,48740,48760,48810
25987,113,17,82830,84830,84330,84350,84530
25988,113,23,132810,134730,134310,134330,134430
25989,113,24,67290,69270,68790,68810,68970
25990,113,24,73180,75540,74680,74700,75240
25991,113,44,49720,51550,51220,51240,51250
25992,113,44,53230,55230,54730,54750,54930
25993,113,57,31470,33430,32970,32990,33130
25994,113,57,37130,39040,38630,38650,38740
25995,113,57,44850,46850,46350,46370,46550
25996,113,57,46110,48120,47610,47630,47820
25997,113,87,41320,43370,42820,42840,43070
25998,113,113,137050,139010,138550,138570,138710
25999,113,114,43390,45340,44890,44910,45040
26000,113,114,57640,59640,59140,59160,59340
26001,113,114,58610,60610,60110,60130,60310
26002,113,125,151930,154120,153430,153450,153820
26003,113,125,159750,161760,161250,161270,161460
26004,113,136,85860,87870,87360,87380,87570
26005,113,136,134290,136240,135790,135820,135940
26006,113,145,189440,191450,190940,190960,191150
26007,113,149,42820,44940,44320,44340,44640
26008,113,164,45890,47890,47390,47410,47590
26009,113,179,40860,42850,42360,42380,42550
26010,113,179,134560,136400,136060,136090,136100
26011,113,179,144060,146010,145560,145580,145710
26012,113,179,155150,157150,156650,156670,156850
26013,113,179,157330,159470,158830,158850,159170
26014,113,179,446500,448330,448000,448020,448030
26015,113,179,468090,470200,469590,469610,469900
26016,113,179,472110,474220,473610,473630,473920
26017,113,179,537810,539810,539310,539330,539510
26018,113,179,567530,569530,569030,569050,569230
26019,113,179,687320,689430,688820,688840,689130
26020,113,179,698580,700550,700080,700100,700250
26021,113,179,771260,773260,772760,772780,772960
26022,113,179,862920,864980,864420,864440,864680
26023,113,184,143310,145220,144810,144830,144920
26024,113,184,173430,175470,174930,174950,175170
26025,113,184,352560,354570,354060,354080,354270
26026,113,218,37100,39000,38600,38620,38700
26027,113,218,120500,122340,122000,122020,122040
26028,113,261,40030,42490,41530,41550,42190
26029,113,261,56520,58520,58020,58040,58220
26030,113,264,116080,118080,117580,117600,117780
26031,113,264,137180,139180,138680,138700,138880
26032,113,264,140000,142000,141500,141520,141700
26033,113,264,163680,165510,165180,165200,165210
26034,113,264,165510,167510,167010,167030,167210
26035,113,264,182540,184550,184040,184070,184250
26036,113,264,194720,196610,196220,196240,196310
26037,113,264,212310,214320,213810,213840,214020
26038,113,265,320740,322740,322240,322260,322440
26039,113,265,323270,325280,324770,324790,324980
26040,113,265,349430,351340,350930,350950,351040
26041,113,265,352450,354520,353950,353980,354220
26042,113,265,379720,381690,381220,381240,381390
26043,113,265,397950,399970,399450,399470,399670
26044,113,265,412080,413910,413580,413600,413610
26045,113,265,412580,414580,414080,414100,414280
26046,113,270,52160,54000,53660,53680,53700
26047,113,281,132290,134340,133790,133810,134040
26048,113,281,132810,134810,134310,134330,134510
26049,113,281,142250,144250,143750,143770,143950
26050,113,281,150940,152770,152440,152460,152470
26051,113,281,155800,157850,157300,157320,157550
26052,113,281,175180,177300,176680,176700,177000
26053,113,281,179560,181570,181060,181080,181270
26054,113,281,242090,244070,243590,243610,243770
26055,114,4,20210,22210,21710,21730,21910
26056,114,4,31570,33570,33070,33090,33270
26057,114,4,55410,57410,56910,56930,57110
26058,114,4,67690,69590,69190,69210,69290
26059,114,4,72170,74180,73670,73690,73880
26060,114,5,42560,44540,44060,44080,44240
26061,114,5,45390,47260,46890,46910,46960
26062,114,5,88990,91000,90490,90510,90700
26063,114,5,89500,91350,91000,91020,91050
26064,114,7,33150,35150,34650,34670,34850
26065,114,7,36340,38340,37840,37860,38040
26066,114,7,39390,41240,40890,40920,40940
26067,114,7,46810,48720,48310,48330,48420
26068,114,7,51070,52990,52570,52590,52690
26069,114,7,71690,73660,73190,73210,73360
26070,114,7,78310,80240,79810,79830,79940
26071,114,20,44610,46610,46110,46130,46310
26072,114,20,61290,63180,62790,62810,62880
26073,114,20,68320,70330,69820,69840,70030
26074,114,21,39880,41830,41380,41400,41530
26075,114,21,40880,42800,42380,42400,42500
26076,114,21,59660,61660,61160,61180,61360
26077,114,21,62140,64160,63640,63660,63860
26078,114,21,87750,89640,89250,89270,89340
26079,114,21,88290,90200,89790,89810,89900
26080,114,23,46740,48740,48240,48260,48440
26081,114,23,70030,71920,71530,71550,71620
26082,114,24,44880,46860,46380,46400,46560
26083,114,24,66870,68870,68370,68390,68570
26084,114,24,73770,75810,75270,75290,75510
26085,114,24,79130,81130,80630,80650,80830
26086,114,24,91600,93730,93100,93120,93430
26087,114,24,94760,96660,96260,96280,96360
26088,114,25,36000,38000,37500,37520,37700
26089,114,25,50490,52470,51990,52010,52170
26090,114,25,60130,62030,61630,61650,61730
26091,114,25,63370,65270,64870,64890,64970
26092,114,25,69490,71490,70990,71010,71190
26093,114,25,71070,72940,72570,72590,72640
26094,114,25,85800,87800,87300,87320,87500
26095,114,25,95300,97300,96800,96820,97000
26096,114,25,96790,98680,98290,98310,98380
26097,114,25,101090,103020,102590,102610,102720
26098,114,36,69290,71270,70790,70810,70970
26099,114,36,88870,90800,90370,90390,90500
26100,114,36,90360,92310,91860,91880,92010
26101,114,38,39680,41580,41180,41200,41280
26102,114,41,31020,33030,32520,32540,32730
26103,114,41,31050,35810,32550,35500,35510
26104,114,41,34010,36020,35510,35530,35720
26105,114,41,50010,52020,51510,51530,51720
26106,114,41,70280,72270,71780,71800,71970
26107,114,42,40040,42190,41540,41560,41890
26108,114,42,40070,57060,41570,56750,56760
26109,114,42,55260,57170,56760,56780,56870
26110,114,42,66170,68080,67670,67690,67780
26111,114,42,71140,73140,72640,72660,72840
26112,114,42,82330,84330,83830,83850,84030
26113,114,42,91180,93180,92680,92700,92880
26114,114,42,92730,94630,94230,94250,94330
26115,114,43,140070,141980,141570,141590,141680
26116,114,43,213110,215240,214610,214630,214940
26117,114,43,215810,217660,217310,217330,217360
26118,114,43,229730,231730,231230,231250,231430
26119,114,44,32080,34130,33580,33600,33830
26120,114,44,80770,82700,82270,82290,82400
26121,114,44,92120,94130,93620,93640,93830
26122,114,44,97370,99380,98870,98890,99080
26123,114,44,113380,115390,114880,114900,115090
26124,114,48,18890,20890,20390,20410,20590
26125,114,48,18920,21190,20420,20880,20890
26126,114,48,19390,21240,20890,20910,20940
26127,114,48,46470,48480,47970,47990,48180
26128,114,48,48660,50670,50160,50180,50370
26129,114,48,58950,60870,60450,60470,60570
26130,114,51,61970,63980,63470,63490,63680
26131,114,55,19670,21500,21170,21190,21200
26132,114,55,31660,33650,33160,33180,33350
26133,114,55,38160,40160,39660,39680,39860
26134,114,55,51980,53960,53480,53500,53660
26135,114,55,59700,61700,61200,61220,61400
26136,114,55,73500,75380,75000,75020,75080
26137,114,65,72360,74270,73860,73880,73970
26138,114,80,50120,52100,51620,51640,51800
26139,114,80,85740,87580,87240,87260,87280
26140,114,80,100750,102580,102250,102270,102280
26141,114,80,101370,103370,102870,102890,103070
26142,114,81,21850,23880,23350,23370,23580
26143,114,81,25620,27620,27120,27140,27320
26144,114,81,36980,38990,38480,38500,38690
26145,114,81,67110,69060,68610,68630,68760
26146,114,82,45120,46960,46620,46640,46660
26147,114,82,50280,52210,51780,51800,51910
26148,114,82,57620,59620,59120,59140,59320
26149,114,82,61540,63620,63040,63060,63320
26150,114,82,63360,65360,64860,64880,65060
26151,114,82,67290,69190,68790,68810,68890
26152,114,82,70220,72220,71720,71740,71920
26153,114,82,92220,94320,93720,93740,94020
26154,114,82,92250,94520,93750,94210,94220
26155,114,82,92720,94710,94220,94240,94410
26156,114,83,35420,37420,36920,36940,37120
26157,114,83,35450,49940,36950,49630,49640
26158,114,83,48140,50110,49640,49660,49810
26159,114,83,57080,59090,58580,58600,58790
26160,114,83,58460,60460,59960,59980,60160
26161,114,83,72690,74700,74190,74210,74400
26162,114,83,73920,75770,75420,75440,75470
26163,114,83,76310,78210,77810,77830,77910
26164,114,83,77870,79750,79370,79390,79450
26165,114,87,65560,67780,67060,67080,67480
26166,114,87,75710,77750,77210,77230,77450
26167,114,97,19550,21500,21050,21070,21200
26168,114,97,19580,21840,21080,21530,21540
26169,114,97,20040,21880,21540,21570,21580
26170,114,97,34440,36430,35940,35960,36130
26171,114,97,34470,60040,35970,59730,59740
26172,114,97,58240,60240,59740,59760,59940
26173,114,102,46570,48570,48070,48090,48270
26174,114,102,56540,58550,58040,58060,58250
26175,114,102,77060,78980,78560,78580,78680
26176,114,102,83200,85320,84700,84720,85020
26177,114,102,87700,89700,89200,89220,89400
26178,114,102,88440,90450,89940,89960,90150
26179,114,109,20570,22650,22070,22090,22350
26180,114,109,35120,37120,36620,36640,36820
26181,114,109,46320,48330,47820,47840,48030
26182,114,109,64820,66710,66320,66340,66410
26183,114,109,68470,70470,69970,69990,70170
26184,114,110,49620,51680,51120,51140,51380
26185,114,112,30510,32390,32010,32040,32090
26186,114,112,49430,51430,50930,50950,51130
26187,114,112,57650,59650,59150,59170,59350
26188,114,112,70500,72470,72000,72020,72170
26189,114,113,57550,59550,59050,59070,59250
26190,114,113,64050,65970,65550,65570,65670
26191,114,115,21030,23030,22530,22550,22730
26192,114,128,28720,30580,30220,30240,30280
26193,114,128,48840,50840,50340,50360,50540
26194,114,128,52280,54290,53780,53800,53990
26195,114,128,53260,55180,54760,54780,54880
26196,114,128,54900,56910,56400,56420,56610
26197,114,129,61220,63320,62720,62740,63020
26198,114,131,36680,38550,38180,38200,38250
26199,114,131,39550,41590,41050,41070,41290
26200,114,131,42720,44730,44220,44250,44430
26201,114,131,63840,65770,65340,65360,65470
26202,114,131,71670,73670,73170,73190,73370
26203,114,134,24810,26820,26310,26330,26520
26204,114,134,26940,28940,28440,28460,28640
26205,114,134,36420,38320,37920,37940,38020
26206,114,134,69210,71220,70710,70730,70920
26207,114,135,40270,42280,41770,41800,41980
26208,114,135,63070,65360,64570,64590,65060
26209,114,135,79170,81180,80670,80690,80880
26210,114,135,85790,87790,87290,87310,87490
26211,114,135,88440,90450,89940,89960,90150
26212,114,135,88470,90740,89970,90430,90440
26213,114,135,88940,90780,90440,90460,90480
26214,114,136,17690,19700,19190,19210,19400
26215,114,136,19780,21710,21280,21300,21410
26216,114,136,34010,36020,35510,35530,35720
26217,114,136,55020,56990,56520,56540,56690
26218,114,136,68800,70690,70300,70320,70390
26219,114,136,73660,75630,75160,75180,75330
26220,114,137,90890,92900,92390,92410,92600
26221,115,5,60600,62600,62100,62120,62300
26222,115,5,65440,67440,66940,66960,67140
26223,115,5,74570,76580,76070,76090,76280
26224,115,5,87100,89120,88600,88620,88820
26225,115,5,88300,90240,89800,89820,89940
26226,115,5,94440,96440,95940,95960,96140
26227,115,5,103000,105000,104500,104520,104700
26228,115,5,105020,107020,106520,106540,106720
26229,115,5,105940,107950,107440,107460,107650
26230,115,5,111240,113140,112740,112760,112840
26231,115,5,117810,119820,119310,119330,119520
26232,115,5,120170,122180,121670,121690,121880
26233,115,5,130180,132190,131680,131700,131890
26234,115,5,152680,154570,154180,154200,154270
26235,115,8,107750,109760,109250,109270,109460
26236,115,8,121860,123840,123360,123380,123540
26237,115,8,124110,126000,125610,125630,125700
26238,115,8,131650,133660,133150,133170,133360
26239,115,8,133680,135640,135180,135200,135340
26240,115,8,137790,139790,139290,139310,139490
26241,115,8,138950,140950,140450,140470,140650
26242,115,8,144660,146660,146160,146180,146360
26243,115,8,149650,151660,151150,151170,151360
26244,115,8,159070,161070,160570,160590,160770
26245,115,8,163580,165580,165080,165100,165280
26246,115,8,165550,167400,167050,167070,167100
26247,115,55,30920,32950,32420,32440,32650
26248,115,55,32410,34620,33910,33930,34320
26249,115,55,35440,37560,36940,36960,37260
26250,115,55,36890,38890,38390,38410,38590
26251,115,55,40270,42280,41770,41790,41980
26252,115,55,41590,43600,43090,43110,43300
26253,115,55,43390,45390,44890,44910,45090
26254,115,55,47410,49420,48910,48930,49120
26255,115,55,48630,50620,50130,50150,50320
26256,115,55,51900,54210,53400,53420,53910
26257,115,55,61250,63250,62750,62770,62950
26258,115,55,63640,65530,65140,65160,65230
26259,115,55,71390,73400,72890,72910,73100
26260,115,55,79200,81200,80700,80720,80900
26261,115,55,82670,84670,84170,84190,84370
26262,115,55,86370,88300,87870,87890,88000
26263,115,55,91390,93390,92890,92910,93090
26264,115,55,94310,96140,95810,95830,95840
26265,115,55,96350,98280,97850,97870,97980
26266,115,55,103140,105140,104640,104660,104840
26267,115,55,104970,106970,106470,106490,106670
26268,115,55,113900,115740,115400,115420,115440
26269,115,55,113930,117560,115430,117250,117260
26270,115,55,124320,126210,125820,125840,125910
26271,115,55,128010,129840,129510,129530,129540
26272,115,55,130080,131980,131580,131600,131680
26273,115,55,131410,133250,132910,132930,132950
26274,115,55,131440,136140,132940,135830,135840
26275,115,55,134340,136220,135840,135860,135920
26276,115,55,152390,154280,153890,153910,153980
26277,115,55,153680,155580,155180,155200,155280
26278,115,56,18370,20210,19870,19890,19910
26279,115,56,29280,31110,30780,30800,30810
26280,115,56,42890,44890,44390,44410,44590
26281,115,56,48770,50600,50270,50290,50300
26282,115,56,105470,107470,106970,106990,107170
26283,115,56,108950,110950,110450,110470,110650
26284,115,56,110840,112840,112340,112360,112540
26285,115,56,114040,116040,115540,115560,115740
26286,115,56,115410,117410,116910,116930,117110
26287,115,56,116360,118330,117860,117880,118030
26288,115,56,117970,119970,119470,119490,119670
26289,115,56,121840,123860,123340,123360,123560
26290,115,56,141650,143610,143150,143170,143310
26291,115,56,144680,146730,146180,146200,146430
26292,115,56,168550,170550,170050,170070,170250
26293,115,56,173100,175080,174600,174620,174780
26294,115,56,176820,178820,178320,178340,178520
26295,115,56,189370,191330,190870,190890,191030
26296,115,56,193830,195830,195330,195350,195530
26297,115,56,198440,200550,199940,199960,200250
26298,115,56,201950,203950,203450,203470,203650
26299,115,56,203220,205180,204720,204740,204880
26300,115,56,211340,213350,212840,212860,213050
26301,115,56,219490,221450,220990,221010,221150
26302,115,56,229400,231400,230900,230920,231100
26303,115,56,235690,237690,237190,237210,237390
26304,115,56,238750,240750,240250,240270,240450
26305,115,56,239610,241580,241110,241130,241280
26306,115,56,241370,243460,242870,242890,243160
26307,115,56,244240,246170,245740,245760,245870
26308,115,56,247250,249250,248750,248770,248950
26309,115,56,248990,250970,250490,250510,250670
26310,115,56,253100,255100,254600,254620,254800
26311,115,56,263000,265000,264500,264520,264700
26312,115,56,265670,267670,267170,267190,267370
26313,115,56,266930,268930,268430,268450,268630
26314,115,56,269860,271870,271360,271380,271570
26315,115,56,276670,278670,278170,278190,278370
26316,115,56,278870,280880,280370,280390,280580
26317,115,56,286940,288880,288440,288460,288580
26318,115,58,107280,109280,108780,108800,108980
26319,115,58,108540,110540,110040,110060,110240
26320,115,58,111940,113940,113440,113460,113640
26321,115,58,113320,115320,114820,114840,115020
26322,115,58,120800,122800,122300,122320,122500
26323,115,58,135830,137830,137330,137350,137530
26324,115,58,139210,141210,140710,140730,140910
26325,115,58,140630,142630,142130,142150,142330
26326,115,58,144280,146290,145780,145800,145990
26327,115,58,152260,154210,153760,153780,153910
26328,115,58,152910,154920,154410,154430,154620
26329,115,58,172950,174950,174450,174470,174650
26330,115,58,175610,177520,177110,177130,177220
26331,115,58,177800,179810,179300,179330,179510
26332,115,58,179300,181300,180800,180820,181000
26333,115,58,182260,184270,183760,183780,183970
26334,115,58,184910,186910,186410,186430,186610
26335,115,58,189790,191800,191290,191310,191500
26336,115,58,190990,192990,192490,192510,192690
26337,115,58,192640,194640,194140,194160,194340
26338,115,58,194580,196580,196080,196100,196280
26339,115,58,196640,198650,198140,198160,198350
26340,115,58,218550,220550,220050,220070,220250
26341,115,58,228400,230410,229900,229920,230110
26342,115,58,230840,232840,232340,232360,232540
26343,115,58,232450,234460,233950,233980,234160
26344,115,58,238160,240130,239660,239680,239830
26345,115,58,239110,241060,240610,240630,240760
26346,115,58,252520,254520,254020,254040,254220
26347,115,58,254170,256170,255670,255690,255870
26348,115,58,255670,257780,257170,257190,257480
26349,115,58,293020,295010,294520,294540,294710
26350,115,58,296020,298030,297520,297550,297730
26351,115,63,56910,58870,58410,58430,58570
26352,115,63,58560,60570,60060,60090,60270
26353,115,63,62070,64080,63570,63590,63780
26354,115,63,65750,67750,67250,67270,67450
26355,115,63,66870,68700,68370,68390,68400
26356,115,63,85010,86920,86510,86530,86620
26357,115,63,86450,88450,87950,87970,88150
26358,115,63,91680,93630,93180,93200,93330
26359,115,63,105250,107250,106750,106770,106950
26360,115,65,60610,62610,62110,62130,62310
26361,115,65,70160,72160,71660,71680,71860
26362,115,65,71610,73610,73110,73130,73310
26363,115,65,79560,81490,81060,81080,81190
26364,115,69,145850,147970,147350,147380,147670
26365,115,69,151780,153780,153280,153300,153480
26366,115,70,85620,87630,87120,87150,87330
26367,115,70,92840,94840,94340,94360,94540
26368,115,70,97020,99020,98520,98540,98720
26369,115,70,134930,136930,136430,136450,136630
26370,115,70,136230,138240,137730,137750,137940
26371,115,70,139610,141620,141110,141130,141320
26372,115,70,144310,146310,145810,145830,146010
26373,115,70,146250,148250,147750,147770,147950
26374,115,70,148880,150870,150380,150400,150570
26375,115,70,160480,162480,161980,162000,162180
26376,115,70,161850,163850,163350,163370,163550
26377,115,71,229800,231800,231300,231320,231500
26378,115,71,234380,236380,235880,235900,236080
26379,115,71,236320,238320,237820,237840,238020
26380,115,71,237350,239280,238850,238870,238980
26381,115,71,266920,268920,268420,268440,268620
26382,115,71,269370,271380,270870,270890,271080
26383,115,71,280750,282750,282250,282270,282450
26384,115,71,286710,288670,288210,288230,288370
26385,115,71,294170,296170,295670,295690,295870
26386,115,71,301510,303470,303010,303030,303170
26387,115,71,305580,307580,307080,307100,307280
26388,115,71,307750,309590,309250,309270,309290
26389,115,71,309750,311750,311250,311270,311450
26390,115,71,318150,320070,319650,319670,319770
26391,115,71,323510,325400,325010,325030,325100
26392,115,71,327060,329060,328560,328580,328760
26393,115,71,335310,337320,336810,336830,337020
26394,115,71,336410,338420,337910,337930,338120
26395,115,71,340120,342120,341620,341640,341820
26396,115,71,342340,344300,343840,343860,344000
26397,115,71,343800,345630,345300,345320,345330
26398,115,71,344870,346880,346370,346390,346580
26399,115,71,352790,354900,354290,354310,354600
26400,115,71,358680,360680,360180,360200,360380
26401,115,71,369430,371430,370930,370950,371130
26402,115,71,370400,372400,371900,371920,372100
26403,115,71,374350,376350,375850,375870,376050
26404,115,71,380130,382130,381630,381650,381830
26405,115,71,389910,391910,391410,391430,391610
26406,115,71,391250,393180,392750,392770,392880
26407,115,71,393230,395350,394730,394750,395050
26408,115,71,395540,397540,397040,397060,397240
26409,115,71,401200,403200,402700,402720,402900
26410,115,74,6910,8890,8410,8430,8590
26411,115,74,7680,9690,9180,9200,9390
26412,115,74,17110,19110,18610,18630,18810
26413,115,74,18680,20520,20180,20200,20220
26414,115,74,28370,30330,29870,29890,30030
26415,115,74,36500,38510,38000,38020,38210
26416,115,74,37350,39350,38850,38870,39050
26417,115,74,38550,40560,40050,40080,40260
26418,115,74,48880,50880,50380,50400,50580
26419,115,74,50380,52310,51880,51900,52010
26420,115,74,59840,61850,61340,61360,61550
26421,115,74,65840,67840,67340,67360,67540
26422,115,74,66400,68380,67900,67920,68080
26423,115,74,77630,79680,79130,79150,79380
26424,115,74,83900,85730,85400,85420,85430
26425,115,74,85190,87190,86690,86710,86890
26426,115,74,94060,96060,95560,95580,95760
26427,115,74,99690,101690,101190,101210,101390
26428,115,74,106000,107850,107500,107520,107550
26429,115,74,108270,110390,109770,109790,110090
26430,115,74,109910,111770,111410,111430,111470
26431,115,74,113140,115230,114640,114660,114930
26432,115,74,114520,116530,116020,116040,116230
26433,115,74,117070,119140,118570,118590,118840
26434,115,74,120510,122520,122010,122030,122220
26435,115,74,128830,130730,130330,130350,130430
26436,115,74,132280,134240,133780,133800,133940
26437,115,74,139740,141770,141240,141260,141470
26438,115,74,140580,142580,142080,142100,142280
26439,115,74,148200,150510,149700,149720,150210
26440,115,74,149270,151280,150770,150790,150980
26441,115,74,153200,155200,154700,154720,154900
26442,115,74,155570,157570,157070,157090,157270
26443,115,74,167430,169490,168930,168950,169190
26444,115,74,168240,170070,169740,169760,169770
26445,115,74,171510,173720,173010,173030,173420
26446,115,74,173100,175100,174600,174620,174800
26447,115,74,173130,178040,174630,177730,177740
26448,115,74,176240,178190,177740,177760,177890
26449,115,74,183120,184950,184620,184640,184650
26450,115,74,184190,186450,185690,185710,186150
26451,115,74,189220,191110,190720,190740,190810
26452,115,74,190430,192310,191930,191950,192010
26453,115,74,224920,226920,226420,226440,226620
26454,115,74,227580,229590,229080,229110,229290
26455,115,74,228990,231000,230490,230510,230700
26456,115,78,59320,61320,60820,60840,61020
26457,115,78,79720,81720,81220,81240,81420
26458,115,78,82130,84130,83630,83650,83830
26459,115,78,124070,125910,125570,125600,125610
26460,115,78,125370,127340,126870,126890,127040
26461,115,78,132510,134350,134010,134030,134050
26462,115,78,142180,144190,143680,143700,143890
26463,115,78,161150,163170,162650,162670,162870
26464,115,78,162690,164700,164190,164210,164400
26465,115,78,165900,167950,167400,167420,167650
26466,115,78,184620,186460,186120,186140,186160
26467,115,78,187060,189140,188560,188580,188840
26468,115,78,225030,227040,226530,226550,226740
26469,115,78,238490,240500,239990,240020,240200
26470,115,78,241670,243610,243170,243190,243310
26471,115,78,247870,249870,249370,249390,249570
26472,115,78,249100,251100,250600,250620,250800
26473,115,78,256640,258650,258140,258160,258350
26474,115,78,264600,266600,266100,266120,266300
26475,115,78,268310,270290,269810,269830,269990
26476,115,78,270030,272150,271530,271550,271850
26477,115,78,274740,276740,276240,276260,276440
26478,115,78,280690,282810,282190,282210,282510
26479,115,78,302980,304900,304480,304500,304600
26480,115,78,306020,307980,307520,307540,307680
26481,115,78,307140,309100,308640,308660,308800
26482,115,78,312500,314510,314000,314020,314210
26483,115,78,314210,316160,315710,315730,315860
26484,115,78,322770,324610,324270,324290,324310
26485,115,78,339630,341630,341130,341150,341330
26486,115,78,344560,346570,346060,346080,346270
26487,115,78,348200,350200,349700,349720,349900
26488,115,78,354250,356250,355750,355770,355950
26489,115,78,366290,368560,367790,367810,368260
26490,115,78,371810,373810,373310,373330,373510
26491,115,78,380240,382240,381740,381760,381940
26492,115,78,385100,387200,386600,386620,386900
26493,115,78,388820,390780,390320,390340,390480
26494,115,78,394190,396190,395690,395710,395890
26495,115,78,402360,404300,403860,403890,404000
26496,115,78,408700,410680,410200,410220,410380
26497,115,78,410940,412920,412440,412460,412620
26498,115,78,417950,420050,419450,419470,419750
26499,115,78,419620,421570,421120,421140,421270
26500,115,78,427340,429340,428840,428860,429040
26501,115,78,433920,435870,435420,435440,435570
26502,115,78,444160,446300,445660,445690,446000
26503,115,78,447350,449310,448850,448870,449010
26504,115,78,456350,458290,457850,457870,457990
26505,115,78,457240,459440,458740,458760,459140
26506,115,78,458880,460880,460380,460400,460580
26507,115,78,460730,462720,462230,462250,462420
26508,115,78,463480,465480,464980,465000,465180
26509,115,78,465230,467230,466730,466750,466930
26510,115,78,468920,470920,470420,470440,470620
26511,115,78,474500,476500,476000,476020,476200
26512,115,78,477030,479030,478530,478550,478730
26513,115,78,479580,481560,481080,481100,481260
26514,115,78,481820,483820,483320,483340,483520
26515,115,78,484420,486420,485920,485940,486120
26516,115,78,486500,488500,488000,488020,488200
26517,115,78,487650,489560,489150,489170,489260
26518,115,82,19680,21690,21180,21200,21390
26519,115,82,36810,38740,38310,38330,38440
26520,115,82,45900,47900,47400,47420,47600
26521,115,82,46860,48870,48360,48380,48570
26522,115,82,63900,65910,65400,65420,65610
26523,115,82,90190,92200,91690,91710,91900
26524,115,82,92550,94560,94050,94070,94260
26525,115,98,154270,156270,155770,155790,155970
26526,115,98,168940,170950,170440,170460,170650
26527,115,98,173390,175390,174890,174910,175090
26528,115,98,185760,187730,187260,187280,187430
26529,115,99,6590,8540,8090,8110,8240
26530,115,99,26290,28290,27790,27810,27990
26531,115,99,65190,67090,66690,66710,66790
26532,115,99,68070,70170,69570,69590,69870
26533,115,100,56090,58000,57590,57610,57700
26534,115,100,57410,59320,58910,58930,59020
26535,115,100,60360,62360,61860,61880,62060
26536,115,100,65230,67240,66730,66760,66940
26537,115,100,66050,67930,67550,67570,67630
26538,115,100,83980,85990,85480,85500,85690
26539,115,100,84820,86820,86320,86340,86520
26540,115,100,87030,89030,88530,88550,88730
26541,115,100,88080,90080,89580,89600,89780
26542,115,100,93330,95330,94830,94850,95030
26543,115,100,94700,96690,96200,96220,96390
26544,115,100,95580,97580,97080,97100,97280
26545,115,100,100000,102010,101500,101520,101710
26546,115,100,120040,122050,121540,121560,121750
26547,115,100,121820,123820,123320,123340,123520
26548,115,100,156060,158200,157560,157580,157900
26549,115,100,159000,161000,160500,160520,160700
26550,115,101,63530,65540,65030,65050,65240
26551,115,101,65780,67780,67280,67300,67480
26552,115,101,72420,74270,73920,73940,73970
26553,115,101,76200,78200,77700,77720,77900
26554,115,101,85920,87930,87420,87440,87630
26555,115,101,86870,88850,88370,88390,88550
26556,115,101,92870,94870,94370,94390,94570
26557,115,102,122880,124710,124380,124400,124410
26558,115,102,123710,125760,125210,125230,125460
26559,115,102,136600,138610,138100,138120,138310
26560,115,102,142140,144240,143640,143660,143940
26561,115,102,157400,159400,158900,158920,159100
26562,115,102,158820,160820,160320,160340,160520
26563,115,102,184810,186820,186310,186330,186520
26564,115,108,18090,20040,19590,19610,19740
26565,115,109,86130,88130,87630,87650,87830
26566,115,109,86160,94830,87660,94520,94530
26567,115,109,93030,95030,94530,94550,94730
26568,115,109,101390,103400,102890,102910,103100
26569,115,109,102990,104920,104490,104510,104620
26570,115,109,108160,110170,109660,109680,109870
26571,115,110,10190,12210,11690,11710,11910
26572,115,110,11770,13720,13270,13290,13420
26573,115,110,34350,36350,35850,35870,36050
26574,115,110,39390,41270,40890,40910,40970
26575,115,110,47400,49310,48900,48930,49010
26576,115,110,48380,50320,49880,49910,50020
26577,115,110,51570,53570,53070,53090,53270
26578,115,110,58190,60200,59690,59710,59900
26579,115,110,62560,64560,64060,64080,64260
26580,115,110,65690,67690,67190,67210,67390
26581,115,110,72910,74920,74410,74440,74620
26582,115,110,75080,77040,76580,76600,76740
26583,115,110,77740,79750,79240,79260,79450
26584,115,110,78790,80770,80290,80310,80470
26585,115,110,82980,84980,84480,84500,84680
26586,115,110,87970,90060,89470,89490,89760
26587,115,110,93790,95800,95290,95310,95500
26588,115,110,94320,96330,95820,95840,96030
26589,115,110,101650,103660,103150,103170,103360
26590,115,110,102910,104910,104410,104430,104610
26591,115,110,106570,108570,108070,108090,108270
26592,115,110,107510,109520,109010,109030,109220
26593,115,110,113170,115170,114670,114690,114870
26594,115,110,135950,137950,137450,137470,137650
26595,115,110,138780,140780,140280,140300,140480
26596,115,110,140380,142380,141880,141900,142080
26597,115,110,144170,146270,145670,145690,145970
26598,115,110,146170,148090,147670,147690,147790
26599,115,114,81070,83070,82570,82590,82770
26600,115,114,84390,86390,85890,85910,86090
26601,115,114,107420,109270,108920,108940,108970
26602,115,114,111400,113410,112900,112920,113110
26603,115,114,113660,115660,115160,115180,115360
26604,115,114,118490,120320,119990,120010,120020
26605,115,114,123000,125000,124500,124520,124700
26606,115,114,128620,130720,130120,130140,130420
26607,115,114,130600,132650,132100,132120,132350
26608,115,114,134560,136560,136060,136080,136260
26609,115,114,136960,138930,138460,138480,138630
26610,115,114,147500,149500,149000,149020,149200
26611,115,114,150900,152910,152400,152420,152610
26612,115,114,151560,153570,153060,153080,153270
26613,115,114,176870,178830,178370,178390,178530
26614,115,114,180310,182210,181810,181830,181910
26615,115,114,186750,188760,188250,188270,188460
26616,115,114,193530,195360,195030,195050,195060
26617,115,114,193560,195830,195060,195520,195530
26618,115,114,194030,196010,195530,195550,195710
26619,115,114,196060,198060,197560,197580,197760
26620,115,114,197400,199400,198900,198920,199100
26621,115,114,202280,204300,203780,203800,204000
26622,115,114,203480,205480,204980,205000,205180
26623,115,114,204500,206500,206000,206020,206200
26624,115,114,212650,214650,214150,214170,214350
26625,115,114,217100,219100,218600,218620,218800
26626,115,115,7310,9330,8810,8830,9030
26627,115,115,10440,12440,11940,11960,12140
26628,115,115,11140,13040,12640,12660,12740
26629,115,115,21130,23130,22630,22650,22830
26630,115,115,21160,23440,22660,23130,23140
26631,115,115,21640,23580,23140,23160,23280
26632,115,115,27250,29140,28750,28770,28840
26633,115,115,33390,35570,34890,34910,35270
26634,115,115,35990,37990,37490,37510,37690
26635,115,115,38140,40030,39640,39660,39730
26636,115,115,43280,45290,44780,44800,44990
26637,115,115,48060,50030,49560,49580,49730
26638,115,115,51000,53010,52500,52520,52710
26639,115,115,52780,54790,54280,54300,54490
26640,115,117,40200,42220,41700,41720,41920
26641,115,117,41250,43250,42750,42770,42950
26642,115,117,57360,59360,58860,58880,59060
26643,115,117,58680,60660,60180,60200,60360
26644,115,117,65100,67110,66600,66620,66810
26645,115,117,67360,69360,68860,68880,69060
26646,115,117,84930,86860,86430,86450,86560
26647,115,117,92060,94060,93560,93580,93760
26648,115,117,94870,96880,96370,96390,96580
26649,115,117,110770,112770,112270,112290,112470
26650,115,117,113390,115350,114890,114910,115050
26651,115,117,144340,146280,145840,145860,145980
26652,115,117,146940,148950,148440,148460,148650
26653,115,117,155350,157350,156850,156870,157050
26654,115,117,156600,158600,158100,158120,158300
26655,115,117,162440,164440,163940,163960,164140
26656,115,117,167330,169280,168830,168850,168980
26657,115,117,176820,178820,178320,178340,178520
26658,115,117,178620,180630,180120,180140,180330
26659,115,117,197880,199880,199380,199400,199580
26660,115,117,203820,205820,205320,205340,205520
26661,115,117,206760,208770,208260,208280,208470
26662,115,117,211050,213050,212550,212570,212750
26663,115,117,213170,215010,214670,214700,214710
26664,115,117,223620,225620,225120,225140,225320
26665,115,117,234330,236360,235830,235850,236060
26666,115,120,51510,53410,53010,53030,53110
26667,115,120,56660,58670,58160,58180,58370
26668,115,120,66130,68140,67630,67650,67840
26669,115,120,74850,76860,76350,76370,76560
26670,115,120,94580,96580,96080,96100,96280
26671,115,120,103410,105420,104910,104930,105120
26672,115,120,119060,121070,120560,120580,120770
26673,115,120,121800,123800,123300,123320,123500
26674,115,120,123240,125240,124740,124760,124940
26675,115,120,126020,128020,127520,127540,127720
26676,115,120,126630,128630,128130,128150,128330
26677,115,120,129600,131600,131100,131120,131300
26678,115,120,138130,140130,139630,139650,139830
26679,115,120,139830,141830,141330,141350,141530
26680,115,120,143880,145890,145380,145400,145590
26681,115,120,166940,168940,168440,168460,168640
26682,115,120,176450,178450,177950,177970,178150
26683,115,120,177760,179760,179260,179280,179460
26684,115,120,184160,186160,185660,185680,185860
26685,115,120,238210,240200,239710,239730,239900
26686,115,120,243810,245810,245310,245330,245510
26687,115,120,247530,249530,249030,249050,249230
26688,115,138,29160,31160,30660,30680,30860
26689,115,141,10670,12670,12170,12190,12370
26690,115,141,32020,34020,33520,33540,33720
26691,115,141,36030,38050,37530,37550,37750
26692,115,141,37440,39470,38940,38960,39170
26693,115,141,38580,40570,40080,40100,40270
26694,115,141,40190,42320,41690,41710,42020
26695,115,141,48160,50140,49660,49680,49840
26696,115,141,50110,51950,51610,51630,51650
26697,115,141,55170,57160,56670,56690,56860
26698,115,141,59590,61590,61090,61110,61290
26699,115,141,111620,113670,113120,113140,113370
26700,115,141,117040,118980,118540,118560,118680
26701,115,141,119950,122030,121450,121470,121730
26702,115,141,121290,123170,122790,122810,122870
26703,115,141,232480,234490,233980,234010,234190
26704,115,141,248250,250120,249750,249770,249820
26705,115,141,252990,254990,254490,254510,254690
26706,115,141,256170,258250,257670,257690,257950
26707,115,141,267320,269320,268820,268840,269020
26708,115,141,285220,287220,286720,286740,286920
26709,115,141,286760,288600,288260,288280,288300
26710,115,141,295920,298030,297420,297440,297730
26711,115,141,297310,299310,298810,298830,299010
26712,115,141,312480,314480,313980,314000,314180
26713,115,141,317290,319270,318790,318810,318970
26714,115,141,322040,324150,323540,323560,323850
26715,115,141,325560,327490,327060,327080,327190
26716,115,142,31240,33240,32740,32760,32940
26717,115,142,32440,34280,33940,33960,33980
26718,115,142,38140,40260,39640,39660,39960
26719,115,142,47460,49430,48960,48980,49130
26720,115,142,50400,52230,51900,51920,51930
26721,115,142,58420,60420,59920,59940,60120
26722,115,142,61330,63330,62830,62850,63030
26723,115,142,64590,66700,66090,66110,66400
26724,115,142,67180,69180,68680,68700,68880
26725,115,142,71390,73400,72890,72910,73100
26726,115,142,74080,76080,75580,75600,75780
26727,115,142,76690,78710,78190,78210,78410
26728,115,142,78210,80130,79710,79730,79830
26729,115,142,81370,83370,82870,82890,83070
26730,115,142,93600,95430,95100,95120,95130
26731,115,142,103890,105890,105390,105410,105590
26732,115,142,123090,125090,124590,124610,124790
26733,115,142,125310,127320,126810,126830,127020
26734,115,142,126450,128450,127950,127970,128150
26735,115,142,130450,132350,131950,131970,132050
26736,115,142,131540,133540,133040,133060,133240
26737,115,142,143730,145740,145230,145250,145440
26738,115,142,254420,256430,255920,255940,256130
26739,115,142,255590,257590,257090,257110,257290
26740,115,142,270490,272490,271990,272010,272190
26741,115,142,281370,283370,282870,282890,283070
26742,115,142,296050,298070,297550,297570,297770
26743,115,142,308940,311060,310440,310460,310760
26744,115,142,312490,314500,313990,314010,314200
26745,115,142,321620,323630,323120,323140,323330
26746,115,147,27310,29290,28810,28830,28990
26747,115,147,31000,33010,32500,32520,32710
26748,115,147,46670,48680,48170,48190,48380
26749,115,147,48290,50290,49790,49810,49990
26750,115,147,52530,54540,54030,54050,54240
26751,115,147,55730,57690,57230,57260,57390
26752,115,147,57360,59360,58860,58880,59060
26753,115,147,66950,68910,68450,68470,68610
26754,115,147,69820,71830,71320,71340,71530
26755,115,147,70980,72970,72480,72500,72670
26756,115,147,73400,75410,74900,74920,75110
26757,115,147,90520,92520,92020,92040,92220
26758,115,147,95020,96920,96520,96540,96620
26759,115,147,98150,100150,99650,99670,99850
26760,115,147,100550,102550,102050,102070,102250
26761,115,147,105900,107920,107400,107420,107620
26762,115,147,108300,110300,109800,109820,110000
26763,115,147,110020,112020,111520,111540,111720
26764,115,147,113270,115280,114770,114790,114980
26765,115,147,114030,116020,115530,115550,115720
26766,115,147,116190,118200,117690,117710,117900
26767,115,147,119160,121160,120660,120680,120860
26768,115,147,120450,122450,121950,121970,122150
26769,115,147,141500,143500,143000,143020,143200
26770,115,147,145700,147690,147200,147220,147390
26771,115,147,146290,148400,147790,147810,148100
26772,115,147,156480,158480,157980,158000,158180
26773,115,147,162630,164630,164130,164150,164330
26774,115,147,166280,168280,167780,167800,167980
26775,115,147,180420,182400,181920,181940,182100
26776,115,147,182710,184720,184210,184230,184420
26777,115,147,183610,185620,185110,185130,185320
26778,115,147,189830,191950,191330,191350,191650
26779,115,147,191820,193800,193320,193340,193500
26780,115,147,196810,198820,198310,198330,198520
26781,115,147,202260,204420,203760,203780,204120
26782,115,147,205420,207430,206920,206940,207130
26783,115,147,206640,208640,208140,208160,208340
26784,115,147,211900,213910,213400,213420,213610
26785,115,147,213940,215930,215440,215460,215630
26786,115,147,216650,218650,218150,218170,218350
26787,115,147,217790,219780,219290,219310,219480
26788,115,147,224190,226110,225690,225710,225810
26789,115,147,226860,228860,228360,228380,228560
26790,115,147,229410,231270,230910,230930,230970
26791,115,147,233640,235650,235140,235160,235350
26792,115,147,235960,237960,237460,237480,237660
26793,115,151,40600,42610,42100,42120,42310
26794,115,151,42080,44080,43580,43600,43780
26795,115,151,54930,56850,56430,56450,56550
26796,115,151,59950,61940,61450,61470,61640
26797,115,151,67280,69280,68780,68800,68980
26798,115,151,77430,79430,78930,78950,79130
26799,115,151,84810,86770,86310,86330,86470
26800,115,151,86830,88830,88330,88350,88530
26801,115,151,89150,91160,90650,90670,90860
26802,115,151,90090,92090,91590,91610,91790
26803,115,151,92820,94830,94320,94340,94530
26804,115,151,94300,96300,95800,95820,96000
26805,115,151,107400,109400,108900,108920,109100
26806,115,151,107900,109950,109400,109420,109650
26807,115,151,115790,117790,117290,117310,117490
26808,115,151,118100,120110,119600,119620,119810
26809,115,151,125020,127030,126520,126550,126730
26810,115,151,127240,129130,128740,128760,128830
26811,115,151,131680,133680,133180,133200,133380
26812,115,151,134130,136130,135630,135650,135830
26813,115,151,143390,145390,144890,144910,145090
26814,115,151,144250,146250,145750,145770,145950
26815,115,151,146580,148590,148080,148100,148290
26816,115,151,148220,150220,149720,149740,149920
26817,115,151,149850,151850,151350,151370,151550
26818,115,151,151290,153290,152790,152810,152990
26819,115,151,153880,155760,155380,155400,155460
26820,115,151,159180,161180,160680,160700,160880
26821,115,151,169190,171190,170690,170710,170890
26822,115,151,170260,172260,171760,171780,171960
26823,115,151,178040,180040,179540,179560,179740
26824,115,151,187640,189640,189140,189160,189340
26825,115,151,203920,205920,205420,205440,205620
26826,115,151,208160,210160,209660,209680,209860
26827,115,151,209140,211150,210640,210660,210850
26828,115,151,213640,215500,215140,215160,215200
26829,115,151,217540,219500,219040,219060,219200
26830,115,151,221500,223500,223000,223020,223200
26831,115,151,226150,228150,227650,227670,227850
26832,115,151,228410,230260,229910,229930,229960
26833,115,151,235250,237250,236750,236770,236950
26834,115,151,237180,239180,238680,238700,238880
26835,115,151,239890,241890,241390,241410,241590
26836,115,152,59320,61490,60820,60840,61190
26837,115,152,60620,62640,62120,62140,62340
26838,115,152,63600,65600,65100,65120,65300
26839,115,152,66180,68180,67680,67700,67880
26840,115,152,68000,70080,69500,69520,69780
26841,115,152,68030,77080,69530,76770,76780
26842,115,152,75280,77290,76780,76800,76990
26843,115,152,81060,83060,82560,82580,82760
26844,115,152,86120,88120,87620,87640,87820
26845,115,152,88710,90710,90210,90230,90410
26846,115,152,92750,94590,94250,94270,94290
26847,115,152,96270,98280,97770,97790,97980
26848,115,152,98320,100320,99820,99840,100020
26849,115,152,111810,113750,113310,113330,113450
26850,115,152,115710,117620,117210,117230,117320
26851,115,152,120050,122050,121550,121570,121750
26852,115,152,127200,129090,128700,128720,128790
26853,115,152,132130,134090,133630,133650,133790
26854,115,152,147240,149250,148740,148760,148950
26855,115,152,152610,154620,154110,154130,154320
26856,115,153,65180,67260,66680,66700,66960
26857,115,153,66570,68410,68070,68090,68110
26858,115,153,72910,74910,74410,74430,74610
26859,115,153,74730,76650,76230,76250,76350
26860,115,153,89140,91150,90640,90660,90850
26861,115,153,91790,93790,93290,93310,93490
26862,115,153,92980,94980,94480,94500,94680
26863,115,153,94350,96350,95850,95870,96050
26864,115,153,103760,105760,105260,105280,105460
26865,115,153,105080,107090,106580,106600,106790
26866,115,153,109910,111910,111410,111430,111610
26867,115,153,120670,122770,122170,122190,122470
26868,115,160,58240,60190,59740,59760,59890
26869,115,160,60850,62850,62350,62370,62550
26870,115,160,61940,63940,63440,63460,63640
26871,115,160,67030,69040,68530,68550,68740
26872,115,160,67800,69730,69300,69320,69430
26873,115,160,70270,72270,71770,71790,71970
26874,115,160,92590,94630,94090,94110,94330
26875,115,160,99930,101930,101430,101450,101630
26876,115,160,108200,110200,109700,109720,109900
26877,115,160,109700,111590,111200,111220,111290
26878,115,160,122010,124010,123510,123530,123710
26879,115,160,123390,125390,124890,124910,125090
26880,115,160,142770,144770,144270,144290,144470
26881,115,160,144300,146300,145800,145820,146000
26882,115,160,145890,147890,147390,147410,147590
26883,115,160,147340,149290,148840,148860,148990
26884,115,160,150970,152900,152470,152490,152600
26885,115,160,152200,154130,153700,153730,153830
26886,115,160,163640,165650,165140,165160,165350
26887,115,160,170270,172280,171770,171790,171980
26888,115,160,176240,178240,177740,177760,177940
26889,115,160,179120,181120,180620,180640,180820
26890,115,160,180280,182290,181780,181800,181990
26891,115,160,183990,185990,185490,185510,185690
26892,115,160,185190,187200,186690,186710,186900
26893,115,160,189360,191360,190860,190880,191060
26894,115,160,190550,192520,192050,192070,192220
26895,115,160,197330,199330,198830,198850,199030
26896,115,160,199170,201160,200670,200690,200860
26897,115,160,203320,205330,204820,204840,205030
26898,115,160,205840,207840,207340,207360,207540
26899,115,160,211840,213850,213340,213360,213550
26900,115,160,214050,216030,215550,215580,215730
26901,115,160,215020,217020,216520,216540,216720
26902,115,160,216650,218650,218150,218170,218350
26903,115,160,219580,221580,221080,221100,221280
26904,115,160,225710,227720,227210,227230,227420
26905,115,160,227680,229680,229180,229200,229380
26906,115,160,231500,233500,233000,233020,233200
26907,115,160,233550,235550,235050,235070,235250
26908,115,160,234630,236710,236130,236150,236410
26909,115,160,243160,245170,244660,244690,244870
26910,115,160,244220,246220,245720,245740,245920
26911,115,163,45740,47740,47240,47260,47440
26912,115,163,53460,55460,54960,54980,55160
26913,115,163,55550,57550,57050,57070,57250
26914,115,163,67400,69450,68900,68920,69150
26915,115,163,71410,73410,72910,72930,73110
26916,115,163,75250,77250,76750,76770,76950
26917,115,163,81300,83300,82800,82820,83000
26918,115,163,92270,94250,93770,93790,93950
26919,115,163,98190,100190,99690,99710,99890
26920,115,163,99820,101820,101320,101340,101520
26921,115,163,104770,106780,106270,106290,106480
26922,115,163,106170,108170,107670,107690,107870
26923,115,163,109820,111820,111320,111340,111520
26924,115,163,111030,113040,112530,112550,112740
26925,115,163,118240,120240,119740,119760,119940
26926,115,163,121020,123030,122520,122540,122730
26927,115,163,123530,125530,125030,125050,125230
26928,115,163,124670,126670,126170,126190,126370
26929,115,163,131180,133190,132680,132700,132890
26930,115,163,132190,134190,133690,133710,133890
26931,115,163,146910,148910,148410,148430,148610
26932,115,163,148510,150520,150010,150040,150220
26933,115,163,151830,153840,153330,153350,153540
26934,115,163,152940,154940,154440,154460,154640
26935,115,163,156090,158090,157590,157610,157790
26936,115,163,158280,160280,159780,159800,159980
26937,115,163,161960,163960,163460,163480,163660
26938,115,163,163180,165130,164680,164700,164830
26939,115,163,165670,167670,167170,167190,167370
26940,115,163,166960,168960,168460,168480,168660
26941,115,163,179750,181760,181250,181270,181460
26942,115,163,196140,198040,197640,197660,197740
26943,115,163,198540,200540,200040,200060,200240
26944,115,163,200800,202800,202300,202320,202500
26945,115,163,209770,211770,211270,211290,211470
26946,115,163,211020,213020,212520,212540,212720
26947,115,163,212210,214170,213710,213730,213870
26948,115,163,214370,216370,215870,215890,216070
26949,115,163,215300,217260,216800,216820,216960
26950,115,163,220500,222510,222000,222020,222210
26951,115,163,222300,224260,223800,223820,223960
26952,115,163,226480,228490,227980,228000,228190
26953,115,178,38290,40290,39790,39810,39990
26954,115,178,40260,42280,41760,41780,41980
26955,115,184,35110,37120,36610,36630,36820
26956,115,184,40330,42320,41830,41850,42020
26957,115,184,44830,46740,46330,46350,46440
26958,115,184,46030,47990,47530,47550,47690
26959,115,184,65320,67330,66820,66840,67030
26960,115,184,66530,68470,68030,68050,68170
26961,115,184,75960,77970,77460,77480,77670
26962,115,184,87580,89430,89080,89100,89130
26963,115,184,98040,100040,99540,99560,99740
26964,115,184,101570,103580,103070,103090,103280
26965,115,184,105140,107140,106640,106660,106840
26966,115,184,106310,108310,107810,107830,108010
26967,115,184,108430,110430,109930,109950,110130
26968,115,184,111040,113040,112540,112560,112740
26969,115,184,112260,114190,113760,113780,113890
26970,115,184,114210,116210,115710,115730,115910
26971,115,184,125870,127900,127370,127390,127600
26972,115,184,128870,130870,130370,130390,130570
26973,115,184,139220,141220,140720,140740,140920
26974,115,184,142260,144260,143760,143780,143960
26975,115,184,150790,152800,152290,152310,152500
26976,115,184,153830,155830,155330,155350,155530
26977,115,184,156360,158350,157860,157880,158050
26978,115,184,160890,162890,162390,162410,162590
26979,115,184,166790,168760,168290,168320,168460
26980,115,184,177070,179070,178570,178590,178770
26981,115,184,190000,192000,191500,191520,191700
26982,115,184,191720,193720,193220,193240,193420
26983,115,184,193210,195210,194710,194730,194910
26984,115,184,198280,200290,199780,199800,199990
26985,115,184,200960,202960,202460,202480,202660
26986,115,184,204210,206210,205710,205730,205910
26987,115,184,206850,208850,208350,208370,208550
26988,115,184,212160,214170,213660,213680,213870
26989,115,184,213960,215970,215460,215490,215670
26990,115,184,215160,217160,216660,216680,216860
26991,115,184,220940,222940,222440,222460,222640
26992,115,184,222590,224570,224090,224110,224270
26993,115,184,225350,227350,226850,226870,227050
26994,115,184,228500,230460,230000,230020,230160
26995,115,184,231890,233750,233390,233410,233450
26996,115,184,233620,235570,235120,235140,235270
26997,115,187,16710,18710,18210,18230,18410
26998,115,187,18010,19920,19510,19530,19620
26999,115,187,20350,22210,21850,21870,21910
27000,115,187,22550,24550,24050,24070,24250
27001,115,187,25240,27240,26740,26760,26940
27002,115,187,26560,28450,28060,28080,28150
27003,115,187,30050,32050,31550,31570,31750
27004,115,187,31100,33110,32600,32620,32810
27005,115,187,49250,51250,50750,50770,50950
27006,115,187,53260,55260,54760,54780,54960
27007,115,187,78410,80420,79910,79930,80120
27008,115,187,81590,83600,83090,83110,83300
27009,115,187,87800,89800,89300,89320,89500
27010,115,187,88980,90940,90480,90500,90640
27011,115,187,101120,103120,102620,102640,102820
27012,115,187,104350,106350,105850,105870,106050
27013,115,187,110540,112550,112040,112060,112250
27014,115,187,115620,117550,117120,117140,117250
27015,115,187,117950,119850,119450,119470,119550
27016,115,187,120930,122940,122430,122450,122640
27017,115,187,129460,131460,130960,130980,131160
27018,115,187,131280,133250,132780,132800,132950
27019,115,187,133980,135980,135480,135500,135680
27020,115,187,135660,137660,137160,137180,137360
27021,115,187,143690,145690,145190,145210,145390
27022,115,187,146080,148080,147580,147600,147780
27023,115,187,149780,151780,151280,151300,151480
27024,115,187,151110,153110,152610,152630,152810
27025,115,187,155030,157030,156530,156550,156730
27026,115,187,158060,160020,159560,159580,159720
27027,115,187,159840,161840,161340,161360,161540
27028,115,187,161940,163940,163440,163460,163640
27029,115,187,177130,179140,178630,178650,178840
27030,115,187,192170,194010,193670,193690,193710
27031,115,187,195080,197080,196580,196600,196780
27032,115,187,196490,198450,197990,198010,198150
27033,115,187,199300,201240,200800,200820,200940
27034,115,187,203890,205890,205390,205410,205590
27035,115,187,206350,208350,207850,207870,208050
27036,115,187,208680,210680,210180,210200,210380
27037,115,187,216290,218290,217790,217810,217990
27038,115,192,43870,45870,45370,45390,45570
27039,115,192,54650,56650,56150,56170,56350
27040,115,192,58450,60460,59950,59970,60160
27041,115,192,58480,69140,59980,68830,68840
27042,115,192,67340,69310,68840,68860,69010
27043,115,192,81810,83820,83310,83330,83520
27044,115,192,83200,85200,84700,84720,84900
27045,115,192,86670,88570,88170,88190,88270
27046,115,192,87700,89710,89200,89220,89410
27047,115,192,92700,94700,94200,94220,94400
27048,115,192,100220,102260,101720,101740,101960
27049,115,192,104240,106380,105740,105760,106080
27050,115,192,121450,123450,122950,122970,123150
27051,115,192,123480,125480,124980,125000,125180
27052,115,192,126010,128020,127510,127530,127720
27053,115,192,128090,130050,129590,129610,129750
27054,115,192,143320,145430,144820,144850,145130
27055,115,192,145120,147110,146620,146640,146810
27056,115,192,165830,167830,167330,167350,167530
27057,115,192,167640,169570,169140,169160,169270
27058,115,192,172230,174230,173730,173750,173930
27059,115,192,178270,180230,179770,179790,179930
27060,115,192,187700,189700,189200,189220,189400
27061,115,192,189240,191250,190740,190760,190950
27062,115,192,192910,194910,194410,194430,194610
27063,115,192,194240,196230,195740,195760,195930
27064,115,192,197380,199380,198880,198900,199080
27065,115,192,220120,222120,221620,221640,221820
27066,115,192,227220,229180,228720,228740,228880
27067,115,192,228800,230920,230300,230320,230620
27068,115,192,229930,231930,231430,231450,231630
27069,115,195,42750,44750,44250,44270,44450
27070,115,195,53240,55240,54740,54760,54940
27071,115,195,66060,68060,67560,67580,67760
27072,115,195,91970,93970,93470,93490,93670
27073,115,195,94880,96890,96380,96400,96590
27074,115,195,99250,101330,100750,100770,101030
27075,115,195,107320,109270,108820,108840,108970
27076,115,195,108830,110840,110330,110350,110540
27077,115,195,110010,112020,111510,111530,111720
27078,115,195,118930,120950,120430,120450,120650
27079,115,195,120710,122710,122210,122230,122410
27080,115,195,122830,124830,124330,124350,124530
27081,115,195,124770,126760,126270,126290,126460
27082,115,195,131470,133390,132970,132990,133090
27083,115,195,133660,135670,135160,135180,135370
27084,115,195,136620,138720,138120,138140,138420
27085,115,195,150850,152850,152350,152370,152550
27086,115,195,153550,155690,155050,155070,155390
27087,115,195,159210,161210,160710,160730,160910
27088,115,195,160650,162660,162150,162170,162360
27089,115,195,165510,167510,167010,167030,167210
27090,115,195,176010,178010,177510,177530,177710
27091,115,195,187360,189360,188860,188880,189060
27092,115,195,189630,191820,191130,191150,191520
27093,115,195,195350,197360,196850,196870,197060
27094,115,195,198490,200490,199990,200010,200190
27095,115,195,213180,215180,214680,214700,214880
27096,115,195,215440,217450,216940,216960,217150
27097,115,195,218760,220720,220260,220290,220420
27098,115,195,225210,227220,226710,226740,226920
27099,115,195,226610,228610,228110,228130,228310
27100,115,195,236240,238240,237740,237760,237940
27101,115,201,60960,62960,62460,62480,62660
27102,115,201,65960,67960,67460,67480,67660
27103,115,201,68820,70650,70320,70340,70350
27104,115,201,74710,76710,76210,76230,76410
27105,115,201,77190,79190,78690,78710,78890
27106,115,201,81100,83100,82600,82620,82800
27107,115,201,83910,85870,85410,85430,85570
27108,115,201,88000,90010,89500,89520,89710
27109,115,201,102240,104070,103740,103760,103770
27110,115,201,102890,104720,104390,104410,104420
27111,115,202,84600,86600,86100,86120,86300
27112,115,202,86920,88880,88420,88440,88580
27113,115,202,87890,89990,89390,89410,89690
27114,115,202,88720,90740,90220,90240,90440
27115,115,202,92670,94670,94170,94190,94370
27116,115,202,93370,95370,94870,94890,95070
27117,115,202,95090,96920,96590,96610,96620
27118,115,202,96160,98160,97660,97680,97860
27119,115,202,100210,102220,101710,101730,101920
27120,115,202,101780,103790,103280,103300,103490
27121,115,202,106110,108170,107610,107630,107870
27122,115,202,111650,113650,113150,113170,113350
27123,115,202,114110,116200,115610,115630,115900
27124,115,202,115420,117430,116920,116940,117130
27125,115,202,117730,119730,119230,119260,119430
27126,115,202,123770,125770,125270,125290,125470
27127,115,202,131450,133450,132950,132970,133150
27128,115,202,133330,135330,134830,134850,135030
27129,115,202,139600,141600,141100,141120,141300
27130,115,202,140810,142810,142310,142330,142510
27131,115,202,142760,144760,144260,144280,144460
27132,115,202,144380,146380,145880,145900,146080
27133,115,202,146150,148100,147650,147670,147800
27134,115,202,149060,151060,150560,150580,150760
27135,115,205,66750,68760,68250,68270,68460
27136,115,205,72970,74970,74470,74490,74670
27137,115,205,76130,77990,77630,77650,77690
27138,115,205,78420,80350,79920,79940,80050
27139,115,207,9100,11100,10600,10620,10800
27140,115,207,28310,30310,29810,29830,30010
27141,115,207,33070,35080,34570,34600,34780
27142,115,207,41200,43200,42700,42720,42900
27143,115,207,44160,46160,45660,45680,45860
27144,115,207,45410,47420,46910,46930,47120
27145,115,209,21060,23070,22560,22580,22770
27146,115,209,34920,36920,36420,36440,36620
27147,115,209,37120,38970,38620,38640,38670
27148,115,209,47110,49110,48610,48630,48810
27149,115,209,54830,56670,56330,56350,56370
27150,115,209,64830,66820,66330,66350,66520
27151,115,209,73530,75540,75030,75050,75240
27152,115,209,113340,115340,114840,114860,115040
27153,115,209,126020,128020,127520,127540,127720
27154,115,209,127670,129670,129170,129190,129370
27155,115,209,144640,146750,146140,146160,146450
27156,115,209,146310,148310,147810,147830,148010
27157,115,209,147210,149210,148710,148730,148910
27158,115,209,148080,149960,149580,149600,149660
27159,115,209,152160,154170,153660,153680,153870
27160,115,209,153650,155640,155150,155170,155340
27161,115,209,155800,157720,157300,157320,157420
27162,115,209,157670,159600,159170,159190,159300
27163,115,215,33150,35050,34650,34670,34750
27164,115,215,42210,44180,43710,43730,43880
27165,115,219,38560,40560,40060,40080,40260
27166,115,219,41610,43610,43110,43130,43310
27167,115,231,38910,40910,40410,40430,40610
27168,115,231,40050,42040,41550,41570,41740
27169,115,231,48660,50560,50160,50180,50260
27170,115,231,67220,69220,68720,68740,68920
27171,115,231,68510,70450,70010,70030,70150
27172,115,231,70960,72800,72460,72480,72500
27173,115,231,76650,78650,78150,78170,78350
27174,115,231,78150,80160,79650,79670,79860
27175,115,231,85880,87880,87380,87400,87580
27176,115,231,87130,89130,88630,88650,88830
27177,115,231,87160,92860,88660,92550,92560
27178,115,231,93300,95300,94800,94820,95000
27179,115,231,97230,99350,98730,98750,99050
27180,115,231,98130,100130,99630,99660,99830
27181,115,231,99860,101860,101360,101380,101560
27182,115,231,103920,105930,105420,105440,105630
27183,115,231,125850,127810,127350,127370,127510
27184,115,231,129940,131940,131440,131460,131640
27185,115,231,130960,132920,132460,132480,132620
27186,115,231,136200,138200,137700,137720,137900
27187,115,231,138820,140770,140320,140340,140470
27188,115,231,140420,142420,141920,141940,142120
27189,115,231,141640,143570,143140,143160,143270
27190,115,231,150000,152000,151500,151520,151700
27191,115,231,151100,153110,152600,152620,152810
27192,115,231,158570,160570,160070,160090,160270
27193,115,231,160510,162440,162010,162030,162140
27194,115,231,170400,172400,171900,171920,172100
27195,115,231,172240,174230,173740,173760,173930
27196,115,231,174920,176920,176420,176440,176620
27197,115,231,180500,182510,182000,182020,182210
27198,115,231,186640,188640,188140,188160,188340
27199,115,231,190530,192540,192030,192050,192240
27200,115,231,206910,208910,208410,208430,208610
27201,115,231,226140,228140,227640,227660,227840
27202,115,233,46520,48510,48020,48040,48210
27203,115,233,53810,55810,55310,55330,55510
27204,115,233,55160,57040,56660,56680,56740
27205,115,233,59480,61470,60980,61000,61170
27206,115,233,62950,64960,64450,64470,64660
27207,115,233,71340,73340,72840,72860,73040
27208,115,233,105230,107240,106730,106750,106940
27209,115,233,106350,108490,107850,107870,108190
27210,115,233,110960,112960,112460,112480,112660
27211,115,233,114290,116250,115790,115810,115950
27212,115,233,116380,118380,117880,117900,118080
27213,115,233,122060,124070,123560,123580,123770
27214,115,233,127210,129210,128710,128730,128910
27215,115,233,128470,130710,129970,129990,130410
27216,115,233,132860,134860,134360,134380,134560
27217,115,233,133650,135660,135150,135170,135360
27218,115,233,146640,148640,148140,148160,148340
27219,115,233,148660,150660,150160,150180,150360
27220,115,233,149930,151930,151430,151450,151630
27221,115,233,150880,152880,152380,152400,152580
27222,115,233,153080,155080,154580,154600,154780
27223,115,233,154260,156260,155760,155780,155960
27224,115,233,159990,161990,161490,161510,161690
27225,115,233,161200,163150,162700,162720,162850
27226,115,233,165500,167510,167000,167020,167210
27227,115,233,170320,172330,171820,171840,172030
27228,115,233,170980,172980,172480,172500,172680
27229,115,233,189920,191940,191420,191440,191640
27230,115,233,191420,193430,192920,192940,193130
27231,115,233,223930,225890,225430,225450,225590
27232,115,233,230340,232350,231840,231860,232050
27233,115,233,231450,233370,232950,232970,233070
27234,115,237,44260,46270,45760,45780,45970
27235,115,237,47270,49270,48770,48790,48970
27236,115,237,48300,50270,49800,49830,49970
27237,115,237,59580,61580,61080,61100,61280
27238,115,237,77690,79810,79190,79210,79510
27239,115,237,78740,80850,80240,80260,80550
27240,115,237,80640,82640,82140,82160,82340
27241,115,237,81240,83230,82740,82760,82930
27242,115,237,82180,84190,83680,83700,83890
27243,115,237,85120,87120,86620,86640,86820
27244,115,237,88610,90610,90110,90130,90310
27245,115,237,91250,93130,92750,92770,92830
27246,115,237,101870,103870,103370,103390,103570
27247,115,237,103240,105310,104740,104760,105010
27248,115,237,108800,110800,110300,110320,110500
27249,115,237,112710,114670,114210,114230,114370
27250,115,237,116050,118060,117550,117570,117760
27251,115,237,121910,123910,123410,123430,123610
27252,115,237,124410,126270,125910,125930,125970
27253,115,237,128990,130960,130490,130510,130660
27254,115,237,131250,133260,132750,132770,132960
27255,115,237,132440,134440,133940,133960,134140
27256,115,237,136360,138370,137860,137880,138070
27257,115,237,142210,144210,143710,143730,143910
27258,115,237,143810,145810,145310,145330,145510
27259,115,237,145010,147010,146510,146530,146710
27260,115,237,150320,152320,151820,151840,152020
27261,115,237,151820,153830,153320,153340,153530
27262,115,237,164310,166310,165810,165830,166010
27263,115,237,165610,167620,167110,167140,167320
27264,115,237,169480,171520,170980,171000,171220
27265,115,237,170620,172620,172120,172140,172320
27266,115,237,171730,173730,173230,173250,173430
27267,115,237,173390,175400,174890,174910,175100
27268,115,237,175490,177490,176990,177010,177190
27269,115,237,184740,186740,186240,186270,186440
27270,115,237,187540,189540,189040,189060,189240
27271,115,237,188440,190400,189940,189970,190100
27272,115,237,190930,192930,192430,192450,192630
27273,115,237,193030,195030,194530,194550,194730
27274,115,237,195550,197550,197050,197070,197250
27275,115,237,196510,198520,198010,198030,198220
27276,115,237,199510,201520,201010,201030,201220
27277,115,237,229460,231410,230960,230980,231110
27278,115,240,54530,56530,56030,56050,56230
27279,115,240,56200,58200,57700,57720,57900
27280,115,240,65340,67330,66840,66860,67030
27281,115,240,70870,72870,72370,72390,72570
27282,115,240,85900,87900,87400,87420,87600
27283,115,241,11320,13320,12820,12840,13020
27284,115,241,12890,14890,14390,14410,14590
27285,115,241,15360,17370,16860,16880,17070
27286,115,241,16890,18890,18390,18410,18590
27287,115,241,18790,20790,20290,20310,20490
27288,115,241,29830,31830,31330,31350,31530
27289,115,241,31200,33670,32700,32720,33370
27290,115,241,34980,36990,36480,36500,36690
27291,115,241,41550,43550,43050,43070,43250
27292,115,241,42640,44640,44140,44160,44340
27293,115,241,43990,46000,45490,45510,45700
27294,115,241,51760,53750,53260,53280,53450
27295,115,241,57000,59010,58500,58530,58710
27296,115,241,57980,59990,59480,59510,59690
27297,115,241,69590,71600,71090,71110,71300
27298,115,241,70670,72590,72170,72190,72290
27299,115,241,76570,78570,78070,78090,78270
27300,115,241,80450,82460,81950,81970,82160
27301,115,241,88730,90660,90230,90250,90360
27302,115,241,90420,92410,91920,91940,92110
27303,115,241,100510,102510,102010,102030,102210
27304,115,241,109400,111400,110900,110920,111100
27305,115,241,111840,113840,113340,113360,113540
27306,115,241,123540,125540,125040,125060,125240
27307,115,241,127910,129950,129410,129430,129650
27308,115,241,129380,131340,130880,130900,131040
27309,115,241,130200,132210,131700,131720,131910
27310,115,241,131680,133680,133180,133200,133380
27311,115,241,138560,140390,140060,140080,140090
27312,115,241,147930,149850,149430,149450,149550
27313,115,246,63530,65470,65030,65050,65170
27314,115,246,66260,68260,67760,67780,67960
27315,115,246,67730,69690,69230,69250,69390
27316,115,246,69600,71600,71100,71120,71300
27317,115,246,86080,88000,87580,87600,87700
27318,115,246,89700,91660,91200,91220,91360
27319,115,246,90690,92700,92190,92210,92400
27320,115,246,94090,96090,95590,95610,95790
27321,115,246,101570,103480,103070,103090,103180
27322,115,246,105140,106970,106640,106660,106670
27323,115,246,108540,110530,110040,110060,110230
27324,115,246,109970,111970,111470,111490,111670
27325,115,246,112900,114910,114400,114420,114610
27326,115,246,115140,117150,116640,116660,116850
27327,115,246,118830,120790,120330,120350,120490
27328,115,246,125010,127010,126510,126530,126710
27329,115,246,127350,129360,128850,128870,129060
27330,115,246,136510,138510,138010,138030,138210
27331,115,246,140670,142670,142170,142190,142370
27332,115,246,149000,150940,150500,150530,150640
27333,115,246,156500,158500,158000,158020,158200
27334,115,246,157780,159780,159280,159300,159480
27335,115,246,168740,170740,170240,170260,170440
27336,115,246,170800,172800,172300,172320,172500
27337,115,246,172250,174170,173750,173770,173870
27338,115,246,174140,176150,175640,175660,175850
27339,115,246,180950,182950,182450,182470,182650
27340,115,246,183560,185560,185060,185080,185260
27341,115,246,187280,189240,188780,188800,188940
27342,115,246,187800,189900,189300,189320,189600
27343,115,246,189310,191300,190810,190830,191000
27344,115,246,202540,204540,204040,204060,204240
27345,115,246,209900,211850,211400,211420,211550
27346,115,246,213130,215130,214630,214650,214830
27347,115,246,221990,223990,223490,223510,223690
27348,115,246,224600,226600,226100,226120,226300
27349,115,246,226570,228570,228070,228090,228270
27350,115,246,231430,233440,232930,232950,233140
27351,115,246,239200,241200,240700,240720,240900
27352,115,246,240300,242310,241800,241820,242010
27353,115,246,245850,247870,247350,247370,247570
27354,115,246,253170,255180,254670,254690,254880
27355,115,249,50030,52040,51530,51550,51740
27356,115,249,52320,54320,53820,53840,54020
27357,115,249,53940,55950,55440,55460,55650
27358,115,249,55450,57450,56950,56970,57150
27359,115,249,58280,60280,59780,59800,59980
27360,115,249,59720,61640,61220,61240,61340
27361,115,249,60940,62950,62440,62460,62650
27362,115,249,63810,65800,65310,65330,65500
27363,115,249,72800,74800,74300,74320,74500
27364,115,249,75410,77420,76910,76940,77120
27365,115,249,80290,82300,81790,81810,82000
27366,115,249,82410,84410,83910,83930,84110
27367,115,249,90430,92430,91930,91950,92130
27368,115,249,98520,100520,100020,100040,100220
27369,115,249,99210,101220,100710,100730,100920
27370,115,249,108710,110720,110210,110230,110420
27371,115,249,110800,112760,112300,112320,112460
27372,115,249,125600,127600,127100,127120,127300
27373,115,249,128090,130090,129590,129610,129790
27374,115,249,138200,140200,139700,139720,139900
27375,115,249,144090,146090,145590,145610,145790
27376,115,249,153700,155700,155200,155220,155400
27377,115,249,166360,168310,167860,167880,168010
27378,115,249,168800,170800,170300,170320,170500
27379,115,249,173740,175800,175240,175260,175500
27380,115,249,176110,178200,177610,177630,177900
27381,115,249,196140,198140,197640,197660,197840
27382,115,249,197040,199050,198540,198570,198750
27383,115,249,215370,217420,216870,216890,217120
27384,115,249,223990,225990,225490,225510,225690
27385,115,249,225170,227260,226670,226690,226960
27386,115,249,230330,232340,231830,231850,232040
27387,115,249,232290,234290,233790,233810,233990
27388,115,249,234660,236660,236160,236180,236360
27389,115,249,237620,239620,239120,239140,239320
27390,115,249,240710,242710,242210,242240,242410
27391,115,249,247470,249310,248970,248990,249010
27392,115,249,276910,278910,278410,278430,278610
27393,115,249,278050,280050,279550,279570,279750
27394,115,251,44520,46530,46020,46040,46230
27395,115,254,19290,21120,20790,20810,20820
27396,115,254,20250,22210,21750,21770,21910
27397,115,254,26320,28340,27820,27840,28040
27398,115,254,31190,33480,32690,32710,33180
27399,115,254,34210,36060,35710,35730,35760
27400,115,254,36030,37910,37530,37550,37610
27401,115,254,56680,58680,58180,58200,58380
27402,115,254,66400,68230,67900,67920,67930
27403,115,254,68820,70940,70320,70340,70640
27404,115,254,90720,92750,92220,92240,92450
27405,115,254,92840,94840,94340,94360,94540
27406,115,254,94280,96110,95780,95800,95810
27407,115,254,95620,97460,97120,97140,97160
27408,115,254,105130,106960,106630,106650,106660
27409,115,254,111100,113110,112600,112620,112810
27410,115,254,114900,116900,116400,116420,116600
27411,115,254,119250,121260,120750,120770,120960
27412,115,254,121610,123610,123110,123130,123310
27413,115,254,125980,127980,127480,127500,127680
27414,115,254,127200,129200,128700,128720,128900
27415,115,254,133040,135170,134540,134560,134870
27416,115,254,134760,136760,136260,136280,136460
27417,115,254,141490,143490,142990,143010,143190
27418,115,254,143920,145930,145420,145440,145630
27419,115,254,146040,148040,147540,147560,147740
27420,115,254,148190,150330,149690,149710,150030
27421,115,256,156650,158660,158150,158170,158360
27422,115,256,163830,165830,165330,165350,165530
27423,115,256,163860,166990,165360,166680,166690
27424,115,256,172740,174740,174240,174260,174440
27425,115,256,182020,184030,183520,183550,183730
27426,115,256,182060,187970,183560,187660,187670
27427,115,256,186170,188180,187670,187690,187880
27428,115,256,200820,202820,202320,202340,202520
27429,115,256,221940,223940,223440,223460,223640
27430,115,256,229070,231070,230570,230590,230770
27431,115,256,232080,233950,233580,233600,233650
27432,115,256,240940,242880,242440,242460,242580
27433,115,256,248740,250750,250240,250260,250450
27434,115,256,260120,262220,261620,261640,261920
27435,115,256,263180,265190,264680,264700,264890
27436,115,256,298770,300730,300270,300290,300430
27437,115,256,301770,303710,303270,303290,303410
27438,115,256,303490,305450,304990,305010,305150
27439,115,256,306700,308700,308200,308220,308400
27440,115,256,307940,309930,309440,309460,309630
27441,115,256,310630,312630,312130,312150,312330
27442,115,256,325700,327700,327200,327220,327400
27443,115,256,331150,333160,332650,332670,332860
27444,115,256,332740,334740,334240,334260,334440
27445,115,256,334840,336740,336340,336360,336440
27446,115,256,337400,339360,338900,338920,339060
27447,115,256,343650,345650,345150,345170,345350
27448,115,256,343680,347120,345180,346810,346820
27449,115,256,345320,347420,346820,346840,347120
27450,115,256,362510,364520,364010,364030,364220
27451,115,256,363730,365730,365230,365250,365430
27452,115,256,369870,371880,371370,371390,371580
27453,115,256,370750,372750,372250,372270,372450
27454,115,256,377110,379220,378610,378630,378920
27455,115,256,378050,380260,379550,379580,379960
27456,115,256,383070,385070,384570,384590,384770
27457,115,256,385340,387350,386840,386860,387050
27458,115,256,388990,391000,390490,390510,390700
27459,115,256,392840,394840,394340,394360,394540
27460,115,256,409750,411750,411250,411270,411450
27461,115,256,414780,416780,416280,416300,416480
27462,115,256,418430,420440,419930,419950,420140
27463,115,256,427080,429090,428580,428610,428790
27464,115,256,431120,433130,432620,432640,432830
27465,115,256,434340,436350,435840,435860,436050
27466,115,256,447310,449390,448810,448830,449090
27467,115,256,453090,455110,454590,454610,454810
27468,115,256,460190,462190,461690,461710,461890
27469,115,256,467020,469020,468520,468540,468720
27470,115,256,470280,472280,471780,471800,471980
27471,115,256,482370,484280,483870,483890,483980
27472,115,256,482930,484940,484430,484450,484640
27473,115,256,494000,496000,495500,495520,495700
27474,115,256,503010,505020,504510,504530,504720
27475,115,256,530860,532860,532360,532380,532560
27476,115,256,534060,536050,535560,535580,535750
27477,115,256,534090,543110,535590,542800,542810
27478,115,256,541310,543190,542810,542830,542890
27479,115,256,542210,544220,543710,543730,543920
27480,115,256,547320,549250,548820,548840,548950
27481,115,256,549250,551250,550750,550770,550950
27482,115,256,554930,556850,556430,556450,556550
27483,115,256,564610,566610,566110,566130,566310
27484,115,256,576320,578320,577820,577840,578020
27485,115,256,583230,585240,584730,584750,584940
27486,115,256,615120,617130,616620,616650,616830
27487,115,256,618340,620340,619840,619860,620040
27488,115,256,640290,642290,641790,641810,641990
27489,115,256,642770,644810,644270,644290,644510
27490,115,256,660240,662240,661740,661760,661940
27491,115,256,662170,664100,663670,663690,663800
27492,115,256,666730,668740,668230,668250,668440
27493,115,256,670190,672280,671690,671710,671980
27494,115,256,670220,675220,671720,674910,674920
27495,115,256,673420,675420,674920,674940,675120
27496,115,256,678970,680970,680470,680490,680670
27497,115,256,685300,687300,686800,686820,687000
27498,115,256,687060,689120,688560,688580,688820
27499,115,256,690480,692460,691980,692000,692160
27500,115,256,691430,693410,692930,692950,693110
27501,115,256,693770,695770,695270,695290,695470
27502,115,256,695650,697610,697150,697170,697310
27503,115,256,716390,718390,717890,717910,718090
27504,115,256,717300,719320,718800,718820,719020
27505,115,256,719580,721590,721080,721100,721290
27506,115,256,721490,723410,722990,723020,723110
27507,115,256,722230,724230,723730,723750,723930
27508,115,256,723730,725730,725230,725250,725430
27509,115,256,728450,730460,729950,729970,730160
27510,115,256,730930,732940,732430,732450,732640
27511,115,256,730960,734670,732460,734360,734370
27512,115,256,732870,734870,734370,734390,734570
27513,115,256,737090,739010,738590,738610,738710
27514,115,256,740650,742780,742150,742180,742480
27515,115,256,740690,751720,742190,751410,751420
27516,115,256,749920,751920,751420,751440,751620
27517,115,256,753460,755460,754960,754980,755160
27518,115,256,757940,759940,759440,759460,759640
27519,115,256,759320,761320,760820,760840,761020
27520,115,256,763370,765370,764870,764890,765070
27521,115,256,763400,766420,764900,766110,766120
27522,115,256,764620,766620,766120,766140,766320
27523,115,256,768170,770170,769670,769690,769870
27524,115,256,771030,773030,772530,772550,772730
27525,115,256,777180,779180,778680,778700,778880
27526,115,256,779470,781470,780970,780990,781170
27527,115,256,779500,787680,781000,787370,787380
27528,115,256,785880,787890,787380,787400,787590
27529,115,256,789260,791260,790760,790780,790960
27530,115,256,794570,796570,796070,796090,796270
27531,115,256,800570,802580,802070,802100,802280
27532,115,256,800610,817160,802110,816850,816860
27533,115,256,815360,817370,816860,816880,817070
27534,115,256,816490,818450,817990,818010,818150
27535,115,256,819790,821790,821290,821310,821490
27536,115,256,821210,823190,822710,822730,822890
27537,115,256,833770,835780,835270,835290,835480
27538,115,256,836480,838580,837980,838000,838280
27539,115,256,840150,842150,841650,841670,841850
27540,115,256,841630,843560,843130,843150,843260
27541,115,257,25770,27760,27270,27290,27460
27542,115,257,26890,28830,28390,28410,28530
27543,115,257,29220,31260,30720,30740,30960
27544,115,257,30570,32580,32070,32090,32280
27545,115,257,40200,42240,41700,41720,41940
27546,115,257,45480,47550,46980,47000,47250
27547,115,257,50460,52290,51960,51980,51990
27548,115,257,55820,57820,57320,57340,57520
27549,115,257,80560,82560,82060,82080,82260
27550,115,257,103200,105220,104700,104720,104920
27551,115,257,104160,106170,105660,105680,105870
27552,115,257,110320,112320,111820,111840,112020
27553,115,257,111720,113830,113220,113240,113530
27554,115,257,118430,120560,119930,119950,120260
27555,115,257,120730,122730,122230,122250,122430
27556,115,257,123840,125840,125340,125360,125540
27557,115,257,127630,129640,129130,129150,129340
27558,115,257,129380,131380,130880,130900,131080
27559,115,257,130280,132280,131780,131800,131980
27560,115,257,135330,137460,136830,136850,137160
27561,115,257,151800,153920,153300,153320,153620
27562,115,257,154400,156520,155900,155920,156220
27563,115,257,157500,159620,159000,159020,159320
27564,115,257,158890,161030,160390,160410,160730
27565,115,257,162320,164320,163820,163840,164020
27566,115,257,163070,165070,164570,164590,164770
27567,115,257,164320,166440,165820,165840,166140
27568,115,257,167710,169720,169210,169230,169420
27569,115,257,171890,173890,173390,173410,173590
27570,115,257,192140,194210,193640,193660,193910
27571,115,257,194880,197090,196380,196400,196790
27572,115,257,205200,207200,206700,206720,206900
27573,115,257,206080,208350,207580,207600,208050
27574,115,257,209180,211180,210680,210700,210880
27575,115,257,230250,232270,231750,231770,231970
27576,115,257,235670,237680,237170,237190,237380
27577,115,257,239200,241200,240700,240720,240900
27578,115,257,247510,249550,249010,249030,249250
27579,115,257,254440,256510,255940,255960,256210
27580,115,257,263130,264970,264630,264650,264670
27581,115,257,269650,271720,271150,271170,271420
27582,115,257,273070,275140,274570,274590,274840
27583,115,257,274770,276890,276270,276290,276590
27584,115,257,277910,279900,279410,279430,279600
27585,115,257,278640,280650,280140,280160,280350
27586,115,257,279780,281860,281280,281300,281560
27587,115,257,280990,283290,282490,282510,282990
27588,115,257,307420,309430,308920,308940,309130
27589,115,257,312220,314220,313720,313740,313920
27590,115,257,315560,317560,317060,317080,317260
27591,115,257,335580,337580,337080,337100,337280
27592,115,257,337030,339030,338530,338550,338730
27593,115,257,341620,343470,343120,343140,343170
27594,115,257,342700,344640,344200,344220,344340
27595,115,257,370670,372630,372170,372190,372330
27596,115,257,392280,394200,393780,393800,393900
27597,115,257,404520,406540,406020,406040,406240
27598,115,257,405950,407900,407450,407470,407600
27599,115,257,410220,412220,411720,411740,411920
27600,115,257,426530,428530,428030,428050,428230
27601,115,257,460680,462760,462180,462200,462460
27602,115,257,474090,476130,475590,475610,475830
27603,115,257,492800,494730,494300,494320,494430
27604,115,264,318830,320820,320330,320350,320520
27605,115,264,331970,333970,333470,333490,333670
27606,115,264,334310,336290,335810,335830,335990
27607,115,264,365960,367960,367460,367480,367660
27608,115,264,370780,373110,372280,372300,372810
27609,115,264,380750,382710,382250,382270,382410
27610,115,264,384020,386020,385520,385540,385720
27611,115,266,29510,31790,31010,31030,31490
27612,115,266,34100,35930,35600,35620,35630
27613,115,266,38260,40490,39760,39780,40190
27614,115,266,40220,42220,41720,41740,41920
27615,115,266,120390,122390,121890,121910,122090
27616,115,266,127920,129880,129420,129440,129580
27617,115,266,133900,135920,135400,135420,135620
27618,115,266,138810,140940,140310,140330,140640
27619,115,266,152490,154910,153990,154010,154610
27620,115,266,162520,164520,164020,164040,164220
27621,115,266,167470,169470,168970,168990,169170
27622,115,266,204990,206990,206490,206510,206690
27623,115,266,206910,209020,208410,208430,208720
27624,115,266,223270,225100,224770,224790,224800
27625,115,266,224840,227070,226340,226360,226770
27626,115,266,236320,238270,237820,237840,237970
27627,115,266,238970,240980,240470,240500,240680
27628,115,266,288170,290010,289670,289690,289710
27629,115,266,291790,293810,293290,293310,293510
27630,115,266,296250,298250,297750,297770,297950
27631,115,266,300710,302580,302210,302230,302280
27632,115,266,301720,303620,303220,303240,303320
27633,115,266,303480,305480,304980,305000,305180
27634,115,266,304520,306490,306020,306040,306190
27635,115,266,305520,307520,307020,307040,307220
27636,115,266,306750,308750,308250,308270,308450
27637,115,266,308710,310790,310210,310230,310490
27638,115,266,315850,317850,317350,317370,317550
27639,115,266,318490,320580,319990,320010,320280
27640,115,266,321370,323370,322870,322890,323070
27641,115,266,330560,332680,332060,332080,332380
27642,115,266,332480,334330,333980,334000,334030
27643,115,266,340850,342840,342350,342380,342540
27644,115,266,347360,349370,348860,348880,349070
27645,115,266,348860,350870,350360,350380,350570
27646,115,266,350530,352530,352030,352050,352230
27647,115,266,362130,364310,363630,363650,364010
27648,115,266,364150,366150,365650,365670,365850
27649,115,266,366660,368660,368160,368180,368360
27650,115,266,367510,369340,369010,369030,369040
27651,115,266,374760,376760,376260,376280,376460
27652,115,266,379070,381070,380570,380590,380770
27653,115,266,386340,388340,387840,387860,388040
27654,115,266,387800,389810,389300,389320,389510
27655,115,266,395020,397020,396520,396540,396720
27656,115,266,401310,403310,402810,402830,403010
27657,115,266,403500,405510,405000,405020,405210
27658,115,266,406110,408110,407610,407630,407810
27659,115,266,411450,413460,412950,412970,413160
27660,115,266,412010,414030,413510,413530,413730
27661,115,266,416910,418920,418410,418430,418620
27662,115,266,421870,423890,423370,423390,423590
27663,115,266,422950,425070,424450,424470,424770
27664,115,266,425580,427510,427080,427100,427210
27665,115,266,428120,429950,429620,429640,429650
27666,115,266,433260,435160,434760,434780,434860
27667,115,266,433770,435750,435270,435290,435450
27668,115,266,435050,437050,436550,436570,436750
27669,115,266,448000,450000,449500,449520,449700
27670,115,266,449660,451660,451160,451180,451360
27671,115,266,454520,456490,456020,456040,456190
27672,115,266,460930,462930,462430,462450,462630
27673,115,266,465560,467540,467060,467080,467240
27674,115,266,467880,469890,469380,469400,469590
27675,115,266,471820,473830,473320,473340,473530
27676,115,266,493220,495230,494720,494740,494930
27677,115,266,509430,511360,510930,510950,511060
27678,115,266,514910,516910,516410,516430,516610
27679,115,266,515630,517560,517130,517150,517260
27680,115,266,545690,547690,547190,547210,547390
27681,115,266,556470,558450,557970,557990,558150
27682,115,266,557410,559410,558910,558930,559110
27683,115,266,563160,565120,564660,564680,564820
27684,115,266,571560,573680,573060,573080,573380
27685,115,266,574360,576280,575860,575880,575980
27686,115,266,580230,582230,581730,581750,581930
27687,115,266,584680,586530,586180,586200,586230
27688,115,266,587310,589310,588810,588830,589010
27689,115,266,588420,590380,589920,589940,590080
27690,115,266,591740,593760,593240,593260,593460
27691,115,266,596430,598550,597930,597950,598250
27692,115,266,611360,613360,612860,612880,613060
27693,115,266,623600,625600,625100,625120,625300
27694,115,266,632160,634020,633660,633680,633720
27695,115,267,43350,45350,44850,44870,45050
27696,115,267,52370,54380,53870,53890,54080
27697,115,267,75160,77160,76660,76680,76860
27698,115,267,77340,79350,78840,78860,79050
27699,115,267,90300,92130,91800,91820,91830
27700,115,267,92090,94050,93590,93610,93750
27701,115,267,95650,97650,97150,97170,97350
27702,115,267,98800,100690,100300,100320,100390
27703,115,267,103400,105400,104900,104920,105100
27704,115,267,103900,105790,105400,105420,105490
27705,115,267,108100,110110,109600,109630,109810
27706,115,267,113110,115080,114610,114630,114780
27707,115,267,115860,117860,117360,117380,117560
27708,115,267,120490,122440,121990,122010,122140
27709,115,267,135770,137770,137270,137290,137470
27710,115,267,136890,138870,138390,138410,138570
27711,115,267,137950,139970,139450,139470,139670
27712,115,267,141140,143140,142640,142660,142840
27713,115,267,149930,151940,151430,151450,151640
27714,115,267,153830,155830,155330,155350,155530
27715,115,267,157880,159880,159380,159400,159580
27716,115,267,160010,162010,161510,161530,161710
27717,115,267,165080,167090,166580,166600,166790
27718,115,267,167330,169330,168830,168850,169030
27719,115,267,174160,176170,175660,175680,175870
27720,115,267,181770,183780,183270,183300,183480
27721,115,267,188260,190270,189760,189780,189970
27722,115,267,190190,192190,191690,191710,191890
27723,115,267,194610,196610,196110,196130,196310
27724,115,267,196370,198340,197870,197890,198040
27725,115,267,200830,202730,202330,202350,202430
27726,115,267,203150,205120,204650,204670,204820
27727,115,267,212800,214800,214300,214320,214500
27728,115,267,214680,216620,216180,216200,216320
27729,115,267,226080,228090,227580,227600,227790
27730,115,267,228970,230980,230470,230500,230680
27731,115,267,237360,239200,238860,238880,238900
27732,115,267,239970,241980,241470,241500,241680
27733,115,267,246130,247970,247630,247650,247670
27734,115,267,248540,250540,250040,250060,250240
27735,115,267,255840,257690,257340,257360,257390
27736,115,267,261250,263180,262750,262770,262880
27737,115,267,272300,274310,273800,273820,274010
27738,115,267,275740,277790,277240,277260,277490
27739,115,267,277510,279510,279010,279030,279210
27740,115,267,279460,281460,280960,280980,281160
27741,115,267,284360,286300,285860,285880,286000
27742,115,267,286020,287960,287520,287540,287660
27743,115,267,287980,289950,289480,289500,289650
27744,115,267,304490,306490,305990,306010,306190
27745,115,267,306300,308300,307800,307820,308000
27746,115,267,311330,313340,312830,312850,313040
27747,115,267,314270,316270,315770,315790,315970
27748,115,267,317890,319890,319390,319410,319590
27749,115,267,332010,333850,333510,333530,333550
27750,115,267,336160,338110,337660,337680,337810
27751,115,267,352570,354400,354070,354090,354100
27752,115,267,354940,356940,356440,356460,356640
27753,115,267,362330,364330,363830,363850,364030
27754,115,267,363970,365970,365470,365490,365670
27755,115,267,365880,367880,367380,367400,367580
27756,115,267,367200,369200,368700,368720,368900
27757,115,267,402590,404560,404090,404120,404260
27758,115,267,404400,406410,405900,405920,406110
27759,115,267,405490,407460,406990,407010,407160
27760,115,267,407100,409030,408600,408620,408730
27761,115,267,415320,417330,416820,416840,417030
27762,115,267,417670,419670,419170,419190,419370
27763,115,267,427560,429560,429060,429080,429260
27764,115,267,431860,433860,433360,433380,433560
27765,115,267,433970,435880,435470,435490,435580
27766,115,267,480960,482910,482460,482480,482610
27767,115,267,498800,500780,500300,500320,500480
27768,115,267,503570,505570,505070,505090,505270
27769,115,267,505580,507580,507080,507100,507280
27770,115,267,506100,508040,507600,507620,507740
27771,115,273,26860,28870,28360,28380,28570
27772,115,273,43010,45010,44510,44530,44710
27773,115,273,45820,47820,47320,47340,47520
27774,115,273,46340,48330,47840,47870,48030
27775,115,273,48630,50630,50130,50150,50330
27776,115,273,48660,55990,50160,55680,55690
27777,115,273,54190,56230,55690,55710,55930
27778,115,273,56280,58280,57780,57800,57980
27779,115,273,57240,59240,58740,58760,58940
27780,115,273,60320,62320,61820,61840,62020
27781,115,273,61730,63730,63230,63250,63430
27782,115,273,64030,66030,65530,65550,65730
27783,115,273,90890,92890,92390,92410,92590
27784,115,273,124790,126800,126290,126310,126500
27785,115,273,126140,128290,127640,127660,127990
27786,115,273,128640,130700,130140,130160,130400
27787,115,273,129950,131980,131450,131480,131680
27788,115,273,132030,133860,133530,133550,133560
27789,115,273,138120,140210,139620,139640,139910
27790,115,273,140060,142060,141560,141580,141760
27791,115,273,142290,144200,143790,143810,143900
27792,115,273,144330,146170,145830,145860,145870
27793,115,274,43380,45380,44880,44900,45080
27794,115,274,45640,47770,47140,47160,47470
27795,115,274,48890,50900,50390,50410,50600
27796,115,274,51990,53990,53490,53510,53690
27797,115,274,53280,55410,54780,54800,55110
27798,115,274,78060,80060,79560,79580,79760
27799,115,274,86410,88360,87910,87930,88060
27800,115,274,91410,93410,92910,92930,93110
27801,115,274,102450,104460,103950,103970,104160
27802,115,274,105840,107840,107340,107360,107540
27803,115,274,109390,111400,110890,110910,111100
27804,115,274,114610,116620,116110,116130,116320
27805,115,274,117330,119260,118830,118850,118960
27806,115,274,126650,128660,128150,128170,128360
27807,115,283,60320,62320,61820,61840,62020
27808,115,283,61180,63140,62680,62700,62840
27809,115,283,77810,79810,79310,79330,79510
27810,115,283,98770,100780,100270,100290,100480
27811,115,283,102930,104930,104430,104450,104630
27812,115,283,104130,106050,105630,105650,105750
27813,115,284,13980,15980,15480,15500,15680
27814,115,284,16600,18810,18100,18120,18510
27815,115,286,57910,59910,59410,59430,59610
27816,115,286,60010,62020,61510,61530,61720
27817,115,286,61050,63060,62550,62570,62760
27818,115,286,63930,65930,65430,65450,65630
27819,115,286,85380,87300,86880,86900,87000
27820,115,286,87850,89900,89350,89370,89600
27821,115,286,88570,90540,90070,90090,90240
27822,115,286,90630,92630,92130,92150,92330
27823,115,286,91560,93560,93060,93080,93260
27824,115,286,93910,95910,95410,95430,95610
27825,115,286,100520,102490,102020,102040,102190
27826,115,286,101910,103910,103410,103430,103610
27827,115,286,102780,104790,104280,104310,104490
27828,115,286,113040,115040,114540,114560,114740
27829,115,286,114820,116840,116320,116340,116540
27830,115,286,115770,117770,117270,117290,117470
27831,115,286,119320,121340,120820,120840,121040
27832,115,286,121880,123880,123380,123400,123580
27833,115,286,123370,125340,124870,124890,125040
27834,115,286,127700,129700,129200,129220,129400
27835,115,286,129320,131210,130820,130840,130910
27836,115,286,133160,135140,134660,134680,134840
27837,115,286,134100,136220,135600,135620,135920
27838,115,286,136670,138680,138170,138190,138380
27839,115,287,48260,50260,49760,49780,49960
27840,115,287,49560,51680,51060,51080,51380
27841,115,287,53970,55930,55470,55490,55630
27842,115,287,56210,58040,57710,57730,57740
27843,115,287,57380,59380,58880,58900,59080
27844,115,287,58940,60950,60440,60470,60650
27845,115,287,60760,62590,62260,62280,62290
27846,115,287,62630,64640,64130,64150,64340
27847,115,287,86740,88660,88240,88260,88360
27848,115,287,87800,89800,89300,89320,89500
27849,115,287,97270,99100,98770,98790,98800
27850,115,287,99610,101610,101110,101130,101310
27851,115,287,102250,104260,103750,103770,103960
27852,115,287,103360,105360,104860,104880,105060
27853,115,287,110940,113050,112440,112460,112750
27854,115,287,123890,125890,125390,125410,125590
27855,115,287,131440,133270,132940,132960,132970
27856,115,287,146020,148030,147520,147540,147730
27857,115,287,150110,152110,151610,151630,151810
27858,115,287,158170,160080,159670,159690,159780
27859,115,287,159730,161740,161230,161250,161440
27860,115,287,164250,166260,165750,165780,165960
27861,115,287,167980,169980,169480,169500,169680
27862,115,287,173330,175170,174830,174850,174870
27863,115,287,175370,177370,176870,176890,177070
27864,115,287,186460,188470,187960,187980,188170
27865,115,287,187400,189400,188900,188920,189100
27866,115,287,194380,196380,195880,195900,196080
27867,115,287,204390,206420,205890,205910,206120
27868,115,287,209600,211610,211100,211120,211310
27869,115,287,220000,221920,221500,221520,221620
27870,115,287,224380,226390,225880,225910,226090
27871,115,287,226830,228830,228330,228350,228530
27872,115,287,228550,230380,230050,230070,230080
27873,115,287,233120,235120,234620,234640,234820
27874,115,291,57360,59310,58860,58880,59010
27875,115,291,60280,62280,61780,61800,61980
27876,115,291,61210,63210,62710,62730,62910
27877,115,291,64430,66440,65930,65950,66140
27878,115,291,67120,69030,68620,68640,68730
27879,115,291,69800,71800,71300,71320,71500
27880,115,292,20450,22460,21950,21970,22160
27881,115,292,21340,23350,22840,22860,23050
27882,115,292,25350,27350,26850,26870,27050
27883,115,292,28610,30580,30110,30140,30280
27884,115,292,36680,38680,38180,38200,38380
27885,115,292,49660,51660,51160,51180,51360
27886,115,292,51340,53340,52840,52860,53040
27887,115,292,63280,65280,64780,64800,64980
27888,115,292,66080,68080,67580,67600,67780
27889,115,292,67610,69610,69110,69130,69310
27890,115,292,88430,90420,89930,89950,90120
27891,115,292,90460,92580,91960,91990,92280
27892,115,292,92170,94090,93670,93690,93790
27893,115,292,96270,98270,97770,97790,97970
27894,115,292,99630,101640,101130,101150,101340
27895,115,292,102560,104560,104060,104080,104260
27896,115,292,109780,111780,111280,111300,111480
27897,115,292,113510,115520,115010,115030,115220
27898,115,292,118640,120650,120140,120160,120350
27899,115,292,120460,122450,121960,121980,122150
27900,115,292,123530,125530,125030,125050,125230
27901,115,292,124950,126950,126450,126470,126650
27902,115,292,129030,131040,130530,130550,130740
27903,115,297,41580,43590,43080,43110,43290
27904,115,297,43210,45170,44710,44730,44870
27905,115,297,54580,56600,56080,56100,56300
27906,115,297,57630,59590,59130,59150,59290
27907,115,297,61140,63140,62640,62660,62840
27908,115,297,62760,64760,64260,64280,64460
27909,115,297,66230,68230,67730,67750,67930
27910,115,297,69970,71970,71470,71490,71670
27911,115,297,73370,75380,74870,74900,75080
27912,115,297,74480,76480,75980,76000,76180
27913,115,297,77470,79480,78970,78990,79180
27914,115,297,79560,81560,81060,81080,81260
27915,115,297,81000,83000,82500,82520,82700
27916,115,297,82990,85000,84490,84510,84700
27917,115,298,10910,12910,12410,12430,12610
27918,115,298,12220,14070,13720,13740,13770
27919,115,298,16320,18320,17820,17840,18020
27920,115,298,23660,25660,25160,25180,25360
27921,115,298,28660,30670,30160,30190,30370
27922,115,298,35530,37540,37030,37050,37240
27923,115,298,38720,40730,40220,40250,40430
27924,115,298,41080,43350,42580,42600,43050
27925,115,298,48810,50820,50310,50330,50520
27926,115,298,50590,52700,52090,52120,52400
27927,115,298,59500,61500,61000,61020,61200
27928,115,298,66260,68300,67760,67780,68000
27929,115,298,73020,75020,74520,74540,74720
27930,115,298,78090,80120,79590,79610,79820
27931,115,298,94270,96280,95770,95800,95980
27932,115,298,101090,103090,102590,102610,102790
27933,115,298,108000,110010,109500,109520,109710
27934,115,298,112290,114210,113790,113810,113910
27935,115,298,119520,121530,121020,121040,121230
27936,115,298,123750,125750,125250,125270,125450
27937,115,298,124810,126810,126310,126330,126510
27938,115,298,129280,131220,130780,130800,130920
27939,115,298,136280,138280,137780,137800,137980
27940,115,298,138410,140390,139910,139930,140090
27941,115,298,144020,146020,145520,145540,145720
27942,115,298,146340,148260,147840,147860,147960
27943,115,298,153890,155890,155390,155410,155590
27944,116,1,51450,53450,52950,52970,53150
27945,116,1,53080,55080,54580,54600,54780
27946,116,1,54270,56320,55770,55790,56020
27947,116,1,58650,60640,60150,60170,60340
27948,116,1,59840,61760,61340,61360,61460
27949,116,1,63010,65010,64510,64530,64710
27950,116,1,81620,83550,83120,83140,83250
27951,116,4,45600,47680,47100,47120,47380
27952,116,4,46990,48820,48490,48510,48520
27953,116,4,49450,51410,50950,50970,51110
27954,116,4,52520,54600,54020,54040,54300
27955,116,4,52550,54820,54050,54510,54520
27956,116,4,53020,54980,54520,54540,54680
27957,116,4,59930,61980,61430,61450,61680
27958,116,4,61030,63030,62530,62550,62730
27959,116,4,65340,67370,66840,66860,67070
27960,116,4,69760,71670,71260,71280,71370
27961,116,4,85270,87320,86770,86790,87020
27962,116,4,85790,87790,87290,87310,87490
27963,116,4,87800,89800,89300,89320,89500
27964,116,4,87830,90100,89330,89790,89800
27965,116,4,88300,90170,89800,89820,89870
27966,116,4,96090,98030,97590,97610,97730
27967,116,4,98150,100260,99650,99670,99960
27968,116,4,99730,101730,101230,101250,101430
27969,116,4,103810,105780,105310,105330,105480
27970,116,9,9620,11630,11120,11140,11330
27971,116,9,10200,12060,11700,11720,11760
27972,116,9,13490,15490,14990,15010,15190
27973,116,9,23940,25950,25440,25460,25650
27974,116,9,39030,40910,40530,40550,40610
27975,116,9,62720,64720,64220,64240,64420
27976,116,9,71470,73430,72970,72990,73130
27977,116,9,72420,74410,73920,73940,74110
27978,116,9,84550,86590,86050,86070,86290
27979,116,9,85880,87860,87380,87400,87560
27980,116,14,85020,87030,86520,86540,86730
27981,116,14,92780,94990,94280,94300,94690
27982,116,14,97450,99390,98950,98970,99090
27983,116,14,110200,112570,111700,111720,112270
27984,116,14,117520,119440,119020,119040,119140
27985,116,14,124550,126520,126050,126070,126220
27986,116,14,125530,127640,127030,127050,127340
27987,116,14,132170,134180,133670,133690,133880
27988,116,21,33220,35220,34720,34740,34920
27989,116,21,40460,42470,41960,41980,42170
27990,116,21,64460,66460,65960,65980,66160
27991,116,21,96610,98610,98110,98130,98310
27992,116,21,101290,103170,102790,102810,102870
27993,116,22,33390,35400,34890,34910,35100
27994,116,22,34580,36590,36080,36100,36290
27995,116,22,94670,96680,96170,96190,96380
27996,116,22,101050,103050,102550,102570,102750
27997,116,29,89820,91820,91320,91340,91520
27998,116,29,94310,96370,95810,95830,96070
27999,116,29,95990,98030,97490,97510,97730
28000,116,29,97770,99730,99270,99290,99430
28001,116,29,103990,106000,105490,105510,105700
28002,116,29,109130,111140,110630,110650,110840
28003,116,29,130790,132770,132290,132310,132470
28004,116,29,135510,137510,137010,137030,137210
28005,116,29,136010,137980,137510,137530,137680
28006,116,34,47530,49610,49030,49050,49310
28007,116,34,48120,50140,49620,49640,49840
28008,116,34,57910,60150,59410,59440,59850
28009,116,34,62340,64350,63840,63860,64050
28010,116,34,64480,66530,65980,66000,66230
28011,116,45,70330,72170,71830,71850,71870
28012,116,45,94000,95850,95500,95520,95550
28013,116,45,94500,96540,96000,96020,96240
28014,116,45,105170,107180,106670,106690,106880
28015,116,45,166920,168930,168420,168450,168630
28016,116,45,167430,169300,168930,168950,169000
28017,116,45,167930,169760,169430,169450,169460
28018,116,48,17700,19680,19200,19220,19380
28019,116,48,32630,34460,34130,34150,34160
28020,116,48,52800,54760,54300,54320,54460
28021,116,48,63230,65230,64730,64750,64930
28022,116,48,66710,68710,68210,68230,68410
28023,116,55,64880,66880,66380,66400,66580
28024,116,65,30460,32460,31960,31980,32160
28025,116,65,43150,45010,44650,44670,44710
28026,116,66,111060,113070,112560,112580,112770
28027,116,73,91710,93710,93210,93230,93410
28028,116,73,111150,113090,112650,112670,112790
28029,116,73,121280,123280,122780,122800,122980
28030,116,73,123080,125190,124580,124600,124890
28031,116,73,127590,129600,129090,129110,129300
28032,116,73,141550,143560,143050,143070,143260
28033,116,73,144970,146800,146470,146490,146500
28034,116,73,159790,161790,161290,161310,161490
28035,116,73,162240,164220,163740,163760,163920
28036,116,73,163130,165140,164630,164650,164840
28037,116,73,164020,166020,165520,165540,165720
28038,116,73,168870,170980,170370,170390,170680
28039,116,73,174610,176450,176110,176130,176150
28040,116,73,178470,180540,179970,179990,180240
28041,116,73,179240,181250,180740,180760,180950
28042,116,76,63130,65220,64630,64650,64920
28043,116,76,68730,70600,70230,70250,70300
28044,116,76,70940,72950,72440,72460,72650
28045,116,76,74390,76380,75890,75910,76080
28046,116,76,105470,107450,106970,106990,107150
28047,116,76,106300,108290,107800,107820,107990
28048,116,76,111990,113890,113490,113510,113590
28049,116,86,136600,138430,138100,138120,138130
28050,116,86,193490,195560,194990,195010,195260
28051,116,86,198370,200370,199870,199890,200070
28052,116,86,213260,215280,214760,214780,214980
28053,116,86,215010,216930,216510,216530,216630
28054,116,86,225590,227440,227090,227110,227140
28055,116,86,228930,230940,230430,230450,230640
28056,116,90,63220,65230,64720,64740,64930
28057,116,90,74820,76820,76320,76340,76520
28058,116,90,86530,88620,88030,88050,88320
28059,116,90,88390,90440,89890,89910,90140
28060,116,90,89190,91110,90690,90710,90810
28061,116,90,94410,96360,95910,95930,96060
28062,116,90,121680,123800,123180,123200,123500
28063,116,90,137490,139490,138990,139010,139190
28064,116,90,139480,141510,140980,141000,141210
28065,116,117,57830,59800,59330,59350,59500
28066,116,117,87310,89360,88810,88830,89060
28067,116,117,89810,91810,91310,91330,91510
28068,116,118,105350,107330,106850,106870,107030
28069,116,123,43110,45240,44610,44630,44940
28070,116,123,44930,46880,46430,46450,46580
28071,116,131,53970,56020,55470,55490,55720
28072,116,131,65180,67180,66680,66700,66880
28073,116,131,77980,79990,79480,79500,79690
28074,116,131,79720,81800,81220,81240,81500
28075,116,131,82660,84660,84160,84180,84360
28076,116,131,105000,107110,106500,106520,106810
28077,116,131,125840,127840,127340,127360,127540
28078,116,131,132100,134060,133600,133620,133760
28079,116,131,133770,135730,135270,135290,135430
28080,116,131,137340,139350,138840,138860,139050
28081,116,131,138540,140540,140040,140060,140240
28082,116,131,140380,142480,141880,141900,142180
28083,116,131,143780,145790,145280,145300,145490
28084,116,131,229800,231800,231300,231320,231500
28085,116,131,233860,235760,235360,235380,235460
28086,116,131,235580,237590,237080,237100,237290
28087,116,131,364040,365990,365540,365560,365690
28088,116,131,364760,366820,366260,366280,366520
28089,116,131,365990,367820,367490,367510,367520
28090,116,131,386600,388530,388100,388120,388230
28091,116,131,402770,404770,404270,404290,404470
28092,116,131,406380,408300,407880,407900,408000
28093,116,131,419460,421530,420960,420980,421230
28094,116,131,420230,422060,421730,421750,421760
28095,116,131,470050,472050,471550,471570,471750
28096,116,131,631100,633100,632600,632620,632800
28097,116,134,39080,41090,40580,40600,40790
28098,116,134,41950,43940,43450,43470,43640
28099,116,134,42730,44840,44230,44250,44540
28100,116,134,47800,49800,49300,49320,49500
28101,116,134,49640,51710,51140,51160,51410
28102,116,134,53710,55820,55210,55230,55520
28103,116,134,60430,62440,61930,61950,62140
28104,116,134,63420,65420,64920,64940,65120
28105,116,134,67710,69780,69210,69230,69480
28106,116,134,69390,71370,70890,70910,71070
28107,116,134,82620,84620,84120,84140,84320
28108,116,134,233770,235690,235270,235290,235390
28109,116,134,239930,241930,241430,241450,241630
28110,116,137,59120,61130,60620,60640,60830
28111,116,137,63430,65430,64930,64950,65130
28112,116,137,71700,73740,73200,73220,73440
28113,116,137,103040,105000,104540,104560,104700
28114,116,139,55150,57150,56650,56670,56850
28115,116,139,65390,67220,66890,66910,66920
28116,116,139,69590,71510,71090,71110,71210
28117,116,144,67430,69430,68930,68950,69130
28118,116,144,75470,77510,76970,76990,77210
28119,116,144,75500,77770,77000,77460,77470
28120,116,144,75970,77960,77470,77490,77660
28121,116,144,77520,79650,79020,79040,79350
28122,116,144,79530,81530,81030,81050,81230
28123,116,144,89220,91230,90720,90740,90930
28124,116,144,97590,99590,99090,99110,99290
28125,116,144,99590,101690,101090,101110,101390
28126,116,144,103300,105290,104800,104820,104990
28127,116,144,109900,111900,111400,111420,111600
28128,116,144,126240,128230,127740,127760,127930
28129,116,144,147640,149650,149140,149160,149350
28130,116,144,148140,150140,149640,149660,149840
28131,116,149,31060,32990,32560,32580,32690
28132,116,150,134120,136030,135620,135640,135730
28133,116,150,134940,136890,136440,136460,136590
28134,116,151,92680,94700,94180,94200,94400
28135,116,151,108570,110770,110070,110090,110470
28136,116,151,112080,114080,113580,113600,113780
28137,116,151,122140,124140,123640,123660,123840
28138,116,151,136520,138520,138020,138040,138220
28139,116,155,63850,65970,65350,65370,65670
28140,116,158,55130,57130,56630,56650,56830
28141,116,158,70650,72570,72150,72170,72270
28142,116,159,6250,8250,7750,7770,7950
28143,116,159,15620,17540,17120,17140,17240
28144,116,159,24540,26570,26040,26060,26270
28145,116,159,66880,68740,68380,68400,68440
28146,116,159,80190,82190,81690,81710,81890
28147,116,159,114310,116310,115810,115830,116010
28148,116,159,153290,155400,154790,154810,155100
28149,116,159,174500,176500,176000,176020,176200
28150,116,159,182380,184210,183880,183900,183910
28151,116,159,183760,185760,185260,185280,185460
28152,116,159,184760,186640,186260,186280,186340
28153,116,159,189700,191760,191200,191220,191460
28154,116,159,320390,322390,321890,321910,322090
28155,116,160,94360,96440,95860,95880,96140
28156,116,160,140100,142030,141600,141620,141730
28157,116,160,140130,142410,141630,142100,142110
28158,116,160,140610,142590,142110,142130,142290
28159,116,165,41650,43700,43150,43170,43400
28160,116,167,52680,54770,54180,54200,54470
28161,116,167,73000,75010,74500,74530,74710
28162,116,167,75300,77310,76800,76820,77010
28163,116,167,76530,78420,78030,78050,78120
28164,116,167,77240,79240,78740,78760,78940
28165,116,167,80780,82630,82280,82300,82330
28166,116,167,82920,84800,84420,84440,84500
28167,116,167,107510,109450,109010,109030,109150
28168,116,167,111030,112970,112530,112550,112670
28169,116,169,88380,90210,89880,89900,89910
28170,116,173,34540,36590,36040,36060,36290
28171,116,173,39010,41010,40510,40530,40710
28172,116,174,80050,82110,81550,81570,81810
28173,116,177,45450,47430,46950,46970,47130
28174,116,177,58540,60470,60040,60060,60170
28175,116,177,62880,64720,64380,64400,64420
28176,116,178,23890,25910,25390,25410,25610
28177,116,178,55730,57570,57230,57250,57270
28178,116,178,56810,58920,58310,58330,58620
28179,116,181,102040,104160,103540,103560,103860
28180,116,181,106480,108500,107980,108000,108200
28181,116,188,140510,142380,142010,142030,142080
28182,116,188,197990,199870,199490,199510,199570
28183,116,188,256910,258800,258410,258430,258500
28184,116,188,257640,259480,259140,259160,259180
28185,116,188,258260,260090,259760,259780,259790
28186,116,188,258290,260570,259790,260260,260270
28187,116,188,258770,260680,260270,260290,260380
28188,116,188,259330,261290,260830,260850,260990
28189,116,188,263360,266420,264860,266110,266120
28190,116,188,264620,266540,266120,266140,266240
28191,116,188,265560,267450,267060,267080,267150
28192,116,188,266350,268180,267850,267870,267880
28193,116,190,19720,21550,21220,21240,21250
28194,116,190,42510,44510,44010,44030,44210
28195,116,190,43680,45680,45180,45200,45380
28196,116,190,66640,68470,68140,68160,68170
28197,116,190,71060,73060,72560,72590,72760
28198,116,190,99660,101500,101160,101180,101200
28199,116,190,105910,107910,107410,107430,107610
28200,116,190,114280,116280,115780,115800,115980
28201,116,190,208160,210130,209660,209680,209830
28202,116,190,209810,211660,211310,211330,211360
28203,116,190,212000,213980,213500,213520,213680
28204,116,191,56320,58320,57820,57840,58020
28205,116,191,79340,81340,80840,80860,81040
28206,116,191,88600,90760,90100,90120,90460
28207,116,191,89470,91470,90970,90990,91170
28208,116,191,108540,110550,110040,110060,110250
28209,116,191,125200,127310,126700,126720,127010
28210,116,195,48920,50930,50420,50440,50630
28211,116,195,49430,51260,50930,50950,50960
28212,116,197,89000,91110,90500,90520,90810
28213,116,197,89770,91790,91270,91290,91490
28214,116,197,95490,97480,96990,97010,97180
28215,116,197,101680,103690,103180,103200,103390
28216,116,197,105050,107120,106550,106570,106820
28217,116,197,106640,108640,108140,108160,108340
28218,116,200,120230,122170,121730,121750,121870
28219,116,201,51710,53720,53210,53240,53420
28220,116,201,120840,122820,122340,122360,122520
28221,116,201,126890,128830,128390,128410,128530
28222,116,203,103780,105670,105280,105300,105370
28223,116,203,112050,114010,113550,113570,113710
28224,116,203,113980,115990,115480,115500,115690
28225,116,203,115200,117200,116700,116720,116900
28226,116,203,116490,118590,117990,118010,118290
28227,116,203,117970,119980,119470,119490,119680
28228,116,203,118760,120740,120260,120280,120440
28229,116,203,126220,128220,127720,127740,127920
28230,116,203,133910,135750,135410,135430,135450
28231,116,208,62930,65030,64430,64450,64730
28232,116,208,108680,110680,110180,110200,110380
28233,116,208,111730,113720,113230,113250,113420
28234,116,208,116600,118570,118100,118120,118270
28235,116,209,91490,93480,92990,93010,93180
28236,116,209,91520,93800,93020,93490,93500
28237,116,209,92000,93950,93500,93520,93650
28238,116,209,96200,98210,97700,97720,97910
28239,116,209,98830,100830,100330,100350,100530
28240,116,209,114880,116830,116380,116400,116530
28241,116,209,115430,117440,116930,116950,117140
28242,116,209,115460,118480,116960,118170,118180
28243,116,209,116680,118640,118180,118200,118340
28244,116,224,36250,38260,37750,37770,37960
28245,116,228,24290,26280,25790,25810,25980
28246,116,228,54780,57190,56280,56300,56890
28247,116,228,59650,61490,61150,61170,61190
28248,116,228,67110,69110,68610,68630,68810
28249,116,228,75570,77520,77070,77090,77220
28250,116,228,91230,93200,92730,92750,92900
28251,116,228,92560,94980,94060,94080,94680
28252,116,228,93360,95370,94860,94880,95070
28253,116,228,96390,98320,97890,97910,98020
28254,116,230,97190,99170,98690,98710,98870
28255,116,230,115520,117630,117020,117040,117330
28256,116,230,125940,127860,127440,127460,127560
28257,116,230,128710,130750,130210,130240,130450
28258,116,230,141940,143940,143440,143460,143640
28259,116,230,155760,157730,157260,157280,157430
28260,116,230,157130,159130,158630,158650,158830
28261,116,230,175330,177290,176830,176850,176990
28262,116,230,183870,185880,185370,185390,185580
28263,116,234,55460,57460,56960,56980,57160
28264,116,234,57420,59430,58920,58940,59130
28265,116,234,63170,65170,64670,64690,64870
28266,116,234,64480,66450,65980,66000,66150
28267,116,234,77050,78970,78550,78570,78670
28268,116,234,80740,82740,82240,82260,82440
28269,116,234,84670,86620,86170,86190,86320
28270,116,234,92070,94080,93570,93590,93780
28271,116,234,108580,110540,110080,110100,110240
28272,116,235,86120,88120,87620,87640,87820
28273,116,235,91950,93820,93450,93470,93520
28274,116,235,99830,101840,101330,101350,101540
28275,116,235,100870,102870,102370,102390,102570
28276,116,235,102830,104890,104330,104360,104590
28277,116,235,105850,107850,107350,107370,107550
28278,116,236,97920,99840,99420,99440,99540
28279,116,236,98420,100260,99920,99940,99960
28280,116,238,26720,28640,28220,28240,28340
28281,116,238,37190,39310,38690,38710,39010
28282,116,239,41360,43360,42860,42880,43060
28283,116,239,45540,47550,47040,47060,47250
28284,116,239,62540,64640,64040,64060,64340
28285,116,240,71100,73110,72600,72620,72810
28286,116,240,74740,76740,76240,76260,76440
28287,116,240,85070,87070,86570,86590,86770
28288,116,240,95840,97850,97340,97360,97550
28289,116,240,101610,103620,103110,103130,103320
28290,116,240,108710,110690,110210,110230,110390
28291,116,240,118700,120700,120200,120220,120400
28292,116,240,136080,138080,137580,137600,137780
28293,116,240,136110,138380,137610,138070,138080
28294,116,240,136580,138470,138080,138100,138170
28295,116,240,138400,140410,139900,139920,140110
28296,116,242,48250,50250,49750,49770,49950
28297,116,242,61990,64040,63490,63510,63740
28298,116,242,73530,75520,75030,75050,75220
28299,116,242,83800,85800,85300,85320,85500
28300,116,242,83830,87890,85330,87580,87590
28301,116,242,86090,88080,87590,87610,87780
28302,116,242,90640,92640,92140,92160,92340
28303,116,242,91710,93680,93210,93230,93380
28304,116,242,92860,94860,94360,94390,94560
28305,116,242,98680,100510,100180,100200,100210
28306,116,242,103440,105380,104940,104960,105080
28307,116,242,114200,116200,115700,115720,115900
28308,116,242,114700,116550,116200,116220,116250
28309,116,242,123710,125720,125210,125230,125420
28310,116,242,125530,127600,127030,127050,127300
28311,116,242,128530,130370,130030,130050,130070
28312,116,242,130250,132260,131750,131770,131960
28313,116,242,133780,135810,135280,135300,135510
28314,116,242,138140,140170,139640,139670,139870
28315,116,242,139460,141590,140960,140980,141290
28316,116,242,140960,142960,142460,142480,142660
28317,116,243,91910,93910,93410,93430,93610
28318,116,243,126570,128700,128070,128090,128400
28319,116,243,128790,130730,130290,130310,130430
28320,116,243,138140,140130,139640,139660,139830
28321,116,243,145970,147980,147470,147490,147680
28322,116,252,91760,93760,93260,93280,93460
28323,116,252,97130,99190,98630,98650,98890
28324,116,252,119360,121360,120860,120880,121060
28325,116,252,127640,129650,129140,129160,129350
28326,116,252,131850,133910,133350,133370,133610
28327,116,252,133630,135630,135130,135150,135330
28328,116,252,158610,160970,160110,160130,160670
28329,116,252,159340,161340,160840,160860,161040
28330,116,253,71550,73560,73050,73070,73260
28331,116,253,90650,92650,92150,92170,92350
28332,116,253,92570,94410,94070,94090,94110
28333,116,253,95280,97280,96780,96800,96980
28334,116,253,106020,108020,107520,107540,107720
28335,116,253,144820,146790,146320,146340,146490
28336,116,253,161790,163880,163290,163310,163580
28337,116,253,162310,164320,163810,163830,164020
28338,116,262,72510,74510,74010,74030,74210
28339,116,262,93470,95420,94970,94990,95120
28340,116,262,99000,100930,100500,100520,100630
28341,116,262,102500,104500,104000,104020,104200
28342,116,262,104460,106390,105960,105980,106090
28343,116,263,54180,56260,55680,55700,55960
28344,116,263,56700,58700,58200,58220,58400
28345,116,263,119730,121730,121230,121250,121430
28346,116,263,141450,143390,142950,142970,143090
28347,116,263,143060,145070,144560,144580,144770
28348,116,263,143570,145540,145070,145090,145240
28349,116,263,144070,146070,145570,145590,145770
28350,116,278,126310,128310,127810,127830,128010
28351,116,278,128060,130010,129560,129580,129710
28352,116,279,96000,97900,97500,97520,97600
28353,116,279,98150,100150,99650,99670,99850
28354,116,279,108250,110250,109750,109770,109950
28355,116,279,109050,111170,110550,110570,110870
28356,116,279,115800,117800,117300,117320,117500
28357,116,279,117740,119750,119240,119270,119450
28358,116,279,120120,122170,121620,121640,121870
28359,116,279,123090,124930,124590,124610,124630
28360,116,279,126770,129100,128270,128290,128800
28361,116,279,129130,131130,130630,130650,130830
28362,116,279,131130,133250,132630,132660,132950
28363,116,279,154450,156370,155950,155970,156070
28364,116,279,155010,157010,156510,156530,156710
28365,116,284,45220,47200,46720,46740,46900
28366,116,284,48660,50670,50160,50180,50370
28367,116,289,54840,56940,56340,56360,56640
28368,116,289,92630,94640,94130,94150,94340
28369,116,289,98730,100740,100230,100250,100440
28370,116,289,102600,104600,104100,104120,104300
28371,116,289,104760,106810,106260,106280,106510
28372,116,292,97700,99740,99200,99220,99440
28373,116,292,100080,102060,101580,101600,101760
28374,116,292,103620,105720,105120,105140,105420
28375,116,292,104980,106990,106480,106500,106690
28376,116,292,110560,112570,112060,112080,112270
28377,116,292,126480,128540,127980,128000,128240
28378,116,297,153790,155790,155290,155310,155490
28379,116,297,160560,162560,162060,162080,162260
28380,116,297,162830,164830,164330,164350,164530
28381,116,297,202330,204320,203830,203850,204020
28382,116,299,27720,29730,29220,29240,29430
28383,116,299,86490,88490,87990,88010,88190
28384,116,299,99280,101250,100780,100800,100950
28385,116,299,105110,107110,106610,106630,106810
28386,116,299,108770,110760,110270,110290,110460
28387,116,299,109680,111680,111180,111200,111380
28388,116,300,106020,107950,107520,107540,107650
28389,116,300,108190,110250,109690,109710,109950
28390,116,300,109940,111780,111440,111460,111480
28391,116,302,119720,121670,121220,121240,121370
28392,116,302,123510,125480,125010,125030,125180
28393,116,302,132360,134240,133860,133880,133940
28394,116,302,136890,138900,138390,138410,138600
28395,116,302,138220,140170,139720,139740,139870
28396,116,302,145610,147590,147110,147130,147290
28397,116,302,193520,195520,195020,195040,195220
28398,116,302,208650,210660,210150,210170,210360
28399,117,2,53080,55080,54580,54600,54780
28400,117,2,101470,103470,102970,102990,103170
28401,117,2,120530,122540,122030,122050,122240
28402,117,2,121980,124020,123480,123500,123720
28403,117,2,124380,126310,125880,125900,126010
28404,117,2,161250,163250,162750,162770,162950
28405,117,2,163940,165940,165440,165460,165640
28406,117,2,173240,175240,174740,174760,174940
28407,117,2,177350,179300,178850,178870,179000
28408,117,2,217800,219800,219300,219320,219500
28409,117,2,282980,284880,284480,284500,284580
28410,117,71,233430,235440,234930,234950,235140
28411,117,71,250520,252410,252020,252040,252110
28412,117,160,29320,31320,30820,30840,31020
28413,117,160,37200,39210,38700,38720,38910
28414,117,160,39880,41890,41380,41400,41590
28415,117,160,51080,53070,52580,52600,52770
28416,117,160,53760,55830,55260,55280,55530
28417,117,160,56890,58900,58390,58410,58600
28418,117,160,59410,61310,60910,60930,61010
28419,117,161,66250,68370,67750,67770,68070
28420,117,161,68680,70740,70180,70200,70440
28421,117,161,85450,87300,86950,86970,87000
28422,117,214,226800,228720,228300,228320,228420
28423,117,214,267470,269430,268970,268990,269130
28424,117,214,321500,323500,323000,323020,323200
